0.003703703703703704
0.00931537598204265
0.012682379349046015
0.01847560573050769
0.024087278008846635
0.027730265258391264
0.03670170003627765
0.052308112037376564
0.05614980768235091
0.06859477012731334
0.07168118988039977
0.0772928621587387
0.08037928191182514
0.08578500492727845
0.08578500492727845
0.08831025745253097
0.090330459472733
0.090330459472733
0.090330459472733
0.090330459472733
0.09700110861650041
0.1023883140037058
0.10623000964868014
0.11160426502293551
0.12362644763335341
0.12544794125812572
0.12544794125812572
0.12544794125812572
0.13031714612733059
0.14346697688689164
0.14599222941214418
0.14599222941214418
0.14935923277914753
0.15609323951315424
0.15609323951315424
0.16161843684163027
0.17706334408981622
0.17991234693881905
0.18570557332028073
0.1885545761692836
0.1885545761692836
0.19562528323999062
0.19744677686476297
0.19744677686476297
0.20148718090516698
0.20148718090516698
0.20330867452993934
0.20689290392062032
0.22476403418326457
0.22476403418326457
0.22476403418326457
0.22476403418326457
0.22476403418326457
0.231434683327032
0.23598013787248653
0.23598013787248653
0.24267083636646372
0.25148116184345587
0.2566696588352315
0.2615388637044364
0.2694773340344207
0.2694773340344207
0.2728443374014241
0.2728443374014241
0.2728443374014241
0.2728443374014241
0.2728443374014241
0.2728443374014241
0.27668603304639844
0.28291498927535463
0.284736482900127
0.2878229026532134
0.2932101080404188
0.2932101080404188
0.2932101080404188
0.2932101080404188
0.2932101080404188
0.2932101080404188
0.2932101080404188
0.29629652779350524
0.29811802141827753
0.3040102773105334
0.30603047933073546
0.30603047933073546
0.3188306597406461
0.3208508617608482
0.327023701267021
0.333140677972233
0.33640865182844215
0.33640865182844215
0.3402503474734164
0.3464663536894227
0.3464663536894227
0.3521902594133285
0.3521902594133285
0.3521902594133285
0.36479633115918514
0.3666178247839575
0.37423254479019147
0.37423254479019147
0.38680294461549325
0.38680294461549325
0.3964550209342362
0.401324225803441
0.40334442782364305
0.40516592144841534
0.40843389530462454
0.40843389530462454
0.4146499015206308
0.4146499015206308
0.4166701035408329
0.4191953560660854
0.42636381484744734
0.4372075462794141
0.45084947753107557
0.45084947753107557
0.45084947753107557
0.4577775929291364
0.46741671923492933
0.46741671923492933
0.48594844168822043
0.4913356470754258
0.4913356470754258
0.4933558490956278
0.49620485194463065
0.498026345569403
0.498026345569403
0.5017300492731066
0.5053142786637876
0.5102221920416464
0.5102221920416464
0.5135891954086499
0.525422583048489
0.531539559753701
0.5343885626027038
0.5372375654517066
0.5372375654517066
0.5397628179769591
0.5430307918331684
0.5430307918331684
0.5450509938533704
0.5487546975570741
0.5505761911818463
0.5505761911818463
0.5552466876556217
0.5552466876556217
0.5588309170463026
0.5588309170463026
0.5588309170463026
0.5588309170463026
0.5621979204133061
0.5621979204133061
0.565782149803987
0.565782149803987
0.565782149803987
0.5678023518241891
0.5739118337401226
0.5739118337401226
0.5739118337401226
0.5739118337401226
0.5757333273648949
0.579317556755576
0.579317556755576
0.5825855306117851
0.5844070242365574
0.5844070242365574
0.5912592274834475
0.5912592274834475
0.5995083857326057
0.6015285877528077
0.6015285877528077
0.6085002653127205
0.6085002653127205
0.6105204673329226
0.6133694701819254
0.6133694701819254
0.6151909638066978
0.6172111658268997
0.6172111658268997
0.6172111658268997
0.6172111658268997
0.6172111658268997
0.6261898414722421
0.6297740708629231
0.6297740708629231
0.6333583002536041
0.6333583002536041
0.6353785022738062
0.6384649220268925
0.6384649220268925
0.6433728354047514
0.6433728354047514
0.6466408092609606
0.6486610112811626
0.6515100141301654
0.6515100141301654
0.6515100141301654
0.6515100141301654
0.6543590169791682
0.6543590169791682
0.6577260203461717
0.6577260203461717
0.6577260203461717
0.6577260203461717
0.6577260203461717
0.6595475139709439
0.6649532369863972
0.6649532369863972
0.6649532369863972
0.6649532369863972
0.6649532369863972
0.6685374663770782
0.671386469226081
0.671386469226081
0.6746544430822902
0.6746544430822902
0.6815066463291805
0.6815066463291805
0.6833281399539527
0.6833281399539527
0.6901182634107427
0.6929672662597456
0.6958162691087484
0.6958162691087484
0.6958162691087484
0.6958162691087484
0.6958162691087484
0.6986652719577512
0.7022495013484323
0.705953205052136
0.705953205052136
0.707973407072338
0.707973407072338
0.7116771107760417
0.7153808144797453
0.7153808144797453
0.7153808144797453
0.7153808144797453
0.7174010164999474
0.7192225101247197
0.7241304235025786
0.7241304235025786
0.7241304235025786
0.7273983973587878
0.7299236498840402
0.7330100696371267
0.7330100696371267
0.7330100696371267
0.7348315632618989
0.7348315632618989
0.7381985666289023
0.7381985666289023
0.7381985666289023
0.7381985666289023
0.7381985666289023
0.7415655699959056
0.7415655699959056
0.7415655699959056
0.7415655699959056
0.7444145728449085
0.7476825467011177
0.7512667760917986
0.7537920286170512
0.757495732320755
0.757495732320755
0.757495732320755
0.7600209848460074
0.7600209848460074
0.7600209848460074
0.7600209848460074
0.7600209848460074
0.7651104523269888
0.7687534395765335
0.7687534395765335
0.7687534395765335
0.7687534395765335
0.7687534395765335
0.7707736415967354
0.7725951352215078
0.7762988389252115
0.778824091450464
0.781673094299467
0.781673094299467
0.781673094299467
0.7841983468247194
0.7874663206809286
0.7903153235299314
0.7903153235299314
0.7964248054458649
0.7964248054458649
0.7995112251989513
0.7995112251989513
0.7995112251989513
0.7995112251989513
0.7995112251989513
0.7995112251989513
0.8027791990551605
0.8056282019041634
0.8056282019041634
0.8056282019041634
0.8056282019041634
0.8056282019041634
0.8056282019041634
0.8056282019041634
0.8056282019041634
0.8092124312948443
0.8117376838200969
0.8117376838200969
0.8117376838200969
0.8142629363453495
0.8142629363453495
0.8142629363453495
0.8142629363453495
0.816788188870602
0.816788188870602
0.816788188870602
0.816788188870602
0.8206298845155763
0.8237163042686627
0.8237163042686627
0.8255377978934351
0.8255377978934351
0.8280630504186876
0.8280630504186876
0.8280630504186876
0.8280630504186876
0.8280630504186876
0.8280630504186876
0.8280630504186876
0.8280630504186876
0.8280630504186876
0.8280630504186876
0.8280630504186876
0.8280630504186876
0.8280630504186876
0.8280630504186876
0.8336747226970265
0.8336747226970265
0.8336747226970265
0.8361999752222791
0.8361999752222791
0.8361999752222791
0.8382201772424811
0.8382201772424811
0.8382201772424811
0.8382201772424811
0.8382201772424811
0.8382201772424811
0.8400416708672535
0.8400416708672535
0.8400416708672535
0.8400416708672535
0.8453298467436645
0.8453298467436645
0.8453298467436645
0.8453298467436645
0.8453298467436645
0.8453298467436645
0.847855099268917
0.847855099268917
0.847855099268917
0.847855099268917
0.847855099268917
0.847855099268917
0.851439328659598
0.851439328659598
0.851439328659598
0.851439328659598
0.851439328659598
0.8548063320266013
0.8548063320266013
0.8576553348756042
0.8607417546286906
0.8607417546286906
0.8607417546286906
0.8607417546286906
0.8607417546286906
0.8644454583323944
0.8644454583323944
0.8644454583323944
0.8672944611813972
0.8672944611813972
0.8672944611813972
0.8705624350376063
0.8730876875628589
0.8730876875628589
0.8751078895830608
0.8751078895830608
0.8751078895830608
0.8769293832078333
0.8769293832078333
0.8769293832078333
0.8769293832078333
0.8769293832078333
0.8769293832078333
0.8769293832078333
0.8769293832078333
0.8769293832078333
0.8769293832078333
0.8769293832078333
0.8769293832078333
0.8769293832078333
0.8769293832078333
0.8769293832078333
0.8769293832078333
0.8769293832078333
0.8769293832078333
0.8769293832078333
0.8769293832078333
0.8769293832078333
0.8815998796816085
0.8851841090722894
0.8851841090722894
0.8872043110924914
0.8890258047172637
0.8890258047172637
0.8890258047172637
0.8890258047172637
0.8890258047172637
0.8890258047172637
0.8890258047172637
0.8890258047172637
0.8890258047172637
0.8890258047172637
0.8890258047172637
0.8890258047172637
0.8923928080842669
0.8923928080842669
0.8923928080842669
0.8923928080842669
0.8923928080842669
0.8959770374749481
0.8959770374749481
0.8959770374749481
0.8959770374749481
0.8959770374749481
0.8959770374749481
0.8959770374749481
0.8959770374749481
0.8959770374749481
0.8959770374749481
0.8959770374749481
0.8959770374749481
0.8959770374749481
0.8959770374749481
0.8959770374749481
0.8959770374749481
0.8959770374749481
0.8959770374749481
0.8977985310997205
0.8977985310997205
0.8977985310997205
0.8977985310997205
0.8977985310997205
0.8977985310997205
0.8977985310997205
0.8996200247244928
0.8996200247244928
0.8996200247244928
0.9033237284281965
0.9033237284281965
0.9033237284281965
0.9033237284281965
0.9033237284281965
0.9033237284281965
0.9033237284281965
0.9033237284281965
0.9033237284281965
0.9064101481812828
0.9064101481812828
0.9064101481812828
0.9064101481812828
0.9064101481812828
0.9064101481812828
0.9064101481812828
0.9064101481812828
0.9064101481812828
0.9064101481812828
0.9064101481812828
0.9064101481812828
0.9082316418060551
0.9114996156622642
0.9114996156622642
0.9114996156622642
0.9114996156622642
0.9114996156622642
0.9114996156622642
0.9147675895184736
0.9147675895184736
0.9233237392510938
0.9233237392510938
0.9233237392510938
0.9233237392510938
0.9251452328758661
0.9251452328758661
0.9251452328758661
0.9251452328758661
0.9251452328758661
0.9251452328758661
0.9251452328758661
0.9251452328758661
0.9251452328758661
0.9251452328758661
0.9251452328758661
0.9251452328758661
0.9251452328758661
0.9285122362428694
0.9303337298676416
0.9303337298676416
0.9303337298676416
0.9303337298676416
0.9303337298676416
0.9303337298676416
0.9303337298676416
0.9303337298676416
0.9303337298676416
0.9303337298676416
0.9303337298676416
0.9336017037238508
0.9336017037238508
0.9336017037238508
0.9336017037238508
0.9336017037238508
0.9336017037238508
0.9336017037238508
0.9336017037238508
0.9336017037238508
0.9336017037238508
0.9336017037238508
0.9336017037238508
0.9336017037238508
0.9336017037238508
0.9336017037238508
0.9336017037238508
0.9336017037238508
0.9336017037238508
0.9336017037238508
0.9336017037238508
0.9336017037238508
0.9336017037238508
0.9336017037238508
0.9336017037238508
0.9336017037238508
0.9336017037238508
0.9336017037238508
0.9373054074275545
0.9373054074275545
0.9373054074275545
0.9373054074275545
0.9373054074275545
0.9373054074275545
0.9373054074275545
0.9373054074275545
0.9373054074275545
0.9373054074275545
0.9373054074275545
0.9373054074275545
0.9393256094477567
0.9393256094477567
0.942412029200843
0.942412029200843
0.942412029200843
0.9444322312210449
0.9444322312210449
0.9444322312210449
0.9444322312210449
0.9444322312210449
0.9444322312210449
0.9444322312210449
0.9444322312210449
0.9444322312210449
0.9444322312210449
0.9462537248458174
0.9462537248458174
0.9462537248458174
0.9462537248458174
0.9462537248458174
0.9462537248458174
0.9462537248458174
0.9462537248458174
0.9506004709958423
0.9506004709958423
0.9506004709958423
0.9506004709958423
0.9506004709958423
0.9506004709958423
0.9506004709958423
0.9506004709958423
0.9506004709958423
0.9506004709958423
0.9506004709958423
0.9506004709958423
0.9506004709958423
0.9506004709958423
0.9506004709958423
0.9506004709958423
0.9506004709958423
0.9506004709958423
0.9506004709958423
0.9506004709958423
0.9506004709958423
0.9506004709958423
0.9506004709958423
0.9506004709958423
0.9506004709958423
0.9506004709958423
0.9506004709958423
0.9506004709958423
0.9506004709958423
0.9506004709958423
0.9506004709958423
0.9506004709958423
0.9506004709958423
0.9506004709958423
0.9506004709958423
0.9506004709958423
0.9506004709958423
0.9506004709958423
0.9506004709958423
0.9506004709958423
0.9506004709958423
0.9506004709958423
0.9506004709958423
0.9506004709958423
0.9506004709958423
0.9506004709958423
0.9506004709958423
0.9536868907489287
0.9536868907489287
0.9536868907489287
0.9536868907489287
0.9536868907489287
0.9536868907489287
0.9536868907489287
0.9573905944526323
0.9573905944526323
0.9573905944526323
0.9573905944526323
0.9573905944526323
0.9573905944526323
0.9573905944526323
0.9573905944526323
0.9573905944526323
0.9573905944526323
0.9573905944526323
0.9573905944526323
0.9573905944526323
0.9573905944526323
0.9573905944526323
0.9573905944526323
0.9573905944526323
0.9573905944526323
0.9573905944526323
0.9573905944526323
0.9573905944526323
0.9573905944526323
0.9573905944526323
0.9607575978196358
0.9607575978196358
0.9607575978196358
0.9607575978196358
0.9607575978196358
0.9607575978196358
0.9607575978196358
0.9607575978196358
0.9607575978196358
0.9644613015233394
0.9644613015233394
0.9644613015233394
0.9644613015233394
0.9644613015233394
0.9644613015233394
0.9644613015233394
0.9644613015233394
0.9644613015233394
0.9644613015233394
0.9644613015233394
0.9644613015233394
0.9644613015233394
0.9644613015233394
0.9644613015233394
0.9644613015233394
0.9644613015233394
0.9644613015233394
0.9644613015233394
0.9644613015233394
0.9644613015233394
0.9644613015233394
0.9644613015233394
0.9644613015233394
0.9644613015233394
0.9644613015233394
0.9644613015233394
0.9644613015233394
0.9644613015233394
0.9644613015233394
0.9644613015233394
0.9644613015233394
0.9644613015233394
0.9644613015233394
0.9644613015233394
0.9644613015233394
0.9662827951481118
0.9662827951481118
0.9662827951481118
0.9662827951481118
0.9662827951481118
0.9662827951481118
0.9662827951481118
0.9662827951481118
0.9662827951481118
0.9662827951481118
0.9662827951481118
0.9662827951481118
0.9662827951481118
0.9662827951481118
0.9662827951481118
0.9662827951481118
0.9662827951481118
0.9662827951481118
0.9662827951481118
0.9662827951481118
0.9662827951481118
0.9662827951481118
0.9662827951481118
0.9662827951481118
0.9662827951481118
0.9662827951481118
0.9662827951481118
0.968104288772884
0.968104288772884
0.9701244907930859
0.9701244907930859
0.9701244907930859
0.9701244907930859
0.9701244907930859
0.9701244907930859
0.9701244907930859
0.9701244907930859
0.9701244907930859
0.9701244907930859
0.9701244907930859
0.9701244907930859
0.9701244907930859
0.9701244907930859
0.9701244907930859
0.9701244907930859
0.9701244907930859
0.9701244907930859
0.9701244907930859
0.9701244907930859
0.9701244907930859
0.9701244907930859
0.9701244907930859
0.9701244907930859
0.9701244907930859
0.9701244907930859
0.9701244907930859
0.9701244907930859
0.9701244907930859
0.9701244907930859
0.9701244907930859
0.9701244907930859
0.9701244907930859
0.9701244907930859
0.9701244907930859
0.9701244907930859
0.9701244907930859
0.9701244907930859
0.9701244907930859
0.9701244907930859
0.9701244907930859
0.9701244907930859
0.9701244907930859
0.9701244907930859
0.9701244907930859
0.9701244907930859
0.9701244907930859
0.9719459844178585
0.9719459844178585
0.9719459844178585
0.9719459844178585
0.9719459844178585
0.9719459844178585
0.9719459844178585
0.9719459844178585
0.9719459844178585
0.9719459844178585
0.9719459844178585
0.9719459844178585
0.9719459844178585
0.9719459844178585
0.9719459844178585
0.9719459844178585
0.9719459844178585
0.9719459844178585
0.9719459844178585
0.9719459844178585
0.9719459844178585
0.9719459844178585
0.9719459844178585
0.9719459844178585
0.9719459844178585
0.9719459844178585
0.9719459844178585
0.9719459844178585
0.9719459844178585
0.9719459844178585
0.9752139582740676
0.9752139582740676
0.9752139582740676
0.9752139582740676
0.9752139582740676
0.9752139582740676
0.9752139582740676
0.9752139582740676
0.9752139582740676
0.9752139582740676
0.9777392107993202
0.9777392107993202
0.9777392107993202
0.9802644633245726
0.9802644633245726
0.9802644633245726
0.9802644633245726
0.9802644633245726
0.9802644633245726
0.9836314666915761
0.9836314666915761
0.9836314666915761
0.9836314666915761
0.9836314666915761
0.9836314666915761
0.9836314666915761
0.9836314666915761
0.9836314666915761
0.9836314666915761
0.9836314666915761
0.9836314666915761
0.9836314666915761
0.9836314666915761
0.9836314666915761
0.9836314666915761
0.9836314666915761
0.9836314666915761
0.9836314666915761
0.9836314666915761
0.9836314666915761
0.9836314666915761
0.9836314666915761
0.9836314666915761
0.9836314666915761
0.9836314666915761
0.9836314666915761
0.9836314666915761
0.9836314666915761
0.9836314666915761
0.9836314666915761
0.9836314666915761
0.9836314666915761
0.9836314666915761
0.9836314666915761
0.9836314666915761
0.9836314666915761
0.9836314666915761
0.9836314666915761
0.9836314666915761
0.9836314666915761
0.9836314666915761
0.9836314666915761
0.9836314666915761
0.9836314666915761
0.9836314666915761
0.9836314666915761
0.9836314666915761
0.9836314666915761
0.9836314666915761
0.9836314666915761
0.9836314666915761
0.9836314666915761
0.9836314666915761
0.9836314666915761
0.9836314666915761
0.9836314666915761
0.9836314666915761
0.9836314666915761
0.9836314666915761
0.9836314666915761
0.9836314666915761
0.9836314666915761
0.9836314666915761
0.9836314666915761
0.9836314666915761
0.9836314666915761
0.9836314666915761
0.9836314666915761
0.9836314666915761
0.9836314666915761
0.9836314666915761
0.9836314666915761
0.9836314666915761
0.9836314666915761
0.9836314666915761
0.9836314666915761
0.9836314666915761
0.9836314666915761
0.9836314666915761
0.9836314666915761
0.9836314666915761
0.9836314666915761
0.9836314666915761
0.9836314666915761
0.9836314666915761
0.9836314666915761
0.9836314666915761
0.9836314666915761
0.9854529603163483
0.9854529603163483
0.9854529603163483
0.9854529603163483
0.9854529603163483
0.9854529603163483
0.9854529603163483
0.9854529603163483
0.9854529603163483
0.9854529603163483
0.9891566640200521
0.9891566640200521
0.9891566640200521
0.9891566640200521
0.9891566640200521
0.9891566640200521
0.9891566640200521
0.9891566640200521
0.9891566640200521
0.9891566640200521
0.9891566640200521
0.9891566640200521
0.9891566640200521
0.9891566640200521
0.9922430837731384
0.9922430837731384
0.9922430837731384
0.9922430837731384
0.9922430837731384
0.9922430837731384
0.9922430837731384
0.9922430837731384
0.9922430837731384
0.9922430837731384
0.9922430837731384
0.9922430837731384
0.9922430837731384
0.9922430837731384
0.9922430837731384
0.9922430837731384
0.9922430837731384
0.9922430837731384
0.9922430837731384
0.9922430837731384
0.9922430837731384
0.9922430837731384
0.9922430837731384
0.9922430837731384
0.9922430837731384
0.9922430837731384
0.9922430837731384
0.9922430837731384
0.9922430837731384
0.9922430837731384
0.9922430837731384
0.9922430837731384
0.9922430837731384
0.9922430837731384
0.9922430837731384
0.9922430837731384
0.9922430837731384
0.9922430837731384
0.9922430837731384
0.9922430837731384
0.9922430837731384
0.9940645773979107
0.9940645773979107
0.9940645773979107
0.9940645773979107
0.9940645773979107
0.9940645773979107
0.9940645773979107
0.9940645773979107
0.9940645773979107
0.9940645773979107
0.9940645773979107
0.9940645773979107
0.9940645773979107
0.9940645773979107
0.9940645773979107
0.9940645773979107
0.9940645773979107
0.9940645773979107
0.9940645773979107
0.9940645773979107
0.9940645773979107
0.9940645773979107
0.9940645773979107
0.9940645773979107
0.9969135802469135
0.9969135802469135
0.9969135802469135
0.9969135802469135
0.9969135802469135
0.9969135802469135
0.9969135802469135
0.9969135802469135
0.9969135802469135
0.9969135802469135
0.9969135802469135
0.9969135802469135
0.9969135802469135
0.9969135802469135
0.9969135802469135
0.9969135802469135
0.9969135802469135
0.9969135802469135
0.9969135802469135
0.9969135802469135
0.9969135802469135
0.9969135802469135
0.9969135802469135
0.9969135802469135
0.9969135802469135
0.9969135802469135
0.9969135802469135
0.9969135802469135
0.9969135802469135
0.9969135802469135
0.9969135802469135
0.9969135802469135
0.9969135802469135
0.9969135802469135
0.9969135802469135
0.9969135802469135
0.9969135802469135
0.9969135802469135
0.9969135802469135
0.9969135802469135
1.0
1.0
