0.008601023731107422
0.03182298398175757
0.04478923291118961
0.05962685988468689
0.07345618080148442
0.08712214168910132
0.11192842405331516
0.1416607844342077
0.147367595164272
0.15418246808004804
0.16346273051133559
0.17309298051268904
0.18439306127332555
0.19140199586787532
0.213594160492572
0.2216276231184708
0.23614711222435492
0.2426988091847305
0.2547485796575434
0.26858824226407535
0.27545933425677815
0.3084152043957038
0.31610753113437456
0.3260410815521534
0.3358944756067108
0.3451134990170293
0.3550699439700214
0.35943394950335694
0.38446092950885474
0.3900392071503578
0.4032328892462818
0.4166096144291445
0.43055947269383743
0.4436636379917844
0.4489140635271745
0.47660078020772584
0.48906104025517994
0.49904151957495746
0.5085967876390581
0.5160975271291263
0.5286689412585305
0.5342521043851276
0.5616200693681802
0.565709485005837
0.5705879494504332
0.5812485448178677
0.5855377901543835
0.5902806459078328
0.5950851071047395
0.6104440291796467
0.6150050576427615
0.6188238948314226
0.6208803179404774
0.6229626456042003
0.6276042718786489
0.6296474232353014
0.6365095610775574
0.6365095610775574
0.6365095610775574
0.6439919516693495
0.6506779990530179
0.6555293351057174
0.6589690296307185
0.6625935126970598
0.666087720285822
0.6669490467285438
0.6699856182693049
0.6746028658093466
0.6802704483082649
0.6847629869301619
0.6947106689543696
0.7027569907511623
0.711271175181938
0.7121819219943242
0.7138527657704312
0.7212682863749056
0.7280405220800564
0.7359979028324927
0.7408560199221014
0.7502292973408542
0.7550079032977388
0.7571654006008671
0.7580267270435889
0.7601452033245741
0.7690035377109022
0.7710599608199569
0.7732778971748266
0.7773632844984484
0.7817497368385237
0.7817497368385237
0.7817497368385237
0.7828284854900879
0.7836639073781413
0.791614453047463
0.7964724641667906
0.7991194280605688
0.8019479579894733
0.8028228486281435
0.8080539122484337
0.8089646590608198
0.8089646590608198
0.80983954969949
0.8150581525627135
0.8158935744507669
0.817833649545053
0.8245631939933733
0.8254380846320434
0.8254380846320434
0.8267452741745271
0.8310196336384518
0.8319303804508379
0.8330091291024021
0.8382660972773607
0.8425666537394999
0.8445561492034501
0.8445561492034501
0.8483487893938968
0.8483487893938968
0.8500522668375058
0.8526733261766155
0.8576667595138248
0.8596068346081107
0.8596068346081107
0.8604422564961642
0.8631318056764921
0.864339535145091
0.8672902108079159
0.869279706271866
0.8736233125261388
0.8736233125261388
0.8765772106951775
0.8765772106951775
0.8777849401637764
0.8798808320234478
0.8824524709928931
0.8862848723775029
0.8862848723775029
0.8875920619199865
0.8885028087323728
0.8885028087323728
0.8885028087323728
0.8898099982748564
0.8945252070846199
0.8979282884867749
0.9022610308879424
0.907340753785356
0.907340753785356
0.9091195561532976
0.9091195561532976
0.9091195561532976
0.9091195561532976
0.9107903999294046
0.9116584554849602
0.9128794567059614
0.9174899751331692
0.9229552773635304
0.9229552773635304
0.9229552773635304
0.923823332919086
0.923823332919086
0.9250443341400872
0.9286807942982865
0.9295915411106728
0.930812542331674
0.930812542331674
0.930812542331674
0.930812542331674
0.9316874329703442
0.9334336016707838
0.936011969753063
0.9368473916411164
0.9381545811836001
0.9394617707260837
0.9411978818371948
0.9411978818371948
0.9431446860443147
0.945276434077702
0.945276434077702
0.945276434077702
0.9491652142086787
0.9491652142086787
0.9500759610210648
0.9509372874637866
0.9518053430193422
0.9518053430193422
0.9530130724879411
0.9530130724879411
0.9538811280434967
0.9538811280434967
0.9538811280434967
0.9538811280434967
0.9538811280434967
0.9550888575120958
0.9550888575120958
0.9550888575120958
0.9550888575120958
0.9563960470545795
0.9574747957061436
0.9574747957061436
0.9591715440369187
0.9591715440369187
0.9591715440369187
0.9604787335794024
0.9604787335794024
0.9604787335794024
0.9613536242180726
0.9613536242180726
0.9613536242180726
0.9613536242180726
0.9622149506607944
0.9643834666459998
0.9652447930887216
0.9652447930887216
0.9661061195314434
0.9661061195314434
0.9661061195314434
0.9661061195314434
0.9678781927865514
0.9678781927865514
0.9678781927865514
0.9691853823290351
0.9702641309805993
0.9702641309805993
0.9702641309805993
0.9711390216192695
0.9711390216192695
0.9711390216192695
0.9720497684316557
0.9720497684316557
0.9741388252082124
0.9753598264292136
0.9762347170678838
0.9762347170678838
0.9762347170678838
0.9783037729792046
0.9783037729792046
0.9792145197915908
0.9792145197915908
0.9792145197915908
0.9792145197915908
0.9792145197915908
0.9792145197915908
0.9792145197915908
0.9792145197915908
0.9792145197915908
0.9801252666039768
0.9801252666039768
0.9801252666039768
0.9801252666039768
0.9801252666039768
0.9809865930466987
0.9809865930466987
0.982683341377474
0.982683341377474
0.982683341377474
0.982683341377474
0.982683341377474
0.9835940881898603
0.9835940881898603
0.9848150894108615
0.9856899800495316
0.9856899800495316
0.9856899800495316
0.9856899800495316
0.9856899800495316
0.9856899800495316
0.9869109812705328
0.9878217280829189
0.9878217280829189
0.9878217280829189
0.9878217280829189
0.9878217280829189
0.9878217280829189
0.9878217280829189
0.9878217280829189
0.9878217280829189
0.9878217280829189
0.9878217280829189
0.9878217280829189
0.9878217280829189
0.9878217280829189
0.9886830545256406
0.9886830545256406
0.9895443809683625
0.9895443809683625
0.9895443809683625
0.9895443809683625
0.9895443809683625
0.9895443809683625
0.9895443809683625
0.9895443809683625
0.9895443809683625
0.9895443809683625
0.9895443809683625
0.9895443809683625
0.9904192716070326
0.9904192716070326
0.9904192716070326
0.9904192716070326
0.9904192716070326
0.9904192716070326
0.9904192716070326
0.9904192716070326
0.9904192716070326
0.9904192716070326
0.9904192716070326
0.9904192716070326
0.9912805980497544
0.9912805980497544
0.9912805980497544
0.9912805980497544
0.9912805980497544
0.9912805980497544
0.9912805980497544
0.9912805980497544
0.9912805980497544
0.9912805980497544
0.9921419244924762
0.9921419244924762
0.9921419244924762
0.9921419244924762
0.9921419244924762
0.9921419244924762
0.9934491140349598
0.9934491140349598
0.9934491140349598
0.9934491140349598
0.9934491140349598
0.9934491140349598
0.9934491140349598
0.9934491140349598
0.9934491140349598
0.9934491140349598
0.9943104404776817
0.9943104404776817
0.9943104404776817
0.9955314416986829
0.9955314416986829
0.9955314416986829
0.9955314416986829
0.9955314416986829
0.9955314416986829
0.9955314416986829
0.9955314416986829
0.9955314416986829
0.9955314416986829
0.9955314416986829
0.9955314416986829
0.9955314416986829
0.9955314416986829
0.9955314416986829
0.9955314416986829
0.9955314416986829
0.9955314416986829
0.996610190350247
0.996610190350247
0.996610190350247
0.996610190350247
0.996610190350247
0.996610190350247
0.996610190350247
0.996610190350247
0.996610190350247
0.996610190350247
0.9978179198188462
0.9978179198188462
0.9978179198188462
0.9978179198188462
0.9978179198188462
0.9978179198188462
0.9978179198188462
0.9978179198188462
0.9978179198188462
0.9978179198188462
0.9978179198188462
0.9978179198188462
0.9978179198188462
0.9978179198188462
0.9978179198188462
0.9978179198188462
0.9978179198188462
0.9978179198188462
0.9978179198188462
0.9978179198188462
0.9978179198188462
0.9978179198188462
0.9978179198188462
0.9978179198188462
0.9978179198188462
0.9978179198188462
0.9978179198188462
0.9978179198188462
0.9991251093613298
0.9991251093613298
0.9991251093613298
0.9991251093613298
0.9991251093613298
0.9991251093613298
0.9991251093613298
0.9991251093613298
0.9991251093613298
0.9991251093613298
0.9991251093613298
0.9991251093613298
0.9991251093613298
0.9991251093613298
0.9991251093613298
0.9991251093613298
0.9991251093613298
0.9991251093613298
0.9991251093613298
0.9991251093613298
0.9991251093613298
0.9991251093613298
0.9991251093613298
0.9991251093613298
0.9991251093613298
0.9991251093613298
0.9991251093613298
0.9991251093613298
0.9991251093613298
0.9991251093613298
0.9991251093613298
0.9991251093613298
0.9991251093613298
0.9991251093613298
0.9991251093613298
0.9991251093613298
0.9991251093613298
0.9991251093613298
0.9991251093613298
0.9991251093613298
0.9991251093613298
0.9991251093613298
0.9991251093613298
0.9991251093613298
0.9991251093613298
0.9991251093613298
0.9991251093613298
0.9991251093613298
0.9991251093613298
0.9991251093613298
0.9991251093613298
0.9991251093613298
0.9991251093613298
0.9991251093613298
0.9991251093613298
0.9991251093613298
0.9991251093613298
0.9991251093613298
0.9991251093613298
0.9991251093613298
0.9991251093613298
0.9991251093613298
0.9991251093613298
0.9991251093613298
0.9991251093613298
0.9991251093613298
0.9991251093613298
0.9991251093613298
0.9991251093613298
0.9991251093613298
0.9991251093613298
0.9991251093613298
0.9991251093613298
0.9991251093613298
0.9991251093613298
0.9991251093613298
0.9991251093613298
0.9991251093613298
0.9991251093613298
0.9991251093613298
0.9991251093613298
0.9991251093613298
0.9991251093613298
0.9991251093613298
0.9991251093613298
0.9991251093613298
0.9991251093613298
0.9991251093613298
0.9991251093613298
0.9991251093613298
0.9991251093613298
0.9991251093613298
0.9991251093613298
0.9991251093613298
0.9991251093613298
0.9991251093613298
0.9991251093613298
1.0
1.0
