0.10686481656836741
0.22273785078765357
0.32447646805470204
0.40692824027558666
0.41933547244608277
0.45418514829684553
0.5161200093351364
0.5758572855629721
0.5873779256152797
0.6145989046095381
0.6526916509063607
0.6964685593215546
0.7369362847209067
0.7528373600771022
0.7886206273366382
0.8346045294904983
0.8474023087509795
0.8485843418479062
0.857691122080752
0.8589831117448345
0.862852272528889
0.8692781742087631
0.8967811464940687
0.9060799320629676
0.9202592273305356
0.9346219266124037
0.9408028974852307
0.9490220315434433
0.9553441154984422
0.9579280948266076
0.9682123150529868
0.9696368164774882
0.9696368164774882
0.9736180587978094
0.9760772311029099
0.9826864265052087
0.9839490527678348
0.9839490527678348
0.9839490527678348
0.9851310858647615
0.9863131189616882
0.9877020078505772
0.9877020078505772
0.9877020078505772
0.9888840409475039
0.9902729298363927
0.9902729298363927
0.9902729298363927
0.9914549629333196
0.99391413523842
0.99391413523842
0.99391413523842
0.99391413523842
0.99391413523842
0.9950961683353466
0.9950961683353466
0.9963587945979729
0.9963587945979729
0.9963587945979729
0.9963587945979729
0.9963587945979729
0.9963587945979729
0.9963587945979729
0.9963587945979729
0.9963587945979729
0.9963587945979729
0.9963587945979729
0.9963587945979729
0.9963587945979729
0.9963587945979729
0.9963587945979729
0.9963587945979729
0.9963587945979729
0.9963587945979729
0.9963587945979729
0.9963587945979729
0.9963587945979729
0.9976359338061466
0.9976359338061466
0.9976359338061466
0.9988179669030733
0.9988179669030733
0.9988179669030733
0.9988179669030733
0.9988179669030733
0.9988179669030733
1.0
1.0
