0.10535429482797905
0.245021645021645
0.3627211969317232
0.43948507632718153
0.4732437153489785
0.5377420824789246
0.6096187438292701
0.6523733576365156
0.6783132072605756
0.7235550998708892
0.7618857750436696
0.7873509531404268
0.8439925571504517
0.8551036682615629
0.8656299840510366
0.9172248803827753
0.9216108452950557
0.9263955342902711
0.9386762360446571
0.9386762360446571
0.9421850079744815
0.9627591706539074
0.9662679425837318
0.9697767145135566
0.9697767145135566
0.9741626794258372
0.9741626794258372
0.9741626794258372
0.978548644338118
0.978548644338118
0.9929824561403509
0.9929824561403509
0.9929824561403509
0.9964912280701754
0.9964912280701754
0.9964912280701754
0.9964912280701754
0.9964912280701754
0.9964912280701754
0.9964912280701754
0.9964912280701754
0.9964912280701754
0.9964912280701754
0.9964912280701754
0.9964912280701754
0.9964912280701754
0.9964912280701754
0.9964912280701754
0.9964912280701754
0.9964912280701754
0.9964912280701754
0.9964912280701754
0.9964912280701754
0.9964912280701754
0.9964912280701754
1.0
1.0
