0.0
0.0
0.0
0.0
0.034368642945024404
0.05666048566909308
0.09160018237049404
0.09160018237049404
0.14209387789099126
0.1878783456694065
0.21478891198500585
0.26928714501360657
0.2840002832167559
0.3301852271365761
0.4387800089931284
0.4387800089931284
0.4486724817276157
0.5142620348044666
0.5159328785805735
0.5377686058912174
0.5877197912848584
0.6073102012837136
0.6082209480960998
0.635723073963796
0.6747360452109546
0.6897648782354548
0.7189619513676786
0.7331640443706056
0.7331640443706056
0.7777443428959591
0.7777443428959591
0.7777443428959591
0.8139770985333693
0.8204030324513647
0.8459461684751133
0.8528179161782243
0.8528179161782243
0.8555007362457183
0.8801036083255117
0.8883832569542732
0.8883832569542732
0.9056546807513242
0.9056546807513242
0.9073581581949333
0.9326089397678202
0.9344304333925924
0.9344304333925924
0.9353411802049787
0.93794867534814
0.93794867534814
0.9461639652643734
0.948735604233819
0.948735604233819
0.948735604233819
0.9530792104880912
0.9614196073892507
0.9692488219315689
0.9692488219315689
0.9692488219315689
0.9730481912348492
0.9730481912348492
0.9730481912348492
0.9747775732331265
0.9747775732331265
0.9756388996758483
0.9791212854576798
0.9791212854576798
0.9791212854576798
0.9809427790824521
0.9818535258948384
0.9818535258948384
0.9827642727072247
0.9827642727072247
0.9827642727072247
0.9827642727072247
0.9827642727072247
0.9845004897886166
0.987039389120279
0.987039389120279
0.987039389120279
0.987039389120279
0.987039389120279
0.987039389120279
0.987039389120279
0.987039389120279
0.987039389120279
0.987039389120279
0.9927887851368931
0.9927887851368931
0.9927887851368931
0.9936995319492793
0.9936995319492793
0.9936995319492793
0.9936995319492793
0.9936995319492793
0.9936995319492793
0.9936995319492793
0.9936995319492793
0.9982538312995604
0.9982538312995604
0.9982538312995604
0.9982538312995604
0.9982538312995604
0.9982538312995604
0.9982538312995604
0.9982538312995604
0.9982538312995604
0.9982538312995604
0.9982538312995604
0.9982538312995604
0.9982538312995604
0.9982538312995604
0.9982538312995604
0.9982538312995604
0.9982538312995604
0.9982538312995604
0.9982538312995604
0.9982538312995604
0.9982538312995604
0.9982538312995604
0.9982538312995604
0.9982538312995604
0.9982538312995604
0.9982538312995604
0.9982538312995604
0.9982538312995604
0.9982538312995604
0.9982538312995604
0.9982538312995604
0.9982538312995604
0.9982538312995604
0.9982538312995604
0.9982538312995604
0.9982538312995604
0.9982538312995604
0.9982538312995604
0.9982538312995604
0.9982538312995604
0.9982538312995604
0.9982538312995604
0.9982538312995604
0.9982538312995604
0.9982538312995604
0.9982538312995604
0.9982538312995604
0.9982538312995604
0.9982538312995604
0.9982538312995604
0.9982538312995604
0.9982538312995604
0.9982538312995604
0.9982538312995604
0.9991645781119465
0.9991645781119465
0.9991645781119465
0.9991645781119465
0.9991645781119465
0.9991645781119465
0.9991645781119465
0.9991645781119465
0.9991645781119465
0.9991645781119465
0.9991645781119465
0.9991645781119465
0.9991645781119465
0.9991645781119465
0.9991645781119465
0.9991645781119465
0.9991645781119465
0.9991645781119465
0.9991645781119465
0.9991645781119465
0.9991645781119465
0.9991645781119465
0.9991645781119465
0.9991645781119465
0.9991645781119465
0.9991645781119465
0.9991645781119465
0.9991645781119465
0.9991645781119465
0.9991645781119465
0.9991645781119465
0.9991645781119465
0.9991645781119465
0.9991645781119465
0.9991645781119465
0.9991645781119465
0.9991645781119465
0.9991645781119465
0.9991645781119465
0.9991645781119465
0.9991645781119465
0.9991645781119465
0.9991645781119465
0.9991645781119465
0.9991645781119465
0.9991645781119465
0.9991645781119465
0.9991645781119465
0.9991645781119465
0.9991645781119465
0.9991645781119465
1.0
1.0
