0.01381718059585443
0.016462683241357075
0.026879349908023743
0.03035157213024596
0.04100274618011282
0.04100274618011282
0.05924136878965047
0.06598156486808184
0.06598156486808184
0.06956579425876283
0.07694899445242055
0.0831787264886042
0.0831787264886042
0.09099765652975647
0.0936431591752591
0.0936431591752591
0.09775838551270767
0.10304939080371296
0.10304939080371296
0.11750957551479374
0.12098179773701595
0.12098179773701595
0.1279534752969288
0.13448942300934708
0.1379616452315693
0.1447018413100007
0.15198977440438538
0.15198977440438538
0.15198977440438538
0.15525774826059455
0.15525774826059455
0.15896145196429826
0.15896145196429826
0.16266515566800197
0.16593312952421113
0.16593312952421113
0.16593312952421113
0.16593312952421113
0.1695173589148921
0.1695173589148921
0.1695173589148921
0.1695173589148921
0.1695173589148921
0.1695173589148921
0.17322106261859582
0.17586656526409847
0.17957026896780215
0.1830424911900244
0.1830424911900244
0.1830424911900244
0.1830424911900244
0.1830424911900244
0.19338744956365658
0.19338744956365658
0.19338744956365658
0.19930092606536837
0.19930092606536837
0.20256889992157753
0.21342432233745748
0.21753954867490602
0.22365727354263087
0.2310404737362886
0.2310404737362886
0.2310404737362886
0.23368597638179123
0.23715819860401346
0.23715819860401346
0.23715819860401346
0.2404261724602226
0.2404261724602226
0.24412987616392634
0.24412987616392634
0.2506658238763446
0.2547810502137932
0.2547810502137932
0.2547810502137932
0.25804902407000235
0.25804902407000235
0.2650207016299152
0.2691359279673638
0.27325115430481234
0.27325115430481234
0.27325115430481234
0.27325115430481234
0.27325115430481234
0.28442283225516407
0.28442283225516407
0.28800706164584505
0.29950548817695144
0.29950548817695144
0.29950548817695144
0.30562321304467627
0.30562321304467627
0.30562321304467627
0.30562321304467627
0.30932691674838
0.30932691674838
0.3125948906045891
0.31671011694203766
0.31671011694203766
0.3236817945019505
0.3236817945019505
0.3344344826739935
0.3344344826739935
0.34117467875242485
0.34117467875242485
0.34117467875242485
0.34117467875242485
0.3448783824561286
0.3448783824561286
0.3448783824561286
0.3448783824561286
0.3448783824561286
0.3485820861598323
0.351227588805335
0.351227588805335
0.351227588805335
0.3546998110275572
0.3581720332497794
0.36144000710598856
0.3655552334434371
0.3655552334434371
0.3655552334434371
0.3690274556656593
0.3789608914055467
0.3825451207962277
0.3825451207962277
0.3825451207962277
0.3825451207962277
0.3825451207962277
0.3860173430184499
0.3860173430184499
0.3892853168746591
0.40014073929053906
0.40014073929053906
0.40014073929053906
0.40014073929053906
0.4060542157922508
0.40932218964845996
0.40932218964845996
0.42019814496885977
0.42019814496885977
0.4234661188250689
0.4304377963849817
0.4304377963849817
0.4304377963849817
0.4304377963849817
0.4304377963849817
0.4304377963849817
0.43402202577566273
0.4414052259693204
0.4414052259693204
0.44510892967302407
0.4520806072329369
0.4520806072329369
0.45472610987843953
0.4608438347461645
0.4608438347461645
0.4608438347461645
0.4608438347461645
0.4608438347461645
0.4608438347461645
0.4608438347461645
0.4608438347461645
0.46431605696838674
0.46431605696838674
0.46778827919060895
0.46778827919060895
0.46778827919060895
0.46778827919060895
0.4710562530468181
0.4747599567505218
0.478027930606731
0.4812959044629401
0.4854111308003887
0.49246758241329186
0.4957355562695011
0.5026800007139456
0.5061522229361678
0.5102674492736163
0.5102674492736163
0.5135354231298255
0.517650649467274
0.517650649467274
0.517650649467274
0.517650649467274
0.517650649467274
0.5217658758047227
0.5217658758047227
0.5258811021421712
0.5293533243643934
0.5354710492321183
0.5389432714543405
0.5425275008450215
0.5425275008450215
0.5425275008450215
0.5501149494046922
0.5501149494046922
0.5501149494046922
0.5501149494046922
0.5501149494046922
0.5501149494046922
0.5501149494046922
0.5501149494046922
0.5501149494046922
0.5527604520501949
0.5527604520501949
0.5527604520501949
0.5595211810331461
0.5595211810331461
0.5654346575348579
0.5654346575348579
0.568702631391067
0.5728178577285155
0.5728178577285155
0.5765215614322191
0.5765215614322191
0.5765215614322191
0.5765215614322191
0.5765215614322191
0.5765215614322191
0.5799937836544414
0.5799937836544414
0.5799937836544414
0.5799937836544414
0.5826392862999441
0.5861115085221663
0.5861115085221663
0.5966674154727603
0.5966674154727603
0.6034076115511916
0.6034076115511916
0.6034076115511916
0.6034076115511916
0.6034076115511916
0.6034076115511916
0.6034076115511916
0.6060531141966943
0.6093210880529034
0.6093210880529034
0.6093210880529034
0.6093210880529034
0.6127933102751256
0.6127933102751256
0.6127933102751256
0.6163775396658066
0.6163775396658066
0.6270287137156735
0.6270287137156735
0.6270287137156735
0.6367306679740793
0.6367306679740793
0.6367306679740793
0.6399986418302884
0.6399986418302884
0.6399986418302884
0.6399986418302884
0.6399986418302884
0.6399986418302884
0.6470550934431917
0.6505273156654139
0.6505273156654139
0.6505273156654139
0.6505273156654139
0.6505273156654139
0.6505273156654139
0.6541115450560949
0.6541115450560949
0.6541115450560949
0.6573795189123041
0.6573795189123041
0.6573795189123041
0.6573795189123041
0.6614947452497526
0.6649669674719748
0.6717071635504062
0.6758223898878547
0.6784678925333574
0.6784678925333574
0.6784678925333574
0.6817358663895665
0.6817358663895665
0.6817358663895665
0.6817358663895665
0.6854395700932703
0.6854395700932703
0.6889117923154925
0.6889117923154925
0.6889117923154925
0.6923840145377147
0.6923840145377147
0.6964992408751632
0.6964992408751632
0.6964992408751632
0.6964992408751632
0.6964992408751632
0.6964992408751632
0.6964992408751632
0.6964992408751632
0.6964992408751632
0.6964992408751632
0.6964992408751632
0.6964992408751632
0.6964992408751632
0.6964992408751632
0.6964992408751632
0.6964992408751632
0.6964992408751632
0.6964992408751632
0.6997672147313725
0.6997672147313725
0.6997672147313725
0.6997672147313725
0.6997672147313725
0.6997672147313725
0.6997672147313725
0.6997672147313725
0.7061164210805788
0.7102316474180275
0.7102316474180275
0.7102316474180275
0.7102316474180275
0.7102316474180275
0.7207603212531528
0.7207603212531528
0.7207603212531528
0.7207603212531528
0.7207603212531528
0.7207603212531528
0.7248755475906015
0.7248755475906015
0.7316157436690328
0.7316157436690328
0.7316157436690328
0.7316157436690328
0.7316157436690328
0.7316157436690328
0.7316157436690328
0.7316157436690328
0.7316157436690328
0.734883717525242
0.734883717525242
0.7381516913814511
0.7417359207721321
0.7458511471095807
0.7458511471095807
0.7458511471095807
0.7493233693318029
0.7558593170442212
0.7558593170442212
0.7632425172378787
0.7693602421056036
0.7693602421056036
0.7693602421056036
0.7720057447511063
0.7720057447511063
0.7720057447511063
0.7754779669733285
0.7795931933107771
0.7795931933107771
0.7795931933107771
0.7795931933107771
0.7795931933107771
0.7795931933107771
0.7795931933107771
0.7795931933107771
0.7795931933107771
0.7795931933107771
0.7795931933107771
0.7830654155329994
0.7830654155329994
0.7830654155329994
0.7830654155329994
0.7830654155329994
0.7830654155329994
0.7830654155329994
0.7863333893892085
0.7863333893892085
0.7863333893892085
0.7863333893892085
0.7904486157266573
0.7904486157266573
0.7904486157266573
0.7904486157266573
0.7904486157266573
0.7904486157266573
0.7904486157266573
0.7904486157266573
0.7904486157266573
0.7904486157266573
0.7904486157266573
0.7904486157266573
0.7904486157266573
0.7904486157266573
0.7941523194303609
0.7941523194303609
0.7941523194303609
0.7941523194303609
0.7941523194303609
0.7977365488210418
0.8018517751584903
0.8018517751584903
0.8018517751584903
0.8018517751584903
0.8044972778039929
0.8082009815076966
0.8082009815076966
0.8082009815076966
0.8082009815076966
0.8082009815076966
0.8114689553639057
0.8155841817013543
0.8155841817013543
0.8155841817013543
0.8155841817013543
0.8155841817013543
0.8155841817013543
0.8155841817013543
0.8155841817013543
0.8155841817013543
0.8155841817013543
0.8155841817013543
0.8155841817013543
0.8188521555575634
0.8223243777797857
0.8223243777797857
0.8223243777797857
0.8223243777797857
0.8259086071704667
0.8291765810266759
0.8291765810266759
0.8291765810266759
0.8291765810266759
0.8291765810266759
0.8291765810266759
0.8291765810266759
0.8291765810266759
0.8326488032488981
0.8326488032488981
0.8326488032488981
0.8326488032488981
0.8326488032488981
0.8326488032488981
0.8361210254711203
0.8361210254711203
0.8361210254711203
0.840236251808569
0.840236251808569
0.840236251808569
0.8479357075366986
0.8479357075366986
0.8479357075366986
0.8479357075366986
0.8479357075366986
0.8479357075366986
0.8505812101822011
0.8505812101822011
0.8505812101822011
0.8505812101822011
0.8588116628570983
0.8588116628570983
0.8588116628570983
0.8620796367133075
0.8620796367133075
0.8620796367133075
0.8620796367133075
0.8620796367133075
0.8620796367133075
0.8620796367133075
0.8620796367133075
0.8620796367133075
0.8647251393588101
0.8647251393588101
0.8647251393588101
0.8647251393588101
0.8647251393588101
0.8647251393588101
0.8647251393588101
0.8647251393588101
0.8647251393588101
0.8647251393588101
0.8647251393588101
0.8647251393588101
0.8647251393588101
0.8647251393588101
0.8647251393588101
0.8647251393588101
0.8673706420043127
0.8673706420043127
0.8673706420043127
0.8673706420043127
0.8673706420043127
0.8673706420043127
0.8710743457080165
0.8745465679302387
0.8771920705757412
0.8771920705757412
0.8839527995586924
0.8839527995586924
0.8874250217809146
0.8874250217809146
0.8874250217809146
0.8874250217809146
0.8874250217809146
0.8874250217809146
0.8874250217809146
0.8874250217809146
0.8915402481183633
0.8950124703405855
0.8950124703405855
0.8950124703405855
0.8950124703405855
0.8950124703405855
0.8984846925628077
0.8984846925628077
0.9011301952083104
0.9011301952083104
0.9011301952083104
0.9046024174305326
0.9046024174305326
0.9046024174305326
0.9046024174305326
0.9046024174305326
0.9046024174305326
0.9046024174305326
0.9046024174305326
0.9046024174305326
0.9046024174305326
0.9046024174305326
0.9046024174305326
0.9046024174305326
0.9046024174305326
0.9046024174305326
0.9046024174305326
0.908717643767981
0.908717643767981
0.9113631464134839
0.9140086490589865
0.9140086490589865
0.9140086490589865
0.9140086490589865
0.9140086490589865
0.9140086490589865
0.9140086490589865
0.9140086490589865
0.9140086490589865
0.9140086490589865
0.9175928784496674
0.9175928784496674
0.9175928784496674
0.9175928784496674
0.9175928784496674
0.9175928784496674
0.9175928784496674
0.9175928784496674
0.9175928784496674
0.9175928784496674
0.9175928784496674
0.9175928784496674
0.9175928784496674
0.9175928784496674
0.9175928784496674
0.9175928784496674
0.9212965821533712
0.9245645560095803
0.9245645560095803
0.9245645560095803
0.9245645560095803
0.9245645560095803
0.9281487854002614
0.931852489103965
0.931852489103965
0.931852489103965
0.931852489103965
0.931852489103965
0.931852489103965
0.931852489103965
0.931852489103965
0.931852489103965
0.931852489103965
0.931852489103965
0.931852489103965
0.9353247113261873
0.9353247113261873
0.9353247113261873
0.9353247113261873
0.9353247113261873
0.9353247113261873
0.9353247113261873
0.9353247113261873
0.9353247113261873
0.9385926851823965
0.9385926851823965
0.9385926851823965
0.9385926851823965
0.9385926851823965
0.9385926851823965
0.9385926851823965
0.9385926851823965
0.9385926851823965
0.9385926851823965
0.9385926851823965
0.941238187827899
0.941238187827899
0.941238187827899
0.941238187827899
0.941238187827899
0.941238187827899
0.941238187827899
0.941238187827899
0.941238187827899
0.941238187827899
0.941238187827899
0.941238187827899
0.941238187827899
0.941238187827899
0.941238187827899
0.941238187827899
0.941238187827899
0.941238187827899
0.941238187827899
0.941238187827899
0.941238187827899
0.941238187827899
0.941238187827899
0.941238187827899
0.941238187827899
0.941238187827899
0.941238187827899
0.941238187827899
0.941238187827899
0.941238187827899
0.941238187827899
0.941238187827899
0.941238187827899
0.941238187827899
0.941238187827899
0.941238187827899
0.941238187827899
0.941238187827899
0.941238187827899
0.941238187827899
0.941238187827899
0.941238187827899
0.941238187827899
0.9447104100501212
0.9447104100501212
0.9447104100501212
0.9447104100501212
0.9447104100501212
0.9447104100501212
0.9447104100501212
0.9447104100501212
0.9447104100501212
0.9479783839063304
0.9479783839063304
0.9479783839063304
0.9479783839063304
0.9479783839063304
0.9479783839063304
0.9479783839063304
0.9479783839063304
0.9479783839063304
0.9479783839063304
0.9479783839063304
0.9479783839063304
0.9479783839063304
0.9479783839063304
0.9479783839063304
0.9479783839063304
0.9479783839063304
0.9479783839063304
0.9479783839063304
0.9479783839063304
0.9479783839063304
0.9479783839063304
0.9479783839063304
0.9479783839063304
0.9479783839063304
0.9479783839063304
0.9479783839063304
0.9479783839063304
0.9479783839063304
0.9479783839063304
0.9479783839063304
0.9479783839063304
0.9479783839063304
0.9479783839063304
0.9479783839063304
0.9479783839063304
0.9479783839063304
0.9479783839063304
0.9479783839063304
0.9479783839063304
0.9479783839063304
0.9479783839063304
0.9479783839063304
0.9479783839063304
0.9479783839063304
0.9479783839063304
0.9479783839063304
0.9479783839063304
0.9479783839063304
0.9479783839063304
0.9479783839063304
0.9479783839063304
0.9479783839063304
0.9479783839063304
0.9479783839063304
0.9479783839063304
0.9479783839063304
0.9479783839063304
0.9479783839063304
0.9479783839063304
0.9479783839063304
0.9479783839063304
0.9479783839063304
0.9479783839063304
0.9479783839063304
0.9479783839063304
0.9479783839063304
0.9479783839063304
0.9479783839063304
0.9479783839063304
0.9479783839063304
0.9479783839063304
0.9479783839063304
0.9479783839063304
0.9479783839063304
0.9479783839063304
0.9479783839063304
0.9549500614662433
0.9549500614662433
0.9575955641117458
0.9575955641117458
0.9575955641117458
0.9575955641117458
0.9575955641117458
0.9575955641117458
0.9575955641117458
0.961067786333968
0.961067786333968
0.961067786333968
0.961067786333968
0.961067786333968
0.961067786333968
0.961067786333968
0.961067786333968
0.961067786333968
0.961067786333968
0.961067786333968
0.961067786333968
0.961067786333968
0.9646520157246492
0.9646520157246492
0.9646520157246492
0.9646520157246492
0.9646520157246492
0.9646520157246492
0.9646520157246492
0.9646520157246492
0.9646520157246492
0.9646520157246492
0.9646520157246492
0.9646520157246492
0.9646520157246492
0.9646520157246492
0.9646520157246492
0.9646520157246492
0.9646520157246492
0.9683557194283529
0.9683557194283529
0.9683557194283529
0.9683557194283529
0.9683557194283529
0.9683557194283529
0.9683557194283529
0.9683557194283529
0.9683557194283529
0.9683557194283529
0.9683557194283529
0.9683557194283529
0.9683557194283529
0.9683557194283529
0.9683557194283529
0.9683557194283529
0.9683557194283529
0.9683557194283529
0.9683557194283529
0.9683557194283529
0.9683557194283529
0.9683557194283529
0.9683557194283529
0.9683557194283529
0.9683557194283529
0.9683557194283529
0.9683557194283529
0.9683557194283529
0.9683557194283529
0.9683557194283529
0.9683557194283529
0.9683557194283529
0.9683557194283529
0.9683557194283529
0.9683557194283529
0.9683557194283529
0.9683557194283529
0.9683557194283529
0.9683557194283529
0.9683557194283529
0.9683557194283529
0.9683557194283529
0.9683557194283529
0.9683557194283529
0.9683557194283529
0.9683557194283529
0.9683557194283529
0.9683557194283529
0.9683557194283529
0.9683557194283529
0.9718279416505751
0.9718279416505751
0.9718279416505751
0.9718279416505751
0.9718279416505751
0.9718279416505751
0.9718279416505751
0.9718279416505751
0.9718279416505751
0.9718279416505751
0.9718279416505751
0.9718279416505751
0.9718279416505751
0.9718279416505751
0.9718279416505751
0.9718279416505751
0.9718279416505751
0.9718279416505751
0.9718279416505751
0.9718279416505751
0.9718279416505751
0.9718279416505751
0.9718279416505751
0.9718279416505751
0.9718279416505751
0.9718279416505751
0.9718279416505751
0.9718279416505751
0.9718279416505751
0.9718279416505751
0.9718279416505751
0.9718279416505751
0.975412171041256
0.975412171041256
0.975412171041256
0.975412171041256
0.975412171041256
0.975412171041256
0.975412171041256
0.9780576736867587
0.9780576736867587
0.9780576736867587
0.9780576736867587
0.9780576736867587
0.9780576736867587
0.9780576736867587
0.9780576736867587
0.9780576736867587
0.9780576736867587
0.9780576736867587
0.9780576736867587
0.9780576736867587
0.9780576736867587
0.9780576736867587
0.9780576736867587
0.9780576736867587
0.9780576736867587
0.9780576736867587
0.9780576736867587
0.9821729000242073
0.9821729000242073
0.9821729000242073
0.9821729000242073
0.9821729000242073
0.9821729000242073
0.9821729000242073
0.9821729000242073
0.9821729000242073
0.9821729000242073
0.9821729000242073
0.9821729000242073
0.9821729000242073
0.9821729000242073
0.9821729000242073
0.9821729000242073
0.9821729000242073
0.9821729000242073
0.9821729000242073
0.9821729000242073
0.9821729000242073
0.9821729000242073
0.9821729000242073
0.9821729000242073
0.9821729000242073
0.9856451222464295
0.9856451222464295
0.9889130961026384
0.9889130961026384
0.9889130961026384
0.9889130961026384
0.9889130961026384
0.9889130961026384
0.9889130961026384
0.9889130961026384
0.9889130961026384
0.9889130961026384
0.9889130961026384
0.9889130961026384
0.9889130961026384
0.9889130961026384
0.9889130961026384
0.9889130961026384
0.9889130961026384
0.9889130961026384
0.9889130961026384
0.9889130961026384
0.9889130961026384
0.9889130961026384
0.9889130961026384
0.9889130961026384
0.9889130961026384
0.9889130961026384
0.9889130961026384
0.9889130961026384
0.9889130961026384
0.9889130961026384
0.9889130961026384
0.9889130961026384
0.9889130961026384
0.9889130961026384
0.9889130961026384
0.9889130961026384
0.9889130961026384
0.9889130961026384
0.9889130961026384
0.9889130961026384
0.9889130961026384
0.9889130961026384
0.9889130961026384
0.9889130961026384
0.9889130961026384
0.9889130961026384
0.9889130961026384
0.9889130961026384
0.9889130961026384
0.9889130961026384
0.9889130961026384
0.9889130961026384
0.9889130961026384
0.9889130961026384
0.9889130961026384
0.9889130961026384
0.9889130961026384
0.9889130961026384
0.9889130961026384
0.9889130961026384
0.9889130961026384
0.9889130961026384
0.9889130961026384
0.9889130961026384
0.9889130961026384
0.9889130961026384
0.9889130961026384
0.9889130961026384
0.9889130961026384
0.9889130961026384
0.9889130961026384
0.9889130961026384
0.9889130961026384
0.9889130961026384
0.9889130961026384
0.9889130961026384
0.9889130961026384
0.9889130961026384
0.9889130961026384
0.9889130961026384
0.9889130961026384
0.9889130961026384
0.9889130961026384
0.9889130961026384
0.9889130961026384
0.9889130961026384
0.9889130961026384
0.9930283224400872
0.9930283224400872
0.9930283224400872
0.9930283224400872
0.9930283224400872
0.9930283224400872
0.9930283224400872
0.9930283224400872
0.9930283224400872
0.9930283224400872
0.9930283224400872
0.9930283224400872
0.9930283224400872
0.9930283224400872
0.9930283224400872
0.9930283224400872
0.9930283224400872
0.9930283224400872
0.9930283224400872
0.9930283224400872
0.9930283224400872
0.9967320261437909
0.9967320261437909
0.9967320261437909
0.9967320261437909
0.9967320261437909
0.9967320261437909
0.9967320261437909
0.9967320261437909
0.9967320261437909
0.9967320261437909
0.9967320261437909
0.9967320261437909
0.9967320261437909
0.9967320261437909
0.9967320261437909
0.9967320261437909
0.9967320261437909
0.9967320261437909
0.9967320261437909
0.9967320261437909
0.9967320261437909
0.9967320261437909
0.9967320261437909
0.9967320261437909
0.9967320261437909
0.9967320261437909
0.9967320261437909
0.9967320261437909
0.9967320261437909
0.9967320261437909
0.9967320261437909
0.9967320261437909
0.9967320261437909
1.0
1.0
