0.0
0.005291005291005291
0.010121923165401427
0.016294762671574266
0.03296142933824093
0.038516984893796485
0.038516984893796485
0.038516984893796485
0.038516984893796485
0.049655943401176045
0.05521149895673161
0.05868372117895383
0.06423927673450938
0.07458078707601971
0.07963129212652477
0.07963129212652477
0.08580413163269761
0.08580413163269761
0.09063504950709374
0.09063504950709374
0.09063504950709374
0.09063504950709374
0.09410727172931596
0.09410727172931596
0.10376910747810823
0.10881961252861327
0.10881961252861327
0.1184989833695086
0.12332990124390476
0.12332990124390476
0.13265007668250123
0.13265007668250123
0.13265007668250123
0.13265007668250123
0.13265007668250123
0.13265007668250123
0.14332894777327165
0.14332894777327165
0.14332894777327165
0.1550248542060202
0.1550248542060202
0.16602861158658916
0.17131961687759448
0.17862325672433776
0.17862325672433776
0.18367376177484282
0.18367376177484282
0.18367376177484282
0.19452032262140367
0.19835174024592475
0.20390729580148031
0.20390729580148031
0.20390729580148031
0.21358666664237566
0.21358666664237566
0.21358666664237566
0.21914222219793122
0.21914222219793122
0.2226144444201534
0.2284623976365277
0.2319346198587499
0.2319346198587499
0.23576603748327096
0.24161399069964526
0.24161399069964526
0.24666449575015031
0.24666449575015031
0.24666449575015031
0.2528373352563231
0.2528373352563231
0.2566687528808442
0.2566687528808442
0.267515313727405
0.267515313727405
0.2775195708580989
0.2775195708580989
0.28135098848261997
0.29369666749496565
0.29369666749496565
0.29369666749496565
0.3069150582995634
0.3069150582995634
0.3069150582995634
0.31074647592408444
0.32803042654136844
0.32803042654136844
0.33150264876359065
0.33150264876359065
0.33150264876359065
0.33655315381409573
0.3413840716884918
0.3413840716884918
0.3413840716884918
0.3413840716884918
0.3466750769794971
0.3466750769794971
0.35752163782605806
0.37219961629713993
0.37219961629713993
0.37914406074158435
0.3829754783661054
0.38882343158247973
0.3938739366329848
0.39942949218854035
0.39942949218854035
0.39942949218854035
0.4032609098130614
0.4032609098130614
0.4083114148635664
0.41178363708578863
0.41178363708578863
0.41178363708578863
0.41178363708578863
0.42081141486356644
0.42665936807994065
0.43678129124534215
0.4464431269941344
0.4464431269941344
0.4499153492163566
0.45474626709075266
0.4637740448685305
0.46724626709075273
0.46724626709075273
0.47341910659692554
0.47341910659692554
0.47341910659692554
0.47725052422144665
0.47725052422144665
0.47725052422144665
0.49394503828438174
0.502607373783299
0.502607373783299
0.512252435511694
0.5170833533860901
0.5209147710106112
0.5209147710106112
0.5209147710106112
0.5243869932328334
0.5282184108573545
0.5282184108573545
0.5282184108573545
0.5337739664129101
0.5538055015712567
0.5538055015712567
0.5538055015712567
0.5538055015712567
0.5588560066217618
0.5623282288439841
0.573174789690545
0.573174789690545
0.5790227429069192
0.5790227429069192
0.5790227429069192
0.5790227429069192
0.5790227429069192
0.5790227429069192
0.5790227429069192
0.5790227429069192
0.5790227429069192
0.5790227429069192
0.5863263827536624
0.5897986049758847
0.5897986049758847
0.5897986049758847
0.5897986049758847
0.5897986049758847
0.5950896102668899
0.5950896102668899
0.5950896102668899
0.5950896102668899
0.5950896102668899
0.5950896102668899
0.5950896102668899
0.5950896102668899
0.5950896102668899
0.601262449773063
0.601262449773063
0.6065534550640682
0.6065534550640682
0.6124014082804425
0.6124014082804425
0.6230802793712129
0.6286358349267684
0.6286358349267684
0.6286358349267684
0.6336863399772734
0.639241895532829
0.639241895532829
0.6442924005833341
0.6442924005833341
0.6442924005833341
0.6442924005833341
0.6442924005833341
0.6495834058743394
0.6495834058743394
0.6495834058743394
0.6495834058743394
0.6534148234988604
0.6642613843454213
0.6736483575254979
0.6736483575254979
0.6736483575254979
0.6736483575254979
0.6736483575254979
0.6792039130810534
0.6792039130810534
0.6847594686366091
0.6847594686366091
0.6847594686366091
0.6847594686366091
0.6847594686366091
0.7015383687488426
0.7065888737993475
0.7065888737993475
0.7118798790903528
0.7118798790903528
0.7174354346459083
0.7174354346459083
0.7174354346459083
0.7174354346459083
0.7227264399369137
0.7227264399369137
0.7227264399369137
0.7227264399369137
0.7227264399369137
0.7327306970676075
0.7327306970676075
0.7327306970676075
0.7327306970676075
0.7362029192898297
0.7362029192898297
0.7412534243403348
0.7412534243403348
0.7412534243403348
0.7412534243403348
0.7412534243403348
0.7412534243403348
0.7412534243403348
0.7463039293908398
0.7463039293908398
0.7603822122191226
0.7603822122191226
0.7603822122191226
0.7656732175101281
0.7656732175101281
0.7718460570163008
0.7718460570163008
0.7718460570163008
0.7718460570163008
0.7718460570163008
0.7718460570163008
0.7718460570163008
0.7819679801817023
0.7857993978062233
0.7892716200284455
0.7892716200284455
0.7941025379028417
0.7941025379028417
0.7941025379028417
0.7941025379028417
0.7996580934583972
0.7996580934583972
0.7996580934583972
0.7996580934583972
0.8052136490139529
0.8102641540644578
0.8102641540644578
0.8278405023425605
0.8278405023425605
0.8278405023425605
0.8336884555589347
0.8336884555589347
0.8336884555589347
0.8336884555589347
0.8336884555589347
0.8336884555589347
0.8336884555589347
0.8336884555589347
0.8336884555589347
0.8336884555589347
0.8336884555589347
0.8336884555589347
0.8387389606094398
0.842570378233961
0.842570378233961
0.8529568516639127
0.8529568516639127
0.8529568516639127
0.8588048048802869
0.8588048048802869
0.8588048048802869
0.8588048048802869
0.8588048048802869
0.8588048048802869
0.8588048048802869
0.8588048048802869
0.8588048048802869
0.8643603604358425
0.8643603604358425
0.8678325826580647
0.8726635005324608
0.8726635005324608
0.8726635005324608
0.8726635005324608
0.8726635005324608
0.8726635005324608
0.8726635005324608
0.8726635005324608
0.8726635005324608
0.8726635005324608
0.8764949181569818
0.8764949181569818
0.8764949181569818
0.8764949181569818
0.8764949181569818
0.8764949181569818
0.8764949181569818
0.8764949181569818
0.8764949181569818
0.8764949181569818
0.8764949181569818
0.8764949181569818
0.879967140379204
0.879967140379204
0.8861399798853768
0.8861399798853768
0.891190484935882
0.891190484935882
0.891190484935882
0.8950219025604029
0.8950219025604029
0.8950219025604029
0.8950219025604029
0.8950219025604029
0.8950219025604029
0.8950219025604029
0.8984941247826251
0.8984941247826251
0.8984941247826251
0.8984941247826251
0.8984941247826251
0.8984941247826251
0.8984941247826251
0.8984941247826251
0.9040496803381808
0.9040496803381808
0.9040496803381808
0.9040496803381808
0.9139311032630819
0.9194866588186374
0.9194866588186374
0.9194866588186374
0.9194866588186374
0.9194866588186374
0.9194866588186374
0.9194866588186374
0.9194866588186374
0.9194866588186374
0.9194866588186374
0.9194866588186374
0.9194866588186374
0.9194866588186374
0.9229588810408598
0.9229588810408598
0.9229588810408598
0.9229588810408598
0.9229588810408598
0.9229588810408598
0.9229588810408598
0.9229588810408598
0.9229588810408598
0.9229588810408598
0.9229588810408598
0.9229588810408598
0.9229588810408598
0.9229588810408598
0.9229588810408598
0.9229588810408598
0.9229588810408598
0.9229588810408598
0.9229588810408598
0.9229588810408598
0.9229588810408598
0.9229588810408598
0.9229588810408598
0.9229588810408598
0.9285144365964153
0.9340699921519708
0.9340699921519708
0.9340699921519708
0.9402428316581436
0.9402428316581436
0.9402428316581436
0.9402428316581436
0.9402428316581436
0.9402428316581436
0.9402428316581436
0.9437150538803658
0.947187276102588
0.947187276102588
0.947187276102588
0.947187276102588
0.947187276102588
0.947187276102588
0.947187276102588
0.947187276102588
0.947187276102588
0.947187276102588
0.947187276102588
0.947187276102588
0.947187276102588
0.947187276102588
0.947187276102588
0.947187276102588
0.947187276102588
0.947187276102588
0.9530352293189623
0.9530352293189623
0.9530352293189623
0.9530352293189623
0.9530352293189623
0.9530352293189623
0.9530352293189623
0.9530352293189623
0.9530352293189623
0.9530352293189623
0.9530352293189623
0.9530352293189623
0.9530352293189623
0.9530352293189623
0.9530352293189623
0.9530352293189623
0.9530352293189623
0.9530352293189623
0.9530352293189623
0.9530352293189623
0.9530352293189623
0.9530352293189623
0.9530352293189623
0.9530352293189623
0.9530352293189623
0.9530352293189623
0.9530352293189623
0.9530352293189623
0.9530352293189623
0.9530352293189623
0.9530352293189623
0.9530352293189623
0.9530352293189623
0.9530352293189623
0.9530352293189623
0.9530352293189623
0.9530352293189623
0.9530352293189623
0.9530352293189623
0.9583262346099676
0.9583262346099676
0.9583262346099676
0.9583262346099676
0.9583262346099676
0.9583262346099676
0.9583262346099676
0.9583262346099676
0.9583262346099676
0.9583262346099676
0.9583262346099676
0.9583262346099676
0.9621576522344887
0.9621576522344887
0.9621576522344887
0.9621576522344887
0.9621576522344887
0.9621576522344887
0.9621576522344887
0.9621576522344887
0.9621576522344887
0.9621576522344887
0.9621576522344887
0.9621576522344887
0.9621576522344887
0.9621576522344887
0.9621576522344887
0.9621576522344887
0.9621576522344887
0.9621576522344887
0.9621576522344887
0.9621576522344887
0.9621576522344887
0.9621576522344887
0.9621576522344887
0.9621576522344887
0.9621576522344887
0.9621576522344887
0.9621576522344887
0.9621576522344887
0.9621576522344887
0.9621576522344887
0.9621576522344887
0.9621576522344887
0.9621576522344887
0.9621576522344887
0.9621576522344887
0.9621576522344887
0.9621576522344887
0.9621576522344887
0.9621576522344887
0.9621576522344887
0.9621576522344887
0.9621576522344887
0.9621576522344887
0.9621576522344887
0.9621576522344887
0.9621576522344887
0.9621576522344887
0.9621576522344887
0.9621576522344887
0.9621576522344887
0.9621576522344887
0.9621576522344887
0.9621576522344887
0.966988570108885
0.966988570108885
0.966988570108885
0.966988570108885
0.966988570108885
0.966988570108885
0.966988570108885
0.966988570108885
0.966988570108885
0.966988570108885
0.966988570108885
0.966988570108885
0.966988570108885
0.966988570108885
0.966988570108885
0.966988570108885
0.966988570108885
0.966988570108885
0.966988570108885
0.966988570108885
0.966988570108885
0.966988570108885
0.966988570108885
0.966988570108885
0.966988570108885
0.966988570108885
0.966988570108885
0.966988570108885
0.966988570108885
0.966988570108885
0.966988570108885
0.966988570108885
0.966988570108885
0.966988570108885
0.966988570108885
0.966988570108885
0.966988570108885
0.966988570108885
0.966988570108885
0.966988570108885
0.966988570108885
0.9704607923311072
0.9704607923311072
0.9704607923311072
0.9704607923311072
0.9704607923311072
0.9704607923311072
0.9704607923311072
0.9704607923311072
0.9704607923311072
0.9704607923311072
0.9704607923311072
0.9704607923311072
0.9704607923311072
0.9704607923311072
0.9704607923311072
0.9704607923311072
0.9704607923311072
0.9704607923311072
0.9704607923311072
0.9704607923311072
0.9704607923311072
0.9704607923311072
0.9704607923311072
0.9739330145533294
0.9739330145533294
0.9739330145533294
0.9739330145533294
0.9739330145533294
0.9739330145533294
0.9739330145533294
0.9739330145533294
0.9739330145533294
0.9739330145533294
0.9739330145533294
0.9739330145533294
0.9739330145533294
0.9739330145533294
0.9739330145533294
0.9739330145533294
0.9739330145533294
0.9739330145533294
0.9739330145533294
0.9739330145533294
0.9739330145533294
0.9739330145533294
0.9739330145533294
0.9739330145533294
0.9739330145533294
0.9739330145533294
0.9739330145533294
0.9739330145533294
0.9739330145533294
0.9739330145533294
0.9739330145533294
0.9739330145533294
0.9739330145533294
0.9739330145533294
0.9739330145533294
0.9739330145533294
0.9739330145533294
0.9739330145533294
0.9787639324277255
0.9787639324277255
0.9787639324277255
0.9787639324277255
0.9787639324277255
0.9787639324277255
0.9787639324277255
0.9787639324277255
0.9787639324277255
0.9787639324277255
0.9787639324277255
0.9787639324277255
0.9787639324277255
0.9787639324277255
0.9787639324277255
0.9787639324277255
0.9787639324277255
0.9787639324277255
0.9787639324277255
0.9787639324277255
0.9787639324277255
0.9787639324277255
0.9787639324277255
0.9787639324277255
0.9787639324277255
0.9787639324277255
0.9787639324277255
0.9787639324277255
0.9787639324277255
0.9787639324277255
0.9787639324277255
0.9787639324277255
0.9787639324277255
0.9787639324277255
0.9787639324277255
0.9787639324277255
0.9787639324277255
0.9787639324277255
0.9787639324277255
0.9787639324277255
0.9787639324277255
0.9787639324277255
0.9787639324277255
0.9787639324277255
0.9787639324277255
0.9787639324277255
0.9787639324277255
0.9787639324277255
0.9787639324277255
0.9787639324277255
0.9787639324277255
0.9787639324277255
0.9787639324277255
0.9787639324277255
0.9787639324277255
0.9787639324277255
0.9787639324277255
0.9787639324277255
0.9787639324277255
0.9787639324277255
0.9787639324277255
0.9787639324277255
0.9787639324277255
0.9787639324277255
0.9787639324277255
0.9787639324277255
0.9822361546499477
0.9822361546499477
0.9822361546499477
0.9822361546499477
0.9822361546499477
0.9822361546499477
0.9822361546499477
0.9822361546499477
0.9822361546499477
0.9822361546499477
0.9822361546499477
0.9822361546499477
0.9860675722744688
0.9860675722744688
0.9860675722744688
0.9860675722744688
0.9860675722744688
0.9860675722744688
0.9860675722744688
0.9860675722744688
0.9860675722744688
0.9860675722744688
0.9860675722744688
0.9860675722744688
0.9860675722744688
0.9860675722744688
0.9860675722744688
0.9860675722744688
0.9860675722744688
0.9860675722744688
0.9860675722744688
0.9860675722744688
0.9860675722744688
0.9860675722744688
0.9860675722744688
0.9860675722744688
0.9860675722744688
0.9860675722744688
0.9860675722744688
0.9860675722744688
0.9860675722744688
0.9860675722744688
0.9860675722744688
0.9860675722744688
0.9860675722744688
0.9860675722744688
0.9860675722744688
0.9860675722744688
0.9860675722744688
0.9860675722744688
0.9860675722744688
0.9860675722744688
0.9860675722744688
0.9860675722744688
0.9860675722744688
0.9860675722744688
0.9860675722744688
0.9860675722744688
0.9860675722744688
0.9860675722744688
0.9860675722744688
0.9860675722744688
0.9860675722744688
0.9860675722744688
0.9860675722744688
0.9860675722744688
0.9860675722744688
0.9860675722744688
0.9860675722744688
0.9860675722744688
0.9860675722744688
0.9860675722744688
0.9860675722744688
0.9860675722744688
0.9860675722744688
0.9860675722744688
0.9860675722744688
0.9860675722744688
0.9860675722744688
0.9860675722744688
0.9860675722744688
0.9860675722744688
0.9860675722744688
0.9860675722744688
0.9860675722744688
0.9860675722744688
0.9860675722744688
0.9860675722744688
0.9860675722744688
0.9860675722744688
0.9860675722744688
0.9860675722744688
0.9860675722744688
0.9860675722744688
0.9860675722744688
0.9860675722744688
0.9860675722744688
0.9860675722744688
0.9860675722744688
0.9860675722744688
0.9860675722744688
0.9860675722744688
0.9860675722744688
0.9860675722744688
0.9860675722744688
0.9860675722744688
0.9860675722744688
0.9860675722744688
0.9860675722744688
0.9860675722744688
0.9860675722744688
0.9860675722744688
0.9860675722744688
0.9860675722744688
0.9860675722744688
0.9860675722744688
0.9860675722744688
0.9860675722744688
0.9860675722744688
0.9860675722744688
0.9860675722744688
0.9860675722744688
0.9860675722744688
0.9860675722744688
0.9860675722744688
0.9860675722744688
0.9860675722744688
0.9911180773249738
0.9911180773249738
0.9911180773249738
0.9911180773249738
0.9911180773249738
0.9911180773249738
0.9911180773249738
0.9911180773249738
0.9911180773249738
0.9911180773249738
0.9911180773249738
0.9911180773249738
0.9911180773249738
0.9911180773249738
0.9911180773249738
0.9911180773249738
0.9911180773249738
0.9911180773249738
0.9911180773249738
0.9911180773249738
0.9911180773249738
0.9911180773249738
0.9911180773249738
0.9911180773249738
0.9911180773249738
0.9911180773249738
0.9911180773249738
0.9911180773249738
0.9911180773249738
0.9911180773249738
0.9911180773249738
0.9911180773249738
0.9911180773249738
0.9911180773249738
0.9911180773249738
0.9911180773249738
0.9911180773249738
0.9911180773249738
0.9911180773249738
0.9911180773249738
0.9911180773249738
0.9911180773249738
0.9911180773249738
0.9911180773249738
0.9911180773249738
0.9911180773249738
0.9911180773249738
0.9911180773249738
0.9911180773249738
0.9911180773249738
0.9911180773249738
0.9911180773249738
0.9911180773249738
0.9911180773249738
0.9911180773249738
0.9911180773249738
0.9911180773249738
0.9911180773249738
0.9911180773249738
0.9911180773249738
0.9911180773249738
0.9911180773249738
0.9911180773249738
0.9911180773249738
0.9911180773249738
0.9911180773249738
0.9911180773249738
0.9911180773249738
0.9911180773249738
0.9911180773249738
0.9911180773249738
0.9911180773249738
0.9911180773249738
0.9911180773249738
0.9911180773249738
0.9911180773249738
0.9911180773249738
0.9911180773249738
0.9911180773249738
0.9911180773249738
0.9911180773249738
0.9911180773249738
0.9911180773249738
0.9911180773249738
0.9911180773249738
0.9911180773249738
0.9911180773249738
0.9911180773249738
0.9911180773249738
0.9911180773249738
0.9911180773249738
0.9911180773249738
0.9911180773249738
0.9911180773249738
0.9911180773249738
0.9911180773249738
0.9911180773249738
0.9911180773249738
0.9911180773249738
0.9911180773249738
0.9911180773249738
0.9911180773249738
0.9911180773249738
0.9911180773249738
0.9911180773249738
0.9911180773249738
0.9911180773249738
0.9911180773249738
0.9911180773249738
0.9911180773249738
0.9911180773249738
0.9911180773249738
0.9911180773249738
0.9911180773249738
0.9911180773249738
0.9911180773249738
0.9911180773249738
0.9911180773249738
0.9911180773249738
0.9911180773249738
0.9911180773249738
0.9911180773249738
0.9911180773249738
0.9911180773249738
0.9961685823754789
0.9961685823754789
0.9961685823754789
0.9961685823754789
0.9961685823754789
0.9961685823754789
0.9961685823754789
0.9961685823754789
0.9961685823754789
0.9961685823754789
0.9961685823754789
0.9961685823754789
0.9961685823754789
0.9961685823754789
0.9961685823754789
0.9961685823754789
0.9961685823754789
0.9961685823754789
0.9961685823754789
0.9961685823754789
0.9961685823754789
0.9961685823754789
0.9961685823754789
0.9961685823754789
0.9961685823754789
0.9961685823754789
0.9961685823754789
0.9961685823754789
0.9961685823754789
0.9961685823754789
0.9961685823754789
0.9961685823754789
0.9961685823754789
0.9961685823754789
0.9961685823754789
0.9961685823754789
0.9961685823754789
0.9961685823754789
0.9961685823754789
0.9961685823754789
0.9961685823754789
0.9961685823754789
0.9961685823754789
0.9961685823754789
0.9961685823754789
0.9961685823754789
0.9961685823754789
0.9961685823754789
0.9961685823754789
0.9961685823754789
0.9961685823754789
0.9961685823754789
0.9961685823754789
0.9961685823754789
0.9961685823754789
0.9961685823754789
0.9961685823754789
0.9961685823754789
0.9961685823754789
0.9961685823754789
0.9961685823754789
0.9961685823754789
0.9961685823754789
0.9961685823754789
0.9961685823754789
0.9961685823754789
0.9961685823754789
0.9961685823754789
0.9961685823754789
0.9961685823754789
0.9961685823754789
0.9961685823754789
0.9961685823754789
0.9961685823754789
0.9961685823754789
0.9961685823754789
0.9961685823754789
0.9961685823754789
0.9961685823754789
0.9961685823754789
0.9961685823754789
0.9961685823754789
0.9961685823754789
0.9961685823754789
0.9961685823754789
0.9961685823754789
0.9961685823754789
0.9961685823754789
0.9961685823754789
0.9961685823754789
0.9961685823754789
0.9961685823754789
0.9961685823754789
0.9961685823754789
0.9961685823754789
0.9961685823754789
0.9961685823754789
0.9961685823754789
0.9961685823754789
0.9961685823754789
0.9961685823754789
0.9961685823754789
0.9961685823754789
0.9961685823754789
0.9961685823754789
0.9961685823754789
0.9961685823754789
0.9961685823754789
0.9961685823754789
0.9961685823754789
0.9961685823754789
0.9961685823754789
0.9961685823754789
0.9961685823754789
0.9961685823754789
0.9961685823754789
0.9961685823754789
0.9961685823754789
0.9961685823754789
0.9961685823754789
0.9961685823754789
0.9961685823754789
0.9961685823754789
0.9961685823754789
0.9961685823754789
0.9961685823754789
0.9961685823754789
0.9961685823754789
0.9961685823754789
0.9961685823754789
0.9961685823754789
0.9961685823754789
1.0
1.0
