0.1132189007325622
0.21782012997950487
0.3352666231218476
0.4869464826869448
0.542668710982159
0.5798727207271193
0.7310844477250497
0.76843370852698
0.7773629963693198
0.8275835885711799
0.8364436448834193
0.8551660230442821
0.8771759460013717
0.8798419740984345
0.8811191133066081
0.9019654147304256
0.911055551393803
0.919387104498644
0.9342368710595825
0.9384747627974743
0.944781996296564
0.9509796107388593
0.956252842723263
0.9575299819314367
0.9640796837581012
0.965356822966275
0.9665388560632017
0.9744310105454702
0.9744310105454702
0.9756130436423969
0.9798516047462016
0.9810336378431282
0.9810336378431282
0.9810336378431282
0.9810336378431282
0.9824581392676299
0.9824581392676299
0.9836401723645566
0.9836401723645566
0.9872813777665836
0.9899854808787312
0.9899854808787312
0.9899854808787312
0.9899854808787312
0.9912481071413572
0.9937072794464576
0.994969905709084
0.994969905709084
0.994969905709084
0.9963587945979729
0.9963587945979729
1.0
1.0
