0.020478534532655433
0.04093280439576956
0.061317104083884015
0.08169378768852344
0.10200675775187881
0.12268077247562652
0.14312893149350794
0.17375058527644385
0.18392638724465557
0.1942339132685438
0.20444857762729582
0.21458181611306268
0.22462291736915407
0.22958903817903134
0.25531452920428516
0.26552036276886537
0.27574985551283054
0.2860489134352618
0.2962449215117741
0.30650568202148415
0.31152930846917065
0.33715897340864154
0.34741824552291095
0.3575326712000511
0.36762182269282423
0.37789679102495505
0.38814161509823836
0.39324121974418297
0.41886276684179974
0.4290555078053758
0.4392199890751346
0.44940222559459175
0.4595160889487071
0.46963569779084713
0.47469281723594775
0.5001445397882219
0.5103141123690074
0.5205581009811422
0.5308525537753042
0.5411101136816704
0.5514138732089301
0.5564527191347433
0.5819344618597146
0.5881708156573784
0.5957000461986047
0.6033195170537542
0.6109879284329846
0.6186378501567955
0.6224529865790835
0.6325522499878105
0.6338391073542845
0.6377356409122091
0.6427651540235573
0.647789613601575
0.6529015778045122
0.656787915298381
0.6643844808090908
0.6656292029467372
0.6669053555601689
0.6706463912928539
0.6757822735923232
0.6809158816757811
0.6847231650787053
0.6937246902177124
0.6976280508568911
0.6988650526728127
0.7001591271678611
0.7039907273629777
0.7090453518201876
0.7130188713991823
0.7219519304631061
0.7269724728090494
0.7308597396082201
0.732137499824618
0.7334277319298281
0.7372542863339041
0.7411238220901074
0.7499460365720653
0.7550508439715435
0.7601203546389105
0.7638539731343283
0.7651357026103752
0.7663685036298755
0.7689224955012128
0.7753950599462138
0.7795126867246317
0.7839836442208077
0.7883731220500629
0.7915733247206268
0.7928505901286484
0.7931846643838315
0.7957299748795431
0.798260510864008
0.8024536276624015
0.8068242840126492
0.8113819604724554
0.8152624341856227
0.8171574733728163
0.8203525836414933
0.8209469354696984
0.8222950307962924
0.8244980145731718
0.8270457466864003
0.8296098126602284
0.8318410738434141
0.8363445498050079
0.8376283715777464
0.8382690339088249
0.8395149310972216
0.8417290913039907
0.844345063740566
0.8465146092909324
0.8514124164885014
0.8536532505469563
0.855003307447547
0.8556217881157722
0.8568940665706474
0.8591300568962534
0.8613598015474138
0.8660132511392867
0.8685924291943848
0.8708329425688215
0.8721086280068941
0.8727629685882908
0.8740308440684851
0.8756825295392205
0.8795211842110814
0.8818463453298973
0.8842058558127924
0.8862959970559334
0.8874157984304935
0.8880453978077908
0.8887863440687491
0.8909393740629891
0.892615835516662
0.8947659632776583
0.8970037121465158
0.8988711258064066
0.9000283785261848
0.9003948814490528
0.9018159940427258
0.9027754787825919
0.9044581998987611
0.9064405672645753
0.9084606055560667
0.9102730999855755
0.9113379832066509
0.913262607841091
0.9137125395451787
0.9141702917835763
0.9151107997383983
0.9162749848156907
0.9175560656295599
0.9187153095124773
0.9210711551739448
0.9219536319997056
0.9224225018818933
0.922904943422352
0.9237888091733637
0.9249471314040796
0.9261586708269375
0.928649191201973
0.9298055920160353
0.9306626291777143
0.9311318092183646
0.9315785109756828
0.9324986763530657
0.9334925680430247
0.935806222216096
0.9369622868604461
0.9381350807917884
0.9389887929495574
0.939441705070292
0.9399127889604929
0.9405214501291008
0.9420706663466318
0.9430714796382793
0.9442474498443292
0.9453066381070977
0.9460433655090089
0.9464564707975737
0.9467446749277091
0.9476784220172187
0.9483502293870741
0.9493121462181815
0.9503852769329295
0.9513748142927088
0.9520580313959082
0.952409552175542
0.9532590915929762
0.9536399411992378
0.9542261234976518
0.9550081653542638
0.9558903022697172
0.9566708002116736
0.9572219530218254
0.95833373381703
0.9586631128320939
0.9588965979027531
0.9592552432683634
0.9597747211123794
0.9603922169280521
0.960976202563331
0.9621944858581666
0.9627194155319565
0.9630652808787977
0.9632921629651632
0.963645055782179
0.964168688673342
0.9647502394016328
0.965950811973343
0.9665645576900478
0.9670789067340406
0.9673891823187084
0.9676267450890138
0.9679702033301176
0.9683702641548588
0.969293926921986
0.9698483965137226
0.970434880120903
0.9708972369142728
0.9712075812073487
0.9714385421929699
0.9716511812612397
0.9722604551822627
0.9726827459695926
0.9732418376852197
0.9737789717615284
0.9742033595281959
0.9745340843634474
0.974675045371795
0.9751488790857018
0.9754091047439549
0.9757861197217983
0.9762703394080885
0.9767524997323513
0.9771228689859995
0.9773487171600529
0.9778262161988536
0.9780278081987568
0.9782589575740938
0.9785365818449425
0.9789257132617424
0.9792608426194143
0.9795580490289438
0.9801295788007308
0.9803425881775315
0.9804978848415736
0.9806446694954302
0.9808857301329559
0.9811481702201099
0.9814567704561331
0.9820383509880591
0.9823321060624666
0.9825359168833334
0.9826766096293345
0.9828190821769148
0.9830391321928122
0.9833285061222925
0.9838378074564422
0.9841378139754549
0.9844303486005249
0.9846240048162733
0.9847438172237414
0.9848612630567614
0.9850313842521987
0.9854147142064099
0.9856696272894636
0.9859497584513468
0.9861939341685367
0.9863851320440131
0.9865216045133277
0.9866148591594677
0.9868816384358525
0.9870397522217478
0.9872393997448612
0.9874666233498484
0.987693026802351
0.987843827484174
0.9879259374897726
0.9881627887989194
0.9882880793633803
0.9884673475971348
0.9886585621559589
0.9888765794034294
0.9890643252549515
0.9891954418396884
0.9894650710749285
0.9895664225199106
0.9896659518514977
0.9897843832595691
0.989951356136383
0.9901079069078385
0.9902542513819002
0.9905642851592293
0.9906842881326665
0.9907794705361415
0.9908482070573259
0.9909328006961186
0.9910421062813883
0.9911842628563584
0.9914946453679706
0.9916361712908934
0.9917544536642263
0.9918403134051967
0.9918978769452973
0.9919937056496526
0.9921109223249702
0.9923358369338531
0.9924609289239208
0.9925829115333293
0.9927015016267309
0.9927763330741743
0.9928501546087067
0.992926641985553
0.9930920097871431
0.9931750027082951
0.9932900111379516
0.993394561918469
0.9935046037055248
0.9935746240954202
0.9936187577769339
0.9937675562022495
0.9938375676974303
0.9939267459206876
0.9940507856771845
0.9941695935897799
0.9942586782994323
0.9943146794304218
0.9944441597929179
0.9944966685109056
0.994558924895623
0.994638576719569
0.9947264958696693
0.994809461596599
0.9948672602252024
0.9950091985721948
0.9950753447351952
0.9951240603586005
0.9951681269119623
0.9952359641461188
0.9953023549889003
0.9953727233166572
0.9955055174192078
0.9955650414881403
0.9956203254781733
0.9956589204764976
0.9956934474969155
0.9957345049073872
0.9957999230505191
0.9959277564369944
0.9959912816155073
0.9960538958955704
0.9961080518337859
0.9961489969638416
0.9961877373946474
0.9962291053248393
0.9963209983813612
0.996372963858309
0.9964330628609229
0.9964961037227563
0.9965420337359329
0.996580800535971
0.9966105853017949
0.9966800676845877
0.9967232126294446
0.9967848249923585
0.9968457752219678
0.9969045964560904
0.9969438187508697
0.9969635072789281
0.9970328194166826
0.9970619282382078
0.9971016584929472
0.997145593549296
0.9971972778947835
0.9972497821362041
0.9972846816290861
0.9973472748264743
0.9973767092935045
0.9974013202005981
0.9974295161086365
0.9974618132408537
0.9974930674704172
0.9975316407705018
0.9975976355465587
0.9976196291123038
0.9976452263252508
0.9976732950539622
0.9977024202461456
0.9977282163374707
0.9977544369865093
0.9978326239576873
0.9978592257214911
0.9978812552719398
0.997909738420365
0.9979265065901154
0.9979439421990886
0.9979708735616678
0.9980245202182488
0.9980544387094442
0.998085530342956
0.998119677727157
0.9981358357041928
0.9981514444951458
0.9981735746221043
0.9982167539967526
0.9982509122328345
0.9982832559325889
0.998310127592491
0.9983320419793666
0.9983511720348325
0.9983686928781021
0.9984020638110169
0.9984187874222339
0.9984403508719268
0.9984709964858092
0.9984986564079893
0.9985220532810983
0.9985377208508954
0.9985687804484541
0.9985831660641767
0.9986082298096497
0.9986283970781613
0.9986524214617726
0.9986696135921811
0.9986858001407393
0.9987140296611628
0.9987317782070738
0.9987444226687794
0.9987592101160402
0.9987746042261901
0.9987917861115223
0.9988069992211654
0.998833179017951
0.9988559379584894
0.9988651298623886
0.9988759604875018
0.9988875406136201
0.9988983360515286
0.9989130397094513
0.9989377496783761
0.99895280428662
0.9989722395844853
0.998986389536284
0.9989963235163458
0.9990075550641473
0.9990249922463099
0.9990482984105571
0.9990630371345327
0.9990780547097218
0.9990913524298153
0.9991070559077071
0.9991164560110655
0.9991276428643582
0.9991453816589894
0.9991545830869278
0.9991675276204561
0.9991797599578285
0.9991921434443635
0.9992020230120664
0.9992107439176352
0.9992273367765184
0.9992358166993487
0.9992464119436412
0.9992598869803087
0.9992726289434807
0.9992843346645324
0.9992950049880187
0.9993076285570208
0.9993132060488886
0.9993221644503704
0.9993279633947627
0.9993364926058759
0.9993442538552001
0.9993500258230213
0.9993669550191865
0.9993792130519845
0.9993857195283057
0.9993959274495974
0.9994031942251826
0.9994103446901245
0.9994167183893516
0.9994416988600285
0.999448980356481
0.99945898167041
0.9994654423660577
0.9994726138678958
0.9994802477913722
0.9994867334909205
0.9994982089138141
0.9995051870919908
0.9995126401526397
0.9995224838070262
0.9995288595951549
0.9995341467468728
0.9995385441848782
0.9995522727969207
0.9995598689286773
0.999568304500317
0.9995746107165634
0.9995821831578249
0.9995857305080197
0.9995900814841228
0.9995986951320242
0.999605896502787
0.9996150714362899
0.9996249098990702
0.9996321117293817
0.9996368146388591
0.9996397439023537
0.9996476981146558
0.9996512473263648
0.9996546056690715
0.9996582667648707
0.9996639648953701
0.9996668117888671
0.9996753695940896
0.9996858373909356
0.9996899912253328
0.9996914782265327
0.9996921976261505
0.9996973720846188
0.999701679739299
0.9997057815272513
0.9997165256100862
0.9997200955205947
0.9997234538685228
0.999729777393262
0.9997318153362779
0.9997340441430747
0.9997376362373962
0.9997476750764824
0.9997518700326916
0.9997541004739157
0.9997574661189403
0.9997602307638922
0.999763005071701
0.9997637073899129
0.9997672926311693
0.9997723943548358
0.9997753274575895
0.999778193299228
0.9997809703768666
0.9997832011614086
0.9997854055844814
0.9997911200702749
0.9997925588695107
0.999797495530603
0.9998003611451547
0.9998025504645667
0.9998032698641846
0.9998061276773933
0.9998083169968053
0.9998097704006772
0.9998111731703656
0.9998125948881954
0.9998154979064517
0.999818951750293
0.9998218122673586
0.9998245598309045
0.9998267472888024
0.9998296954952167
0.999833356707247
0.9998348697265983
0.9998369937626401
0.999841374601375
0.9998486700989683
0.999850818518734
0.999850818518734
0.9998522363973045
0.999853654275875
0.9998572094326338
0.9998601669191116
0.9998630400630683
0.9998638247460563
0.9998645530824195
0.9998659729387351
0.9998674017317961
0.9998688323863714
0.999870796896135
0.9998727524691534
0.9998734698910262
0.9998749156492621
0.9998755337359624
0.9998769725351981
0.9998776899570707
0.9998797950449712
0.9998854512063949
0.9998875865068382
0.9998898563295121
0.9998905567862099
0.9998905567862099
0.9998919936077005
0.9998926940643983
0.9998962281776678
0.9998989963185612
0.9998996144052614
0.9999011257901854
0.9999026371751094
0.9999041412577153
0.9999070481152309
0.9999091702845371
0.9999091702845371
0.9999098707412348
0.9999098707412348
0.999911325779534
0.9999148244287398
0.9999162534488878
0.9999169557670997
0.9999176824690357
0.9999183829257334
0.999919100347606
0.999920546105842
0.9999211641925423
0.9999225669674521
0.9999232953038153
0.9999239133905156
0.9999246980735037
0.9999246980735037
0.9999261008484133
0.9999276049310193
0.9999282230177196
0.9999295434226319
0.9999324012306192
0.9999339142499705
0.9999353339900553
0.9999359520767556
0.9999366804131188
0.9999373978349915
0.9999388435932275
0.9999388435932275
0.9999402634495431
0.9999409901514791
0.999941709551097
0.9999424289507148
0.9999424289507148
0.9999432136337029
0.9999432136337029
0.9999432136337029
0.9999446315122734
0.9999460849161453
0.9999460849161453
0.9999482143929909
0.9999482143929909
0.9999482143929909
0.9999489427293541
0.9999489427293541
0.9999503715224151
0.9999518083439056
0.9999518083439056
0.9999532953451057
0.9999539958018034
0.9999547241381667
0.9999562282207726
0.9999583917441991
0.9999591091660719
0.9999591091660719
0.9999597272527722
0.9999604539547081
0.9999611713765809
0.9999611713765809
0.9999611713765809
0.9999626020311561
0.9999633024878538
0.9999647052627636
0.9999653233494636
0.9999653233494636
0.9999660238061615
0.9999660238061615
0.9999660238061615
0.9999660238061615
0.9999667432057794
0.9999667432057794
0.9999689720125763
0.9999689720125763
0.9999689720125763
0.9999703168012124
0.9999710435031484
0.9999710435031484
0.9999716615898486
0.9999716615898486
0.9999731729747725
0.9999731729747725
0.9999731729747725
0.9999746187330085
0.9999746187330085
0.9999746187330085
0.9999753470693717
0.9999760737713077
0.9999760737713077
0.9999760737713077
0.9999760737713077
0.9999767742280055
0.9999767742280055
0.9999774746847032
0.9999782013866392
0.9999788194733394
0.9999788194733394
0.9999788194733394
0.9999788194733394
0.9999795478097027
0.9999795478097027
0.9999802652315755
0.9999802652315755
0.9999802652315755
0.9999802652315755
0.9999810499145634
0.9999816680012636
0.9999823947031996
0.9999823947031996
0.9999838817043997
0.9999838817043997
0.9999838817043997
0.9999846100407629
0.9999846100407629
0.9999853294403808
0.9999853294403808
0.9999853294403808
0.9999853294403808
0.999985947527081
0.9999866669266988
0.9999872850133991
0.9999893209786698
0.9999893209786698
0.9999893209786698
0.9999893209786698
0.9999893209786698
0.9999893209786698
0.9999893209786698
0.9999893209786698
0.9999893209786698
0.9999893209786698
0.9999893209786698
0.9999893209786698
0.9999893209786698
0.9999893209786698
0.9999901056616579
0.9999908061183557
0.9999908061183557
0.9999908061183557
0.9999908061183557
0.9999915084365676
0.9999915084365676
0.9999922367729308
0.9999929541948036
0.9999929541948036
0.9999929541948036
0.9999929541948036
0.9999929541948036
0.9999929541948036
0.9999929541948036
0.9999929541948036
0.9999929541948036
0.9999929541948036
0.9999929541948036
0.9999929541948036
0.9999929541948036
0.9999929541948036
0.9999936825311668
0.9999936825311668
0.9999936825311668
0.9999936825311668
0.9999943006178671
0.9999943006178671
0.9999943006178671
0.9999943006178671
0.9999943006178671
0.9999943006178671
0.9999943006178671
0.999995020017485
0.999995020017485
0.999995020017485
0.999995020017485
0.999995020017485
0.999995020017485
0.9999957204741827
0.9999957204741827
0.9999957204741827
0.9999957204741827
0.9999964398738006
0.9999964398738006
0.9999964398738006
0.9999964398738006
0.9999964398738006
0.9999964398738006
0.9999964398738006
0.9999964398738006
0.9999964398738006
0.9999964398738006
0.9999964398738006
0.9999964398738006
0.9999964398738006
0.9999964398738006
0.9999964398738006
0.9999964398738006
0.9999964398738006
0.9999964398738006
0.9999972245567886
0.9999972245567886
0.9999979512587246
0.9999979512587246
0.9999979512587246
0.9999979512587246
0.9999979512587246
0.9999979512587246
0.9999986535769365
0.9999986535769365
0.9999986535769365
0.9999986535769365
0.9999986535769365
0.9999986535769365
0.9999986535769365
0.9999986535769365
0.9999986535769365
0.9999986535769365
0.9999986535769365
0.9999986535769365
0.9999986535769365
0.9999986535769365
0.9999986535769365
0.9999986535769365
0.9999986535769365
0.9999986535769365
0.9999986535769365
0.9999986535769365
0.9999986535769365
0.9999986535769365
0.9999986535769365
0.9999986535769365
0.9999986535769365
0.9999986535769365
0.9999986535769365
0.9999986535769365
0.9999986535769365
0.9999986535769365
0.9999986535769365
0.9999986535769365
0.9999986535769365
0.9999986535769365
0.9999986535769365
0.9999986535769365
0.9999986535769365
0.9999986535769365
0.9999986535769365
0.9999986535769365
0.9999986535769365
0.9999986535769365
0.9999986535769365
0.9999986535769365
0.9999986535769365
0.9999986535769365
0.9999986535769365
0.9999986535769365
0.9999986535769365
0.9999986535769365
0.9999986535769365
0.9999986535769365
0.9999986535769365
0.9999986535769365
0.9999986535769365
0.9999986535769365
0.9999986535769365
0.9999986535769365
0.9999986535769365
0.9999986535769365
0.9999986535769365
0.9999986535769365
0.9999986535769365
0.9999986535769365
0.9999986535769365
0.9999986535769365
0.9999986535769365
0.9999986535769365
0.9999986535769365
0.9999986535769365
0.9999986535769365
0.9999986535769365
0.9999986535769365
0.9999986535769365
0.9999986535769365
0.9999986535769365
0.9999986535769365
0.9999986535769365
0.9999986535769365
0.9999986535769365
0.9999986535769365
0.9999986535769365
0.9999986535769365
0.9999986535769365
0.9999986535769365
0.9999986535769365
0.9999986535769365
0.9999986535769365
0.9999986535769365
0.9999986535769365
0.9999986535769365
0.9999986535769365
0.9999986535769365
0.9999986535769365
0.9999986535769365
0.9999986535769365
0.9999986535769365
0.9999986535769365
0.9999986535769365
0.9999986535769365
0.9999993819132997
0.9999993819132997
0.9999993819132997
0.9999993819132997
0.9999993819132997
0.9999993819132997
0.9999993819132997
0.9999993819132997
0.9999993819132997
0.9999993819132997
0.9999993819132997
0.9999993819132997
0.9999993819132997
0.9999993819132997
0.9999993819132997
0.9999993819132997
0.9999993819132997
0.9999993819132997
0.9999993819132997
0.9999993819132997
0.9999993819132997
0.9999993819132997
0.9999993819132997
0.9999993819132997
0.9999993819132997
0.9999993819132997
0.9999993819132997
0.9999993819132997
0.9999993819132997
0.9999993819132997
0.9999993819132997
0.9999993819132997
0.9999993819132997
0.9999993819132997
0.9999993819132997
0.9999993819132997
0.9999993819132997
0.9999993819132997
0.9999993819132997
0.9999993819132997
0.9999993819132997
0.9999993819132997
0.9999993819132997
0.9999993819132997
0.9999993819132997
0.9999993819132997
0.9999993819132997
0.9999993819132997
0.9999993819132997
0.9999993819132997
0.9999993819132997
0.9999993819132997
0.9999993819132997
0.9999993819132997
0.9999993819132997
0.9999993819132997
0.9999993819132997
0.9999993819132997
0.9999993819132997
0.9999993819132997
0.9999993819132997
0.9999993819132997
0.9999993819132997
0.9999993819132997
0.9999993819132997
0.9999993819132997
0.9999993819132997
0.9999993819132997
0.9999993819132997
0.9999993819132997
0.9999993819132997
1.0
1.0
