0.005821604405013688
0.015026183376665623
0.01952460892772275
0.02768125465150491
0.03207116473950875
0.042891707757337035
0.04456255153344397
0.047519663865556304
0.055126051706193196
0.06211591682918922
0.07161692994581388
0.07612864400954528
0.07699669956510084
0.07953559889676333
0.08130767215187128
0.08217572770742683
0.08217572770742683
0.0845911866446249
0.08546607728329507
0.08966672594307595
0.092577932855284
0.09379893407628521
0.0963271248397701
0.10127077454045304
0.10547157848516125
0.10716832681593652
0.10934357191397573
0.11042232056553991
0.11475873320139492
0.11654437065245125
0.1174124262080068
0.118491174859571
0.118491174859571
0.12026324811467896
0.12649704458798933
0.12649704458798933
0.12649704458798933
0.12649704458798933
0.12826911784309727
0.14039215093562513
0.14449172540133232
0.14714541840794418
0.15293776174908277
0.15487783684336875
0.15595658549493294
0.15681791193765474
0.1602970752132724
0.16113249710132585
0.16113249710132585
0.16113249710132585
0.16221124575289003
0.16429357341661305
0.17103327669298377
0.1760797429767581
0.17730074419775932
0.17900422164136837
0.17991496845375451
0.18556495844268944
0.18836635997969722
0.18958736120069844
0.19287087569345207
0.1956463726757915
0.1956463726757915
0.20029303972026158
0.20115436616298338
0.20321078927203806
0.20404621116009153
0.20404621116009153
0.2097957620056777
0.2108745106572419
0.21558876105722444
0.21645681661278
0.2189717356238627
0.2189717356238627
0.21988248243624886
0.2207505379918044
0.22530499217105776
0.2270343741693351
0.23048402031338375
0.23266610049453756
0.2369839570231139
0.2382049582441151
0.23993434024239246
0.23993434024239246
0.24163781768600145
0.24644227888290793
0.2483564494225256
0.2504990608530628
0.2504990608530628
0.25265655815619115
0.2537353068077553
0.2586962077161843
0.2595575341589061
0.26198626484850634
0.26555070466750436
0.2703952575611646
0.27664945331353796
0.279629256037245
0.28556617109306426
0.28735180854412057
0.2903316112678276
0.2903316112678276
0.29500392679927206
0.29500392679927206
0.3019762846468281
0.3060984399222679
0.3073194411432691
0.3085404423642703
0.31070895834947576
0.31158384898814595
0.31158384898814595
0.313287326431755
0.313287326431755
0.313287326431755
0.313287326431755
0.3155052627866248
0.31720201111740004
0.3218166954732171
0.3228954441247813
0.3304355702865486
0.33581487540025173
0.34025074810999145
0.3450430242331053
0.34802955606964603
0.35203278338582045
0.35289410982854225
0.35376900046721244
0.3571326131187507
0.3571326131187507
0.3580433599311369
0.36109671817406014
0.36200746498644626
0.36200746498644626
0.3639475400807323
0.3639475400807323
0.3639475400807323
0.3694128423110936
0.3747719553547364
0.3776295063742423
0.3840915889095001
0.38722676067011896
0.3893952766553244
0.39222380658422895
0.39708163123029144
0.40145072945772386
0.40508718961592316
0.4080511370311501
0.4118369421384821
0.4118369421384821
0.4118369421384821
0.41516314788806624
0.41807435480027433
0.4228403083393127
0.43023415630057543
0.4344985641454524
0.43796738573133553
0.440885135283112
0.44386493800681903
0.4447003598948725
0.4467567830039272
0.45192539502162177
0.45404387130260687
0.45681936828494635
0.4576547901729998
0.45939773636722553
0.4613445405743452
0.4633876919309978
0.4633876919309978
0.4633876919309978
0.46512390901238976
0.470503214126093
0.47268529430724676
0.4750712325012947
0.47989660995312033
0.48076466550867586
0.4863620126217325
0.4890515618020605
0.4913513116746258
0.4954008428245316
0.4971043202681406
0.5003015452006899
0.5020118577274135
0.5032328589484147
0.5044405884170139
0.5053019148597356
0.5061699704152912
0.509180637401384
0.5130730301092614
0.5139837769216475
0.5181618904747611
0.5193696199433602
0.5210663682741354
0.5271989352684447
0.5345852431215383
0.5354601337602085
0.5372030799544343
0.5381138267668203
0.541503343973027
0.5428105335155107
0.5440182629841098
0.5440182629841098
0.5440182629841098
0.5452259924527088
0.5452259924527088
0.5483937978808296
0.5492686885194998
0.5492686885194998
0.5510116347137255
0.5540482062544866
0.5553553957969702
0.5592592170854656
0.5601699638978518
0.5627551670632456
0.5661055079623817
0.5706048816673931
0.5716836303189573
0.5755023615373376
0.5778882997313854
0.5799773565079422
0.5808881033203285
0.5817988501327146
0.5858415461995057
0.5866769680875592
0.5875123899756126
0.5875123899756126
0.5875123899756126
0.5875123899756126
0.5884231367879988
0.5901593538693908
0.5901593538693908
0.5913670833379898
0.5957494533178244
0.5977926046744769
0.5977926046744769
0.5998884965341483
0.6007633871728184
0.6032915779363033
0.6041664685749735
0.6087534015927567
0.6122683150718095
0.6151327011744301
0.6172285930341014
0.6197435120451842
0.6206184026838543
0.6206184026838543
0.6214932933225245
0.6214932933225245
0.6227142945435257
0.6239220240121247
0.6239220240121247
0.6280801367000023
0.6297768850307776
0.6315230537312171
0.6343447485770071
0.6389059318690942
0.643539327161162
0.6458258052813253
0.6458258052813253
0.6467365520937114
0.6503610351600527
0.6521331084151608
0.6529944348578826
0.6529944348578826
0.6543016244003662
0.6564837045815201
0.6585594896056746
0.6594275451612301
0.6616454815160999
0.6644604472490561
0.6653353378877261
0.6662460847001124
0.6662460847001124
0.6684281648812661
0.6693030555199363
0.6710886929709927
0.6710886929709927
0.6745677502763295
0.6754784970887157
0.6763465526442712
0.6763465526442712
0.6775675538652725
0.6795211931555069
0.6829744518764562
0.6840532005280203
0.6849280911666905
0.6867137286177468
0.6890996668117947
0.6945817557443182
0.6966575407684729
0.6975255963240284
0.6987333257926275
0.6987333257926275
0.7004368032362365
0.701304858791792
0.7021729143473476
0.7021729143473476
0.7039158605415733
0.7056193379851823
0.7065300847975684
0.7083021580526764
0.7083021580526764
0.7083021580526764
0.70960934759516
0.7104447694832134
0.7125632457641987
0.7137842469851999
0.7155698844362564
0.7166486330878205
0.7197414600813603
0.7197414600813603
0.721451772608084
0.721451772608084
0.7223130990508059
0.7223130990508059
0.7235208285194048
0.7260923615185694
0.7280391657256892
0.7280391657256892
0.7289140563643594
0.7323397221878283
0.7323397221878283
0.7323397221878283
0.7340758332989394
0.7340758332989394
0.7349438888544949
0.7387106244902732
0.7387106244902732
0.7407929521539962
0.7420006816225952
0.7420006816225952
0.7420006816225952
0.7429114284349814
0.7461722572676993
0.7461722572676993
0.7461722572676993
0.7461722572676993
0.7461722572676993
0.7461722572676993
0.7470335837104211
0.7470335837104211
0.7496378563473686
0.7504732782354222
0.7504732782354222
0.7513840250478082
0.7524627736993725
0.7552844685451624
0.7552844685451624
0.7561198904332158
0.7578233678768248
0.7578233678768248
0.7578233678768248
0.7599056955405479
0.7620241718215331
0.7628990624602033
0.7628990624602033
0.7637739530988735
0.7646093749869269
0.7658171044555259
0.7666525263435794
0.7677312749951436
0.7677312749951436
0.7677312749951436
0.7689522762161448
0.7698136026588666
0.7706816582144221
0.7715170801024755
0.7715170801024755
0.7749427459259445
0.7768569164655621
0.777718242908284
0.777718242908284
0.77965831800257
0.7814798116273423
0.7823478671828978
0.783568868403899
0.7844437590425692
0.7855225076941333
0.7872259851377423
0.788533174680226
0.788533174680226
0.7906516509612111
0.792833731142365
0.792833731142365
0.7949654791757524
0.7949654791757524
0.7949654791757524
0.7949654791757524
0.7949654791757524
0.7949654791757524
0.7949654791757524
0.7966948611740299
0.7992230519375148
0.7992230519375148
0.7992230519375148
0.8000979425761848
0.8009333644642384
0.8009333644642384
0.8031018804494438
0.8039373023374972
0.8039373023374972
0.8039373023374972
0.806469472556326
0.806469472556326
0.806469472556326
0.806469472556326
0.8081921254417695
0.8081921254417695
0.8081921254417695
0.8081921254417695
0.8101322005360555
0.8118751467302813
0.8118751467302813
0.8118751467302813
0.8127500373689514
0.8136607841813377
0.8136607841813377
0.8154037303755634
0.8171758036306712
0.8188725519614465
0.8197079738494999
0.8197079738494999
0.8197079738494999
0.8197079738494999
0.8205693002922216
0.8214441909308918
0.8214441909308918
0.8214441909308918
0.8214441909308918
0.8214441909308918
0.822665192151893
0.822665192151893
0.822665192151893
0.822665192151893
0.822665192151893
0.82625885981454
0.82625885981454
0.82625885981454
0.82625885981454
0.82625885981454
0.82625885981454
0.82625885981454
0.82625885981454
0.8281989349088259
0.8292776835603901
0.8301525741990603
0.8310206297546158
0.8323278192970994
0.8345098994782533
0.8354206462906394
0.8354206462906394
0.8362819727333612
0.8362819727333612
0.8371500282889168
0.8371500282889168
0.8371500282889168
0.8371500282889168
0.8371500282889168
0.8371500282889168
0.8371500282889168
0.8392326483961859
0.840107539034856
0.8409824296735262
0.8409824296735262
0.8418437561162481
0.8418437561162481
0.8418437561162481
0.8418437561162481
0.8418437561162481
0.8418437561162481
0.8450115615443691
0.8450115615443691
0.8462192910129682
0.8462192910129682
0.8462192910129682
0.8470873465685238
0.8481660952200879
0.8490341507756435
0.849902206331199
0.8524303970946838
0.8532917235374057
0.8541597790929613
0.8541597790929613
0.8553807803139625
0.8562488358695179
0.8579714887549615
0.8579714887549615
0.8579714887549615
0.8588395443105171
0.8588395443105171
0.8588395443105171
0.8588395443105171
0.8597502911229032
0.8597502911229032
0.8597502911229032
0.8597502911229032
0.8597502911229032
0.8597502911229032
0.8609712923439045
0.8627075094252965
0.8627075094252965
0.8644042577560717
0.8644042577560717
0.8644042577560717
0.8664868778633409
0.8664868778633409
0.8664868778633409
0.8664868778633409
0.8664868778633409
0.8664868778633409
0.8673549334188965
0.8692691039585142
0.8692691039585142
0.8701371595140697
0.8701371595140697
0.8701371595140697
0.8701371595140697
0.8701371595140697
0.8701371595140697
0.8701371595140697
0.8701371595140697
0.8709725814021232
0.8709725814021232
0.8709725814021232
0.8709725814021232
0.8718406369576788
0.8718406369576788
0.8718406369576788
0.8730483664262777
0.8738837883143312
0.8738837883143312
0.8738837883143312
0.8738837883143312
0.8738837883143312
0.8738837883143312
0.8738837883143312
0.8751909778568149
0.8771051483964325
0.8781838970479967
0.8802403201570513
0.8819437976006603
0.8819437976006603
0.8830225462522245
0.8839332930646108
0.8839332930646108
0.8839332930646108
0.885154294285612
0.8868251380617189
0.8868251380617189
0.8868251380617189
0.8881323276042026
0.8893533288252038
0.8902213843807593
0.8902213843807593
0.8910568062688129
0.8910568062688129
0.8910568062688129
0.8910568062688129
0.8910568062688129
0.892135554920377
0.8933432843889759
0.8933432843889759
0.8933432843889759
0.8933432843889759
0.8954750324223634
0.8954750324223634
0.8954750324223634
0.8954750324223634
0.8954750324223634
0.8954750324223634
0.8954750324223634
0.8954750324223634
0.896782221964847
0.8988781138245184
0.8988781138245184
0.8988781138245184
0.8997394402672403
0.900600766709962
0.900600766709962
0.9038221267920632
0.9046834532347852
0.9046834532347852
0.9046834532347852
0.9046834532347852
0.9046834532347852
0.9046834532347852
0.9046834532347852
0.9055447796775068
0.9055447796775068
0.9066235283290711
0.9066235283290711
0.9066235283290711
0.9074589502171246
0.9074589502171246
0.9074589502171246
0.9074589502171246
0.9085376988686887
0.9085376988686887
0.9106200265324118
0.9114554484204653
0.9114554484204653
0.9114554484204653
0.9114554484204653
0.9114554484204653
0.9114554484204653
0.9126631778890643
0.9126631778890643
0.9126631778890643
0.9126631778890643
0.9135312334446198
0.9135312334446198
0.9135312334446198
0.9135312334446198
0.9146099820961839
0.9146099820961839
0.9154848727348541
0.9154848727348541
0.9154848727348541
0.9171816210656295
0.9171816210656295
0.9171816210656295
0.9189536943207374
0.9189536943207374
0.9189536943207374
0.9189536943207374
0.9198285849594074
0.9198285849594074
0.9198285849594074
0.9198285849594074
0.9198285849594074
0.9198285849594074
0.9198285849594074
0.9198285849594074
0.9206899114021293
0.9206899114021293
0.9206899114021293
0.9206899114021293
0.9215648020407995
0.9215648020407995
0.9237827383956694
0.9237827383956694
0.9237827383956694
0.9237827383956694
0.9237827383956694
0.9237827383956694
0.9237827383956694
0.9237827383956694
0.9267607717142599
0.9267607717142599
0.9267607717142599
0.9267607717142599
0.9267607717142599
0.9267607717142599
0.92763566235293
0.92763566235293
0.9284969887956519
0.9284969887956519
0.9297179900166531
0.9297179900166531
0.9305793164593749
0.9305793164593749
0.9305793164593749
0.9305793164593749
0.9305793164593749
0.9305793164593749
0.9305793164593749
0.9305793164593749
0.9314900632717611
0.9326977927403601
0.9336085395527464
0.9336085395527464
0.9336085395527464
0.9336085395527464
0.9336085395527464
0.9336085395527464
0.9336085395527464
0.9348162690213453
0.9348162690213453
0.9348162690213453
0.9348162690213453
0.9348162690213453
0.9348162690213453
0.9348162690213453
0.9356911596600155
0.9356911596600155
0.9356911596600155
0.9356911596600155
0.9356911596600155
0.9356911596600155
0.9356911596600155
0.9356911596600155
0.9356911596600155
0.9356911596600155
0.9356911596600155
0.9356911596600155
0.9356911596600155
0.9356911596600155
0.9356911596600155
0.9376806551239658
0.938901656344967
0.938901656344967
0.938901656344967
0.938901656344967
0.938901656344967
0.938901656344967
0.938901656344967
0.938901656344967
0.938901656344967
0.938901656344967
0.938901656344967
0.938901656344967
0.938901656344967
0.938901656344967
0.938901656344967
0.9398124031573531
0.9398124031573531
0.9415585718577929
0.9415585718577929
0.9415585718577929
0.9415585718577929
0.9415585718577929
0.9423939937458464
0.9423939937458464
0.9441369399400722
0.9441369399400722
0.9441369399400722
0.9441369399400722
0.9441369399400722
0.9441369399400722
0.9441369399400722
0.9441369399400722
0.9441369399400722
0.9441369399400722
0.9441369399400722
0.9441369399400722
0.9441369399400722
0.9441369399400722
0.9441369399400722
0.9441369399400722
0.9441369399400722
0.9441369399400722
0.9441369399400722
0.9441369399400722
0.9441369399400722
0.9441369399400722
0.9441369399400722
0.9452156885916363
0.9452156885916363
0.9452156885916363
0.9460905792303065
0.9469519056730282
0.9469519056730282
0.9469519056730282
0.9469519056730282
0.9469519056730282
0.9469519056730282
0.9469519056730282
0.9478267963116984
0.9486881227544202
0.9486881227544202
0.9495235446424736
0.9495235446424736
0.9495235446424736
0.9495235446424736
0.9495235446424736
0.9512461975279172
0.9521142530834728
0.9531930017350368
0.9540610572905924
0.9540610572905924
0.9540610572905924
0.9540610572905924
0.9540610572905924
0.9540610572905924
0.9540610572905924
0.9540610572905924
0.9540610572905924
0.9540610572905924
0.9540610572905924
0.9540610572905924
0.9540610572905924
0.9540610572905924
0.9540610572905924
0.9549223837333142
0.9549223837333142
0.9549223837333142
0.9557578056213677
0.9557578056213677
0.9557578056213677
0.9570649951638514
0.9570649951638514
0.9570649951638514
0.9582727246324504
0.9582727246324504
0.9582727246324504
0.9582727246324504
0.9582727246324504
0.9582727246324504
0.9582727246324504
0.9582727246324504
0.9582727246324504
0.9582727246324504
0.9582727246324504
0.9582727246324504
0.9593514732840145
0.9593514732840145
0.9593514732840145
0.9593514732840145
0.9593514732840145
0.9593514732840145
0.9593514732840145
0.9593514732840145
0.9593514732840145
0.9593514732840145
0.9593514732840145
0.9593514732840145
0.9593514732840145
0.960186895172068
0.960186895172068
0.9610549507276236
0.9610549507276236
0.9622626801962225
0.9622626801962225
0.9622626801962225
0.9622626801962225
0.9622626801962225
0.9622626801962225
0.9622626801962225
0.9622626801962225
0.9630981020842762
0.9630981020842762
0.9630981020842762
0.9630981020842762
0.9630981020842762
0.9630981020842762
0.9630981020842762
0.9630981020842762
0.9630981020842762
0.9630981020842762
0.9630981020842762
0.9630981020842762
0.9630981020842762
0.9648701753393839
0.9648701753393839
0.9657809221517701
0.9657809221517701
0.9657809221517701
0.9657809221517701
0.9657809221517701
0.9657809221517701
0.9657809221517701
0.9657809221517701
0.9657809221517701
0.966642248594492
0.966642248594492
0.966642248594492
0.966642248594492
0.966642248594492
0.966642248594492
0.9678499780630909
0.9678499780630909
0.9678499780630909
0.9678499780630909
0.9678499780630909
0.9687180336186465
0.9687180336186465
0.9687180336186465
0.9687180336186465
0.9687180336186465
0.9687180336186465
0.9687180336186465
0.9687180336186465
0.9687180336186465
0.9687180336186465
0.9687180336186465
0.9687180336186465
0.9699390348396477
0.9699390348396477
0.9699390348396477
0.9699390348396477
0.9699390348396477
0.9699390348396477
0.9699390348396477
0.9699390348396477
0.9699390348396477
0.9699390348396477
0.9699390348396477
0.9699390348396477
0.9699390348396477
0.9699390348396477
0.9699390348396477
0.9699390348396477
0.9699390348396477
0.9699390348396477
0.9699390348396477
0.9699390348396477
0.9699390348396477
0.9707744567277012
0.9707744567277012
0.9707744567277012
0.9707744567277012
0.9716425122832568
0.9725105678388124
0.9725105678388124
0.9725105678388124
0.9734213146511986
0.9742962052898688
0.9742962052898688
0.9742962052898688
0.9751575317325906
0.9751575317325906
0.9751575317325906
0.9751575317325906
0.9751575317325906
0.9751575317325906
0.9751575317325906
0.9751575317325906
0.9751575317325906
0.9751575317325906
0.9751575317325906
0.9751575317325906
0.9751575317325906
0.9751575317325906
0.9760324223712608
0.9760324223712608
0.9769004779268163
0.9777685334823718
0.9777685334823718
0.9777685334823718
0.9777685334823718
0.9777685334823718
0.9777685334823718
0.9777685334823718
0.9777685334823718
0.9777685334823718
0.9777685334823718
0.9777685334823718
0.9777685334823718
0.9777685334823718
0.9777685334823718
0.9777685334823718
0.9777685334823718
0.9777685334823718
0.9777685334823718
0.9777685334823718
0.9777685334823718
0.9777685334823718
0.9777685334823718
0.9777685334823718
0.9777685334823718
0.9777685334823718
0.9786039553704252
0.9786039553704252
0.9786039553704252
0.9799111449129089
0.9799111449129089
0.9799111449129089
0.9799111449129089
0.9799111449129089
0.9799111449129089
0.9799111449129089
0.9799111449129089
0.9799111449129089
0.9799111449129089
0.9799111449129089
0.9799111449129089
0.9799111449129089
0.9799111449129089
0.9799111449129089
0.9799111449129089
0.9807465668009624
0.9807465668009624
0.9807465668009624
0.9807465668009624
0.9807465668009624
0.9807465668009624
0.9807465668009624
0.9807465668009624
0.9807465668009624
0.9807465668009624
0.9807465668009624
0.9807465668009624
0.9807465668009624
0.9807465668009624
0.9807465668009624
0.9807465668009624
0.9807465668009624
0.9807465668009624
0.9807465668009624
0.9807465668009624
0.9807465668009624
0.9807465668009624
0.9807465668009624
0.9807465668009624
0.9807465668009624
0.9807465668009624
0.9807465668009624
0.9807465668009624
0.9807465668009624
0.9807465668009624
0.9807465668009624
0.9807465668009624
0.9807465668009624
0.9816078932436842
0.9816078932436842
0.9816078932436842
0.9816078932436842
0.9816078932436842
0.9824433151317375
0.9824433151317375
0.9824433151317375
0.9824433151317375
0.9824433151317375
0.9824433151317375
0.9824433151317375
0.9824433151317375
0.9824433151317375
0.9824433151317375
0.9824433151317375
0.9836643163527388
0.9836643163527388
0.9836643163527388
0.9848720458213379
0.9848720458213379
0.9848720458213379
0.9848720458213379
0.9848720458213379
0.9848720458213379
0.9848720458213379
0.9848720458213379
0.9848720458213379
0.9848720458213379
0.9848720458213379
0.9857333722640598
0.9857333722640598
0.9857333722640598
0.9857333722640598
0.9857333722640598
0.9870405618065434
0.9870405618065434
0.9870405618065434
0.9870405618065434
0.9881193104581075
0.9881193104581075
0.9881193104581075
0.9881193104581075
0.9881193104581075
0.9881193104581075
0.9881193104581075
0.9881193104581075
0.9881193104581075
0.9881193104581075
0.9881193104581075
0.9881193104581075
0.9881193104581075
0.9881193104581075
0.9881193104581075
0.9881193104581075
0.9881193104581075
0.9881193104581075
0.9881193104581075
0.9881193104581075
0.9881193104581075
0.9881193104581075
0.9881193104581075
0.9881193104581075
0.9881193104581075
0.9881193104581075
0.9881193104581075
0.9881193104581075
0.9881193104581075
0.9881193104581075
0.9881193104581075
0.9881193104581075
0.9881193104581075
0.9881193104581075
0.9881193104581075
0.9881193104581075
0.9881193104581075
0.9881193104581075
0.9881193104581075
0.9881193104581075
0.9881193104581075
0.9881193104581075
0.9881193104581075
0.9893403116791087
0.9893403116791087
0.9893403116791087
0.9893403116791087
0.9893403116791087
0.9893403116791087
0.9893403116791087
0.9893403116791087
0.9893403116791087
0.9893403116791087
0.9893403116791087
0.9893403116791087
0.9893403116791087
0.9893403116791087
0.9893403116791087
0.9893403116791087
0.9893403116791087
0.9893403116791087
0.9893403116791087
0.9893403116791087
0.9893403116791087
0.9893403116791087
0.9893403116791087
0.9893403116791087
0.9893403116791087
0.9893403116791087
0.9893403116791087
0.9893403116791087
0.9893403116791087
0.9893403116791087
0.9893403116791087
0.9893403116791087
0.9893403116791087
0.9893403116791087
0.9893403116791087
0.9893403116791087
0.9893403116791087
0.9893403116791087
0.9893403116791087
0.9893403116791087
0.9893403116791087
0.9893403116791087
0.9893403116791087
0.9893403116791087
0.9893403116791087
0.9893403116791087
0.9893403116791087
0.9902152023177789
0.9902152023177789
0.9902152023177789
0.9902152023177789
0.9902152023177789
0.9902152023177789
0.9902152023177789
0.9902152023177789
0.9902152023177789
0.9902152023177789
0.9902152023177789
0.9902152023177789
0.9902152023177789
0.9902152023177789
0.9902152023177789
0.9902152023177789
0.9902152023177789
0.9902152023177789
0.9902152023177789
0.9902152023177789
0.9902152023177789
0.9902152023177789
0.9902152023177789
0.9902152023177789
0.9902152023177789
0.9902152023177789
0.9902152023177789
0.9902152023177789
0.9902152023177789
0.9902152023177789
0.9914362035387801
0.9914362035387801
0.9914362035387801
0.9914362035387801
0.9914362035387801
0.9914362035387801
0.9914362035387801
0.9914362035387801
0.9914362035387801
0.9914362035387801
0.9914362035387801
0.9914362035387801
0.9914362035387801
0.9914362035387801
0.9914362035387801
0.9914362035387801
0.9914362035387801
0.9914362035387801
0.9914362035387801
0.9914362035387801
0.9914362035387801
0.9914362035387801
0.9914362035387801
0.9914362035387801
0.9914362035387801
0.9914362035387801
0.9914362035387801
0.9914362035387801
0.9914362035387801
0.9914362035387801
0.9914362035387801
0.9914362035387801
0.9914362035387801
0.9914362035387801
0.9914362035387801
0.9914362035387801
0.9914362035387801
0.9914362035387801
0.9914362035387801
0.9914362035387801
0.9914362035387801
0.9914362035387801
0.9914362035387801
0.9914362035387801
0.9914362035387801
0.9914362035387801
0.9914362035387801
0.9914362035387801
0.9914362035387801
0.9914362035387801
0.9914362035387801
0.9914362035387801
0.9914362035387801
0.9914362035387801
0.9914362035387801
0.9914362035387801
0.9914362035387801
0.9923469503511664
0.9923469503511664
0.9923469503511664
0.9932576971635524
0.9932576971635524
0.9932576971635524
0.9932576971635524
0.9932576971635524
0.9932576971635524
0.9932576971635524
0.9932576971635524
0.9932576971635524
0.9932576971635524
0.9932576971635524
0.9932576971635524
0.9932576971635524
0.9932576971635524
0.9932576971635524
0.9932576971635524
0.9932576971635524
0.9932576971635524
0.9932576971635524
0.9932576971635524
0.9932576971635524
0.9932576971635524
0.9932576971635524
0.9932576971635524
0.9932576971635524
0.9932576971635524
0.9932576971635524
0.9932576971635524
0.9932576971635524
0.9932576971635524
0.9932576971635524
0.9932576971635524
0.9932576971635524
0.9932576971635524
0.9932576971635524
0.9932576971635524
0.9932576971635524
0.9932576971635524
0.9932576971635524
0.9932576971635524
0.9932576971635524
0.9932576971635524
0.9932576971635524
0.9932576971635524
0.9932576971635524
0.9932576971635524
0.9932576971635524
0.9932576971635524
0.9932576971635524
0.9932576971635524
0.9932576971635524
0.9932576971635524
0.9932576971635524
0.9932576971635524
0.9932576971635524
0.9932576971635524
0.9932576971635524
0.9932576971635524
0.9932576971635524
0.9932576971635524
0.9932576971635524
0.9932576971635524
0.9932576971635524
0.9932576971635524
0.9932576971635524
0.9932576971635524
0.9932576971635524
0.9932576971635524
0.9932576971635524
0.9932576971635524
0.9932576971635524
0.9932576971635524
0.9932576971635524
0.9932576971635524
0.9932576971635524
0.9932576971635524
0.9932576971635524
0.9932576971635524
0.9932576971635524
0.9932576971635524
0.9932576971635524
0.9932576971635524
0.9932576971635524
0.9932576971635524
0.9932576971635524
0.9932576971635524
0.9932576971635524
0.9932576971635524
0.9932576971635524
0.9932576971635524
0.9932576971635524
0.9932576971635524
0.9932576971635524
0.9932576971635524
0.9941684439759386
0.9941684439759386
0.9941684439759386
0.9941684439759386
0.9941684439759386
0.9941684439759386
0.9941684439759386
0.9941684439759386
0.9941684439759386
0.9941684439759386
0.9941684439759386
0.9941684439759386
0.9941684439759386
0.9941684439759386
0.9941684439759386
0.9941684439759386
0.9941684439759386
0.9941684439759386
0.9941684439759386
0.9941684439759386
0.9941684439759386
0.9941684439759386
0.9941684439759386
0.9941684439759386
0.9941684439759386
0.9941684439759386
0.9941684439759386
0.9941684439759386
0.9941684439759386
0.9941684439759386
0.9941684439759386
0.9941684439759386
0.9941684439759386
0.9941684439759386
0.9953894451969398
0.9953894451969398
0.9953894451969398
0.9953894451969398
0.9953894451969398
0.9953894451969398
0.9953894451969398
0.9953894451969398
0.9953894451969398
0.9953894451969398
0.9953894451969398
0.9953894451969398
0.9953894451969398
0.9953894451969398
0.9953894451969398
0.9953894451969398
0.9953894451969398
0.9953894451969398
0.9953894451969398
0.9953894451969398
0.9953894451969398
0.9953894451969398
0.9953894451969398
0.9953894451969398
0.9953894451969398
0.9953894451969398
0.9953894451969398
0.9953894451969398
0.9953894451969398
0.9953894451969398
0.9953894451969398
0.9953894451969398
0.9953894451969398
0.9953894451969398
0.9953894451969398
0.9953894451969398
0.9953894451969398
0.99626433583561
0.99626433583561
0.99626433583561
0.99626433583561
0.9970997577236635
0.9970997577236635
0.9970997577236635
0.9970997577236635
0.9970997577236635
0.9970997577236635
0.9970997577236635
0.9970997577236635
0.9970997577236635
0.9970997577236635
0.9970997577236635
0.9970997577236635
0.9970997577236635
0.9970997577236635
0.9970997577236635
0.9970997577236635
0.9970997577236635
0.9970997577236635
0.9970997577236635
0.9970997577236635
0.9970997577236635
0.9970997577236635
0.9970997577236635
0.9970997577236635
0.9970997577236635
0.9970997577236635
0.9970997577236635
0.9970997577236635
0.9970997577236635
0.9970997577236635
0.9970997577236635
0.9970997577236635
0.9970997577236635
0.9970997577236635
0.9970997577236635
0.9970997577236635
0.9970997577236635
0.9970997577236635
0.9970997577236635
0.9970997577236635
0.9970997577236635
0.9970997577236635
0.9970997577236635
0.9970997577236635
0.9970997577236635
0.9970997577236635
0.9970997577236635
0.9970997577236635
0.9970997577236635
0.9970997577236635
0.9970997577236635
0.9970997577236635
0.9970997577236635
0.9970997577236635
0.9970997577236635
0.9970997577236635
0.9970997577236635
0.9970997577236635
0.9970997577236635
0.9970997577236635
0.9981785063752278
0.9981785063752278
0.9981785063752278
0.9981785063752278
0.9981785063752278
0.9981785063752278
0.9981785063752278
0.9981785063752278
0.9981785063752278
0.9981785063752278
0.9981785063752278
0.9981785063752278
0.9981785063752278
0.9981785063752278
0.9981785063752278
0.9981785063752278
0.9981785063752278
0.9981785063752278
0.9981785063752278
0.9981785063752278
0.9981785063752278
0.9981785063752278
0.9981785063752278
0.9981785063752278
0.9981785063752278
0.9981785063752278
0.9981785063752278
0.9981785063752278
0.9981785063752278
0.9981785063752278
0.9981785063752278
0.9981785063752278
0.9981785063752278
0.9981785063752278
0.9981785063752278
0.9981785063752278
0.9981785063752278
0.9981785063752278
0.9981785063752278
0.9981785063752278
0.9981785063752278
0.9981785063752278
0.9981785063752278
0.9981785063752278
0.9981785063752278
0.9981785063752278
0.9981785063752278
0.9981785063752278
0.9981785063752278
0.9981785063752278
0.9981785063752278
0.9981785063752278
0.9981785063752278
0.9981785063752278
0.9981785063752278
0.9981785063752278
0.9981785063752278
0.9981785063752278
0.9981785063752278
0.9981785063752278
0.9981785063752278
0.9981785063752278
0.9981785063752278
0.9981785063752278
0.9981785063752278
0.9981785063752278
0.9981785063752278
0.9981785063752278
0.9981785063752278
0.9981785063752278
0.9981785063752278
0.9981785063752278
0.9981785063752278
0.9981785063752278
0.9981785063752278
0.9981785063752278
0.9981785063752278
0.9981785063752278
0.9981785063752278
0.9981785063752278
0.9981785063752278
0.9981785063752278
0.9981785063752278
0.9981785063752278
0.9981785063752278
0.9981785063752278
0.9981785063752278
0.9981785063752278
0.9981785063752278
0.9981785063752278
0.9981785063752278
0.9981785063752278
0.9981785063752278
0.9981785063752278
0.9981785063752278
0.9981785063752278
0.9981785063752278
0.9981785063752278
0.9981785063752278
0.999089253187614
0.999089253187614
0.999089253187614
0.999089253187614
0.999089253187614
0.999089253187614
0.999089253187614
0.999089253187614
0.999089253187614
0.999089253187614
0.999089253187614
0.999089253187614
0.999089253187614
0.999089253187614
0.999089253187614
0.999089253187614
0.999089253187614
0.999089253187614
0.999089253187614
0.999089253187614
0.999089253187614
0.999089253187614
0.999089253187614
0.999089253187614
0.999089253187614
0.999089253187614
0.999089253187614
0.999089253187614
0.999089253187614
0.999089253187614
0.999089253187614
0.999089253187614
0.999089253187614
0.999089253187614
0.999089253187614
0.999089253187614
0.999089253187614
0.999089253187614
0.999089253187614
0.999089253187614
0.999089253187614
0.999089253187614
0.999089253187614
0.999089253187614
0.999089253187614
0.999089253187614
0.999089253187614
0.999089253187614
0.999089253187614
0.999089253187614
0.999089253187614
0.999089253187614
0.999089253187614
0.999089253187614
0.999089253187614
0.999089253187614
0.999089253187614
0.999089253187614
0.999089253187614
0.999089253187614
0.999089253187614
0.999089253187614
0.999089253187614
0.999089253187614
0.999089253187614
0.999089253187614
0.999089253187614
0.999089253187614
0.999089253187614
0.999089253187614
0.999089253187614
0.999089253187614
0.999089253187614
0.999089253187614
0.999089253187614
0.999089253187614
0.999089253187614
0.999089253187614
0.999089253187614
0.999089253187614
0.999089253187614
0.999089253187614
0.999089253187614
0.999089253187614
0.999089253187614
0.999089253187614
0.999089253187614
0.999089253187614
0.999089253187614
0.999089253187614
0.999089253187614
0.999089253187614
0.999089253187614
0.999089253187614
0.999089253187614
0.999089253187614
0.999089253187614
0.999089253187614
0.999089253187614
0.999089253187614
0.999089253187614
0.999089253187614
0.999089253187614
0.999089253187614
0.999089253187614
0.999089253187614
0.999089253187614
0.999089253187614
0.999089253187614
0.999089253187614
0.999089253187614
0.999089253187614
0.999089253187614
0.999089253187614
0.999089253187614
0.999089253187614
0.999089253187614
0.999089253187614
0.999089253187614
0.999089253187614
0.999089253187614
0.999089253187614
0.999089253187614
0.999089253187614
0.999089253187614
0.999089253187614
0.999089253187614
0.999089253187614
0.999089253187614
0.999089253187614
0.999089253187614
0.999089253187614
0.999089253187614
0.999089253187614
0.999089253187614
0.999089253187614
0.999089253187614
0.999089253187614
0.999089253187614
0.999089253187614
0.999089253187614
0.999089253187614
0.999089253187614
0.999089253187614
0.999089253187614
0.999089253187614
0.999089253187614
0.999089253187614
0.999089253187614
0.999089253187614
0.999089253187614
0.999089253187614
0.999089253187614
0.999089253187614
0.999089253187614
0.999089253187614
0.999089253187614
0.999089253187614
0.999089253187614
0.999089253187614
0.999089253187614
0.999089253187614
0.999089253187614
0.999089253187614
0.999089253187614
0.999089253187614
0.999089253187614
0.999089253187614
0.999089253187614
0.999089253187614
0.999089253187614
0.999089253187614
0.999089253187614
0.999089253187614
0.999089253187614
0.999089253187614
0.999089253187614
0.999089253187614
0.999089253187614
0.999089253187614
0.999089253187614
0.999089253187614
0.999089253187614
0.999089253187614
0.999089253187614
0.999089253187614
0.999089253187614
0.999089253187614
0.999089253187614
0.999089253187614
0.999089253187614
0.999089253187614
0.999089253187614
0.999089253187614
0.999089253187614
0.999089253187614
0.999089253187614
0.999089253187614
0.999089253187614
0.999089253187614
0.999089253187614
0.999089253187614
0.999089253187614
0.999089253187614
0.999089253187614
0.999089253187614
0.999089253187614
0.999089253187614
0.999089253187614
0.999089253187614
0.999089253187614
0.999089253187614
0.999089253187614
0.999089253187614
0.999089253187614
0.999089253187614
0.999089253187614
0.999089253187614
0.999089253187614
0.999089253187614
0.999089253187614
0.999089253187614
0.999089253187614
0.999089253187614
0.999089253187614
0.999089253187614
0.999089253187614
0.999089253187614
0.999089253187614
0.999089253187614
0.999089253187614
0.999089253187614
0.999089253187614
0.999089253187614
0.999089253187614
0.999089253187614
0.999089253187614
0.999089253187614
0.999089253187614
0.999089253187614
0.999089253187614
0.999089253187614
0.999089253187614
0.999089253187614
0.999089253187614
0.999089253187614
0.999089253187614
0.999089253187614
0.999089253187614
0.999089253187614
0.999089253187614
0.999089253187614
0.999089253187614
0.999089253187614
0.999089253187614
0.999089253187614
0.999089253187614
0.999089253187614
0.999089253187614
0.999089253187614
0.999089253187614
0.999089253187614
0.999089253187614
0.999089253187614
0.999089253187614
0.999089253187614
0.999089253187614
0.999089253187614
0.999089253187614
0.999089253187614
0.999089253187614
0.999089253187614
0.999089253187614
0.999089253187614
0.999089253187614
0.999089253187614
0.999089253187614
0.999089253187614
0.999089253187614
0.999089253187614
0.999089253187614
0.999089253187614
0.999089253187614
0.999089253187614
0.999089253187614
0.999089253187614
0.999089253187614
0.999089253187614
0.999089253187614
0.999089253187614
0.999089253187614
0.999089253187614
0.999089253187614
0.999089253187614
0.999089253187614
0.999089253187614
0.999089253187614
0.999089253187614
0.999089253187614
0.999089253187614
0.999089253187614
0.999089253187614
0.999089253187614
0.999089253187614
0.999089253187614
0.999089253187614
0.999089253187614
0.999089253187614
0.999089253187614
0.999089253187614
0.999089253187614
0.999089253187614
0.999089253187614
0.999089253187614
0.999089253187614
0.999089253187614
0.999089253187614
0.999089253187614
0.999089253187614
0.999089253187614
0.999089253187614
0.999089253187614
0.999089253187614
0.999089253187614
0.999089253187614
0.999089253187614
0.999089253187614
0.999089253187614
0.999089253187614
0.999089253187614
0.999089253187614
0.999089253187614
0.999089253187614
0.999089253187614
0.999089253187614
0.999089253187614
0.999089253187614
0.999089253187614
0.999089253187614
0.999089253187614
0.999089253187614
0.999089253187614
0.999089253187614
0.999089253187614
0.999089253187614
0.999089253187614
0.999089253187614
0.999089253187614
0.999089253187614
0.999089253187614
0.999089253187614
0.999089253187614
0.999089253187614
0.999089253187614
0.999089253187614
0.999089253187614
0.999089253187614
0.999089253187614
0.999089253187614
0.999089253187614
0.999089253187614
0.999089253187614
0.999089253187614
0.999089253187614
0.999089253187614
0.999089253187614
0.999089253187614
0.999089253187614
0.999089253187614
0.999089253187614
0.999089253187614
0.999089253187614
0.999089253187614
0.999089253187614
0.999089253187614
0.999089253187614
0.999089253187614
0.999089253187614
0.999089253187614
0.999089253187614
0.999089253187614
0.999089253187614
0.999089253187614
0.999089253187614
0.999089253187614
0.999089253187614
0.999089253187614
0.999089253187614
0.999089253187614
0.999089253187614
0.999089253187614
0.999089253187614
0.999089253187614
0.999089253187614
0.999089253187614
0.999089253187614
0.999089253187614
0.999089253187614
0.999089253187614
0.999089253187614
0.999089253187614
0.999089253187614
0.999089253187614
0.999089253187614
0.999089253187614
0.999089253187614
0.999089253187614
0.999089253187614
0.999089253187614
0.999089253187614
0.999089253187614
0.999089253187614
0.999089253187614
0.999089253187614
0.999089253187614
0.999089253187614
0.999089253187614
0.999089253187614
0.999089253187614
0.999089253187614
0.999089253187614
0.999089253187614
0.999089253187614
0.999089253187614
0.999089253187614
0.999089253187614
0.999089253187614
0.999089253187614
0.999089253187614
0.999089253187614
0.999089253187614
0.999089253187614
0.999089253187614
0.999089253187614
0.999089253187614
1.0
1.0
