0.029553709465233963
0.0515632788432244
0.05685428413422969
0.060326506356451905
0.0710053774472223
0.08185193829378316
0.08740749384933871
0.08740749384933871
0.09296304940489425
0.09296304940489425
0.1038096102514551
0.11886437243265408
0.12441992798820964
0.12789215021043188
0.12789215021043188
0.13318315550143714
0.13318315550143714
0.13665537772365935
0.13665537772365935
0.13665537772365935
0.1401275999458816
0.1401275999458816
0.14630043945205443
0.14630043945205443
0.14630043945205443
0.1501318570765755
0.1501318570765755
0.1501318570765755
0.15518236212708056
0.15865458434930277
0.16421013990485836
0.16421013990485836
0.16421013990485836
0.16421013990485836
0.16904105777925446
0.1725132800014767
0.1725132800014767
0.1725132800014767
0.18190025318155334
0.18695075823205837
0.18695075823205837
0.19224176352306366
0.19779731907861925
0.21393488521618537
0.2189853902666904
0.2189853902666904
0.22281680789121147
0.22281680789121147
0.22281680789121147
0.22281680789121147
0.22281680789121147
0.22281680789121147
0.22281680789121147
0.22281680789121147
0.23342286849727215
0.24482637726920192
0.24865779489372297
0.252489212518244
0.2575397175687491
0.2628307228597544
0.2628307228597544
0.2628307228597544
0.26838627841531
0.26838627841531
0.26838627841531
0.2736772837063153
0.27896828899732057
0.27896828899732057
0.28481624221369484
0.28481624221369484
0.28481624221369484
0.28481624221369484
0.28828846443591705
0.28828846443591705
0.28828846443591705
0.2921198820604381
0.2976754376159937
0.2976754376159937
0.31002111662833937
0.31002111662833937
0.31002111662833937
0.3138525342528604
0.3138525342528604
0.3138525342528604
0.3138525342528604
0.3225148697517776
0.32598709197399983
0.3353740651540765
0.3353740651540765
0.3406650704450818
0.3406650704450818
0.345495988319478
0.345495988319478
0.345495988319478
0.345495988319478
0.35588246174942956
0.35588246174942956
0.3614380173049852
0.36699357286054074
0.36699357286054074
0.37204407791104577
0.375516300133268
0.38136425334964225
0.3923680107302112
0.39741851578071624
0.39741851578071624
0.4029740713362718
0.4029740713362718
0.4029740713362718
0.4029740713362718
0.40644629355849404
0.40644629355849404
0.40644629355849404
0.40644629355849404
0.40644629355849404
0.40644629355849404
0.40644629355849404
0.40644629355849404
0.40644629355849404
0.41173729884949933
0.42039963434841654
0.42039963434841654
0.42039963434841654
0.4242310519729376
0.43153469181968096
0.43500691404190317
0.43500691404190317
0.43500691404190317
0.4384791362641254
0.4384791362641254
0.4384791362641254
0.4435296413146304
0.4435296413146304
0.4435296413146304
0.4435296413146304
0.4435296413146304
0.45083328116137367
0.45083328116137367
0.45083328116137367
0.45083328116137367
0.45083328116137367
0.46093429126238383
0.46093429126238383
0.46093429126238383
0.46093429126238383
0.46710713076855664
0.4709385483930778
0.4767865016094521
0.4767865016094521
0.4767865016094521
0.4767865016094521
0.4767865016094521
0.4767865016094521
0.4919871188934025
0.4972781241844078
0.5007503464066301
0.5065982996230043
0.5065982996230043
0.5154802222980305
0.5207712275890358
0.5263267831445914
0.5263267831445914
0.5263267831445914
0.5321747363609656
0.5321747363609656
0.5383475758671384
0.5431784937415346
0.5431784937415346
0.5431784937415346
0.5466507159637568
0.5466507159637568
0.5466507159637568
0.5466507159637568
0.5466507159637568
0.551701221014262
0.551701221014262
0.5578740605204348
0.5634296160759903
0.5689851716315458
0.5745407271871014
0.5745407271871014
0.5745407271871014
0.5807135666932743
0.5807135666932743
0.5807135666932743
0.5841857889154966
0.5841857889154966
0.5900337421318708
0.5948646600062669
0.5948646600062669
0.6068854527288141
0.6068854527288141
0.6068854527288141
0.6068854527288141
0.6068854527288141
0.6068854527288141
0.6103576749510363
0.6103576749510363
0.6103576749510363
0.6159132305065917
0.6159132305065917
0.6159132305065917
0.6159132305065917
0.6159132305065917
0.6159132305065917
0.6159132305065917
0.6159132305065917
0.6197446481311129
0.6197446481311129
0.6247951531816178
0.6286265708061388
0.6341821263616945
0.6341821263616945
0.6341821263616945
0.6400300795780687
0.6400300795780687
0.6400300795780687
0.6400300795780687
0.6400300795780687
0.6400300795780687
0.6400300795780687
0.6400300795780687
0.6438614972025899
0.6438614972025899
0.648912002253095
0.648912002253095
0.648912002253095
0.648912002253095
0.6523842244753172
0.6523842244753172
0.6523842244753172
0.6523842244753172
0.6523842244753172
0.6523842244753172
0.6572151423497132
0.6572151423497132
0.6625061476407185
0.6673370655151146
0.6763648432928924
0.6763648432928924
0.6763648432928924
0.6763648432928924
0.6763648432928924
0.6763648432928924
0.6763648432928924
0.6798370655151147
0.6798370655151147
0.6798370655151147
0.6798370655151147
0.6798370655151147
0.6860099050212876
0.6860099050212876
0.6860099050212876
0.6860099050212876
0.6860099050212876
0.6918578582376618
0.6966887761120579
0.6966887761120579
0.6966887761120579
0.6966887761120579
0.6966887761120579
0.7001609983342801
0.7057165538898357
0.7057165538898357
0.7057165538898357
0.7091887761120579
0.7091887761120579
0.7091887761120579
0.7091887761120579
0.7150367293284322
0.7150367293284322
0.7150367293284322
0.7150367293284322
0.7150367293284322
0.7150367293284322
0.721209568834605
0.721209568834605
0.721209568834605
0.721209568834605
0.721209568834605
0.7273824083407778
0.7273824083407778
0.7273824083407778
0.7322133262151741
0.7322133262151741
0.7356855484373963
0.7395169660619173
0.7395169660619173
0.7395169660619173
0.7395169660619173
0.7395169660619173
0.7448079713529226
0.7448079713529226
0.7448079713529226
0.7448079713529226
0.7448079713529226
0.7448079713529226
0.7448079713529226
0.7448079713529226
0.7448079713529226
0.7448079713529226
0.7448079713529226
0.7448079713529226
0.7448079713529226
0.754929894518324
0.754929894518324
0.754929894518324
0.754929894518324
0.754929894518324
0.754929894518324
0.754929894518324
0.754929894518324
0.759980399568829
0.759980399568829
0.759980399568829
0.759980399568829
0.759980399568829
0.759980399568829
0.7658283527852032
0.7658283527852032
0.7658283527852032
0.7658283527852032
0.7749507757007297
0.7749507757007297
0.7749507757007297
0.7800012807512348
0.7800012807512348
0.7800012807512348
0.7838326983757559
0.7891237036667611
0.7925959258889833
0.7925959258889833
0.7925959258889833
0.7925959258889833
0.7925959258889833
0.7925959258889833
0.7925959258889833
0.7925959258889833
0.7925959258889833
0.7925959258889833
0.7925959258889833
0.7925959258889833
0.7925959258889833
0.7925959258889833
0.7925959258889833
0.7925959258889833
0.7925959258889833
0.7964273435135044
0.7964273435135044
0.7964273435135044
0.7964273435135044
0.7964273435135044
0.7964273435135044
0.7964273435135044
0.7964273435135044
0.7964273435135044
0.7998995657357266
0.8060724052418995
0.8060724052418995
0.8119203584582737
0.8119203584582737
0.8119203584582737
0.8119203584582737
0.8119203584582737
0.8119203584582737
0.8119203584582737
0.8119203584582737
0.8119203584582737
0.8119203584582737
0.8119203584582737
0.8157517760827947
0.8157517760827947
0.8251387492628713
0.8251387492628713
0.8251387492628713
0.8251387492628713
0.8251387492628713
0.8251387492628713
0.8251387492628713
0.8251387492628713
0.8309867024792458
0.8427150975409741
0.8427150975409741
0.8461873197631964
0.8461873197631964
0.8461873197631964
0.8461873197631964
0.8500187373877175
0.8500187373877175
0.8500187373877175
0.8500187373877175
0.8500187373877175
0.8500187373877175
0.8500187373877175
0.8500187373877175
0.8500187373877175
0.8500187373877175
0.8500187373877175
0.8500187373877175
0.8500187373877175
0.8500187373877175
0.8500187373877175
0.8500187373877175
0.8548496552621135
0.8548496552621135
0.8548496552621135
0.8548496552621135
0.8548496552621135
0.8548496552621135
0.8548496552621135
0.8548496552621135
0.8548496552621135
0.8599001603126185
0.8649506653631236
0.8649506653631236
0.8649506653631236
0.8649506653631236
0.8649506653631236
0.8649506653631236
0.8649506653631236
0.8649506653631236
0.8649506653631236
0.8649506653631236
0.8649506653631236
0.8649506653631236
0.8649506653631236
0.8649506653631236
0.8766790604248521
0.8766790604248521
0.8766790604248521
0.8766790604248521
0.8766790604248521
0.8766790604248521
0.8766790604248521
0.8815099782992483
0.8815099782992483
0.8815099782992483
0.8815099782992483
0.8815099782992483
0.8815099782992483
0.8815099782992483
0.8815099782992483
0.8815099782992483
0.8815099782992483
0.8815099782992483
0.8815099782992483
0.8815099782992483
0.8815099782992483
0.8815099782992483
0.8815099782992483
0.8815099782992483
0.8815099782992483
0.8815099782992483
0.8815099782992483
0.8815099782992483
0.8815099782992483
0.8853413959237693
0.8853413959237693
0.8853413959237693
0.8853413959237693
0.8908969514793248
0.8908969514793248
0.8908969514793248
0.8908969514793248
0.8908969514793248
0.895727869353721
0.895727869353721
0.895727869353721
0.895727869353721
0.895727869353721
0.895727869353721
0.895727869353721
0.895727869353721
0.895727869353721
0.895727869353721
0.895727869353721
0.895727869353721
0.895727869353721
0.9007783744042259
0.9007783744042259
0.9007783744042259
0.9007783744042259
0.9007783744042259
0.9060693796952312
0.9060693796952312
0.9116249352507868
0.9116249352507868
0.9116249352507868
0.9116249352507868
0.9116249352507868
0.9116249352507868
0.9116249352507868
0.9116249352507868
0.9171804908063425
0.9171804908063425
0.9171804908063425
0.9171804908063425
0.9171804908063425
0.9171804908063425
0.9171804908063425
0.9171804908063425
0.9171804908063425
0.9171804908063425
0.9171804908063425
0.9171804908063425
0.9171804908063425
0.9206527130285647
0.9206527130285647
0.9206527130285647
0.9206527130285647
0.9206527130285647
0.9206527130285647
0.9206527130285647
0.9206527130285647
0.9206527130285647
0.9206527130285647
0.9206527130285647
0.9206527130285647
0.9206527130285647
0.9206527130285647
0.9206527130285647
0.9206527130285647
0.9206527130285647
0.9206527130285647
0.9206527130285647
0.9206527130285647
0.9206527130285647
0.9206527130285647
0.9206527130285647
0.9206527130285647
0.9206527130285647
0.9206527130285647
0.9206527130285647
0.9206527130285647
0.9206527130285647
0.9262082685841201
0.9262082685841201
0.9262082685841201
0.9310391864585164
0.9310391864585164
0.9310391864585164
0.9310391864585164
0.9310391864585164
0.9310391864585164
0.9368871396748906
0.9368871396748906
0.9368871396748906
0.9368871396748906
0.9368871396748906
0.9368871396748906
0.9368871396748906
0.9368871396748906
0.9368871396748906
0.9430599791810634
0.9430599791810634
0.9430599791810634
0.9430599791810634
0.9465322014032856
0.9465322014032856
0.9465322014032856
0.9465322014032856
0.9465322014032856
0.9513631192776817
0.9513631192776817
0.9513631192776817
0.9513631192776817
0.9513631192776817
0.9513631192776817
0.9513631192776817
0.9513631192776817
0.9569186748332373
0.9569186748332373
0.9617495927076334
0.9617495927076334
0.9617495927076334
0.9617495927076334
0.9617495927076334
0.9655810103321545
0.9655810103321545
0.9655810103321545
0.9655810103321545
0.9655810103321545
0.9655810103321545
0.9655810103321545
0.9655810103321545
0.9655810103321545
0.9655810103321545
0.9655810103321545
0.9655810103321545
0.9655810103321545
0.9655810103321545
0.9655810103321545
0.9655810103321545
0.9655810103321545
0.9655810103321545
0.9655810103321545
0.9655810103321545
0.9655810103321545
0.9655810103321545
0.9655810103321545
0.9655810103321545
0.9655810103321545
0.9655810103321545
0.9655810103321545
0.9655810103321545
0.9655810103321545
0.9655810103321545
0.9655810103321545
0.9655810103321545
0.9655810103321545
0.9655810103321545
0.9655810103321545
0.9655810103321545
0.9655810103321545
0.9655810103321545
0.9655810103321545
0.9655810103321545
0.9655810103321545
0.9655810103321545
0.9655810103321545
0.9704119282065506
0.9704119282065506
0.9704119282065506
0.9704119282065506
0.9704119282065506
0.9704119282065506
0.9704119282065506
0.9704119282065506
0.9704119282065506
0.9704119282065506
0.9704119282065506
0.9704119282065506
0.9704119282065506
0.9704119282065506
0.9704119282065506
0.9704119282065506
0.9704119282065506
0.9704119282065506
0.9704119282065506
0.9704119282065506
0.9704119282065506
0.9704119282065506
0.9704119282065506
0.9704119282065506
0.9704119282065506
0.9704119282065506
0.9704119282065506
0.9704119282065506
0.9704119282065506
0.9704119282065506
0.9704119282065506
0.9704119282065506
0.9704119282065506
0.9704119282065506
0.9704119282065506
0.9704119282065506
0.9704119282065506
0.9704119282065506
0.9704119282065506
0.9704119282065506
0.9704119282065506
0.9704119282065506
0.9704119282065506
0.9754624332570556
0.9754624332570556
0.9754624332570556
0.9754624332570556
0.9754624332570556
0.9754624332570556
0.9754624332570556
0.9754624332570556
0.9754624332570556
0.9754624332570556
0.9754624332570556
0.9754624332570556
0.9754624332570556
0.9754624332570556
0.9754624332570556
0.9754624332570556
0.9754624332570556
0.9754624332570556
0.9754624332570556
0.9754624332570556
0.9754624332570556
0.9754624332570556
0.9754624332570556
0.9754624332570556
0.9754624332570556
0.9754624332570556
0.9754624332570556
0.9754624332570556
0.9754624332570556
0.9754624332570556
0.9754624332570556
0.9754624332570556
0.9754624332570556
0.9754624332570556
0.9754624332570556
0.9754624332570556
0.9754624332570556
0.9754624332570556
0.9754624332570556
0.9754624332570556
0.9754624332570556
0.9754624332570556
0.9754624332570556
0.9754624332570556
0.9754624332570556
0.9754624332570556
0.9754624332570556
0.9754624332570556
0.9754624332570556
0.9754624332570556
0.9754624332570556
0.9754624332570556
0.9754624332570556
0.9754624332570556
0.9754624332570556
0.9754624332570556
0.9754624332570556
0.9754624332570556
0.9754624332570556
0.9754624332570556
0.9754624332570556
0.9754624332570556
0.9754624332570556
0.9754624332570556
0.9754624332570556
0.9754624332570556
0.9754624332570556
0.9754624332570556
0.9754624332570556
0.9754624332570556
0.9754624332570556
0.9754624332570556
0.9754624332570556
0.9754624332570556
0.9754624332570556
0.9754624332570556
0.9754624332570556
0.9754624332570556
0.9754624332570556
0.9754624332570556
0.9754624332570556
0.9754624332570556
0.9754624332570556
0.9754624332570556
0.9754624332570556
0.9754624332570556
0.9754624332570556
0.9754624332570556
0.9754624332570556
0.9754624332570556
0.9754624332570556
0.9754624332570556
0.9754624332570556
0.9754624332570556
0.9754624332570556
0.9754624332570556
0.9754624332570556
0.9754624332570556
0.9754624332570556
0.9754624332570556
0.9754624332570556
0.9754624332570556
0.9754624332570556
0.9754624332570556
0.9754624332570556
0.9754624332570556
0.9754624332570556
0.9754624332570556
0.9754624332570556
0.9802933511314519
0.9802933511314519
0.9802933511314519
0.9802933511314519
0.9802933511314519
0.9802933511314519
0.9802933511314519
0.9802933511314519
0.9802933511314519
0.9802933511314519
0.9802933511314519
0.9802933511314519
0.9802933511314519
0.9802933511314519
0.9802933511314519
0.9802933511314519
0.9802933511314519
0.9802933511314519
0.9802933511314519
0.9802933511314519
0.9802933511314519
0.9802933511314519
0.9802933511314519
0.9802933511314519
0.9802933511314519
0.9802933511314519
0.9802933511314519
0.9802933511314519
0.9802933511314519
0.9802933511314519
0.9802933511314519
0.9802933511314519
0.9802933511314519
0.9802933511314519
0.9802933511314519
0.9802933511314519
0.9802933511314519
0.9802933511314519
0.9802933511314519
0.9802933511314519
0.9802933511314519
0.9802933511314519
0.9802933511314519
0.9802933511314519
0.9802933511314519
0.9802933511314519
0.9802933511314519
0.9802933511314519
0.9802933511314519
0.9802933511314519
0.9802933511314519
0.9802933511314519
0.9802933511314519
0.9802933511314519
0.9802933511314519
0.9802933511314519
0.9802933511314519
0.9802933511314519
0.9802933511314519
0.9802933511314519
0.9802933511314519
0.9802933511314519
0.9802933511314519
0.9802933511314519
0.9802933511314519
0.9802933511314519
0.9802933511314519
0.9802933511314519
0.9802933511314519
0.9802933511314519
0.9802933511314519
0.9802933511314519
0.9861413043478261
0.9861413043478261
0.9861413043478261
0.9861413043478261
0.9861413043478261
0.9861413043478261
0.9861413043478261
0.9909722222222221
0.9909722222222221
0.9909722222222221
0.9909722222222221
0.9909722222222221
0.9909722222222221
0.9909722222222221
0.9909722222222221
0.9909722222222221
0.9909722222222221
0.9909722222222221
0.9909722222222221
0.9909722222222221
0.9909722222222221
0.9909722222222221
0.9909722222222221
0.9909722222222221
0.9909722222222221
0.9909722222222221
0.9909722222222221
0.9909722222222221
0.9909722222222221
0.9909722222222221
0.9909722222222221
0.9909722222222221
0.9909722222222221
0.9909722222222221
0.9909722222222221
0.9909722222222221
0.9909722222222221
0.9909722222222221
0.9909722222222221
0.9909722222222221
0.9909722222222221
0.9909722222222221
0.9909722222222221
0.9909722222222221
0.9909722222222221
0.9909722222222221
0.9909722222222221
0.9909722222222221
0.9909722222222221
0.9909722222222221
0.9909722222222221
0.9909722222222221
0.9909722222222221
0.9909722222222221
0.9909722222222221
0.9909722222222221
0.9909722222222221
0.9909722222222221
0.9909722222222221
0.9909722222222221
0.9909722222222221
0.9909722222222221
0.9909722222222221
0.9909722222222221
0.9909722222222221
0.9909722222222221
0.9909722222222221
0.9909722222222221
0.9909722222222221
0.9909722222222221
0.9909722222222221
0.9909722222222221
0.9909722222222221
0.9909722222222221
0.9909722222222221
0.9909722222222221
0.9909722222222221
0.9909722222222221
0.9909722222222221
0.9909722222222221
0.9909722222222221
0.9909722222222221
0.9909722222222221
0.9909722222222221
0.9909722222222221
0.9909722222222221
0.9909722222222221
0.9909722222222221
0.9909722222222221
0.9944444444444444
0.9944444444444444
0.9944444444444444
0.9944444444444444
0.9944444444444444
0.9944444444444444
0.9944444444444444
0.9944444444444444
0.9944444444444444
0.9944444444444444
0.9944444444444444
0.9944444444444444
0.9944444444444444
0.9944444444444444
0.9944444444444444
0.9944444444444444
0.9944444444444444
0.9944444444444444
0.9944444444444444
0.9944444444444444
0.9944444444444444
0.9944444444444444
0.9944444444444444
0.9944444444444444
0.9944444444444444
0.9944444444444444
0.9944444444444444
0.9944444444444444
0.9944444444444444
0.9944444444444444
0.9944444444444444
0.9944444444444444
0.9944444444444444
0.9944444444444444
0.9944444444444444
0.9944444444444444
0.9944444444444444
0.9944444444444444
0.9944444444444444
0.9944444444444444
0.9944444444444444
0.9944444444444444
0.9944444444444444
0.9944444444444444
0.9944444444444444
0.9944444444444444
0.9944444444444444
0.9944444444444444
0.9944444444444444
0.9944444444444444
0.9944444444444444
0.9944444444444444
0.9944444444444444
0.9944444444444444
0.9944444444444444
0.9944444444444444
0.9944444444444444
0.9944444444444444
0.9944444444444444
0.9944444444444444
0.9944444444444444
0.9944444444444444
0.9944444444444444
0.9944444444444444
0.9944444444444444
0.9944444444444444
0.9944444444444444
0.9944444444444444
0.9944444444444444
0.9944444444444444
0.9944444444444444
0.9944444444444444
0.9944444444444444
0.9944444444444444
0.9944444444444444
0.9944444444444444
0.9944444444444444
0.9944444444444444
0.9944444444444444
0.9944444444444444
0.9944444444444444
0.9944444444444444
0.9944444444444444
0.9944444444444444
0.9944444444444444
0.9944444444444444
0.9944444444444444
0.9944444444444444
0.9944444444444444
0.9944444444444444
0.9944444444444444
0.9944444444444444
0.9944444444444444
0.9944444444444444
0.9944444444444444
0.9944444444444444
0.9944444444444444
0.9944444444444444
0.9944444444444444
0.9944444444444444
0.9944444444444444
0.9944444444444444
0.9944444444444444
0.9944444444444444
0.9944444444444444
0.9944444444444444
0.9944444444444444
0.9944444444444444
0.9944444444444444
0.9944444444444444
0.9944444444444444
0.9944444444444444
0.9944444444444444
0.9944444444444444
0.9944444444444444
0.9944444444444444
0.9944444444444444
0.9944444444444444
0.9944444444444444
0.9944444444444444
0.9944444444444444
0.9944444444444444
0.9944444444444444
0.9944444444444444
0.9944444444444444
0.9944444444444444
0.9944444444444444
0.9944444444444444
0.9944444444444444
0.9944444444444444
0.9944444444444444
0.9944444444444444
0.9944444444444444
0.9944444444444444
0.9944444444444444
0.9944444444444444
0.9944444444444444
0.9944444444444444
0.9944444444444444
0.9944444444444444
0.9944444444444444
0.9944444444444444
0.9944444444444444
0.9944444444444444
0.9944444444444444
0.9944444444444444
0.9944444444444444
0.9944444444444444
0.9944444444444444
0.9944444444444444
0.9944444444444444
0.9944444444444444
0.9944444444444444
0.9944444444444444
0.9944444444444444
0.9944444444444444
0.9944444444444444
0.9944444444444444
0.9944444444444444
0.9944444444444444
0.9944444444444444
0.9944444444444444
0.9944444444444444
0.9944444444444444
0.9944444444444444
0.9944444444444444
0.9944444444444444
0.9944444444444444
0.9944444444444444
0.9944444444444444
0.9944444444444444
0.9944444444444444
0.9944444444444444
0.9944444444444444
0.9944444444444444
0.9944444444444444
0.9944444444444444
0.9944444444444444
0.9944444444444444
0.9944444444444444
0.9944444444444444
0.9944444444444444
0.9944444444444444
0.9944444444444444
0.9944444444444444
0.9944444444444444
0.9944444444444444
0.9944444444444444
0.9944444444444444
0.9944444444444444
0.9944444444444444
0.9944444444444444
0.9944444444444444
0.9944444444444444
0.9944444444444444
0.9944444444444444
0.9944444444444444
0.9944444444444444
0.9944444444444444
0.9944444444444444
0.9944444444444444
0.9944444444444444
0.9944444444444444
0.9944444444444444
0.9944444444444444
0.9944444444444444
0.9944444444444444
0.9944444444444444
0.9944444444444444
0.9944444444444444
0.9944444444444444
0.9944444444444444
0.9944444444444444
0.9944444444444444
0.9944444444444444
0.9944444444444444
0.9944444444444444
0.9944444444444444
0.9944444444444444
0.9944444444444444
0.9944444444444444
0.9944444444444444
0.9944444444444444
0.9944444444444444
0.9944444444444444
0.9944444444444444
0.9944444444444444
0.9944444444444444
0.9944444444444444
0.9944444444444444
0.9944444444444444
0.9944444444444444
0.9944444444444444
0.9944444444444444
0.9944444444444444
0.9944444444444444
0.9944444444444444
0.9944444444444444
0.9944444444444444
0.9944444444444444
0.9944444444444444
0.9944444444444444
0.9944444444444444
0.9944444444444444
0.9944444444444444
0.9944444444444444
0.9944444444444444
0.9944444444444444
0.9944444444444444
0.9944444444444444
0.9944444444444444
0.9944444444444444
0.9944444444444444
0.9944444444444444
0.9944444444444444
0.9944444444444444
0.9944444444444444
0.9944444444444444
0.9944444444444444
0.9944444444444444
0.9944444444444444
0.9944444444444444
0.9944444444444444
0.9944444444444444
0.9944444444444444
0.9944444444444444
0.9944444444444444
0.9944444444444444
0.9944444444444444
0.9944444444444444
0.9944444444444444
0.9944444444444444
0.9944444444444444
0.9944444444444444
0.9944444444444444
0.9944444444444444
0.9944444444444444
0.9944444444444444
0.9944444444444444
0.9944444444444444
0.9944444444444444
0.9944444444444444
0.9944444444444444
0.9944444444444444
0.9944444444444444
0.9944444444444444
0.9944444444444444
0.9944444444444444
0.9944444444444444
0.9944444444444444
0.9944444444444444
0.9944444444444444
0.9944444444444444
0.9944444444444444
0.9944444444444444
0.9944444444444444
0.9944444444444444
0.9944444444444444
0.9944444444444444
0.9944444444444444
0.9944444444444444
0.9944444444444444
0.9944444444444444
0.9944444444444444
0.9944444444444444
0.9944444444444444
0.9944444444444444
0.9944444444444444
0.9944444444444444
0.9944444444444444
0.9944444444444444
0.9944444444444444
0.9944444444444444
0.9944444444444444
0.9944444444444444
0.9944444444444444
0.9944444444444444
0.9944444444444444
0.9944444444444444
0.9944444444444444
0.9944444444444444
0.9944444444444444
0.9944444444444444
0.9944444444444444
0.9944444444444444
0.9944444444444444
0.9944444444444444
0.9944444444444444
0.9944444444444444
0.9944444444444444
0.9944444444444444
0.9944444444444444
0.9944444444444444
0.9944444444444444
0.9944444444444444
0.9944444444444444
0.9944444444444444
0.9944444444444444
0.9944444444444444
0.9944444444444444
0.9944444444444444
0.9944444444444444
0.9944444444444444
0.9944444444444444
0.9944444444444444
0.9944444444444444
0.9944444444444444
0.9944444444444444
0.9944444444444444
0.9944444444444444
0.9944444444444444
0.9944444444444444
0.9944444444444444
0.9944444444444444
0.9944444444444444
0.9944444444444444
0.9944444444444444
0.9944444444444444
0.9944444444444444
0.9944444444444444
0.9944444444444444
0.9944444444444444
0.9944444444444444
0.9944444444444444
0.9944444444444444
0.9944444444444444
0.9944444444444444
0.9944444444444444
0.9944444444444444
0.9944444444444444
0.9944444444444444
0.9944444444444444
0.9944444444444444
0.9944444444444444
0.9944444444444444
0.9944444444444444
0.9944444444444444
0.9944444444444444
0.9944444444444444
0.9944444444444444
0.9944444444444444
0.9944444444444444
0.9944444444444444
0.9944444444444444
0.9944444444444444
0.9944444444444444
0.9944444444444444
0.9944444444444444
0.9944444444444444
0.9944444444444444
0.9944444444444444
0.9944444444444444
0.9944444444444444
0.9944444444444444
0.9944444444444444
0.9944444444444444
0.9944444444444444
0.9944444444444444
0.9944444444444444
0.9944444444444444
0.9944444444444444
0.9944444444444444
0.9944444444444444
0.9944444444444444
0.9944444444444444
0.9944444444444444
0.9944444444444444
0.9944444444444444
0.9944444444444444
0.9944444444444444
0.9944444444444444
0.9944444444444444
0.9944444444444444
0.9944444444444444
0.9944444444444444
0.9944444444444444
0.9944444444444444
0.9944444444444444
0.9944444444444444
0.9944444444444444
0.9944444444444444
0.9944444444444444
0.9944444444444444
0.9944444444444444
0.9944444444444444
0.9944444444444444
0.9944444444444444
0.9944444444444444
0.9944444444444444
0.9944444444444444
0.9944444444444444
0.9944444444444444
0.9944444444444444
0.9944444444444444
0.9944444444444444
0.9944444444444444
0.9944444444444444
0.9944444444444444
0.9944444444444444
0.9944444444444444
0.9944444444444444
0.9944444444444444
0.9944444444444444
0.9944444444444444
0.9944444444444444
0.9944444444444444
0.9944444444444444
0.9944444444444444
0.9944444444444444
0.9944444444444444
0.9944444444444444
0.9944444444444444
0.9944444444444444
0.9944444444444444
0.9944444444444444
0.9944444444444444
0.9944444444444444
0.9944444444444444
0.9944444444444444
0.9944444444444444
0.9944444444444444
0.9944444444444444
0.9944444444444444
0.9944444444444444
0.9944444444444444
0.9944444444444444
0.9944444444444444
0.9944444444444444
0.9944444444444444
0.9944444444444444
0.9944444444444444
0.9944444444444444
0.9944444444444444
0.9944444444444444
0.9944444444444444
0.9944444444444444
0.9944444444444444
0.9944444444444444
0.9944444444444444
0.9944444444444444
0.9944444444444444
0.9944444444444444
0.9944444444444444
0.9944444444444444
0.9944444444444444
0.9944444444444444
0.9944444444444444
0.9944444444444444
0.9944444444444444
0.9944444444444444
0.9944444444444444
0.9944444444444444
0.9944444444444444
0.9944444444444444
0.9944444444444444
0.9944444444444444
0.9944444444444444
0.9944444444444444
0.9944444444444444
0.9944444444444444
0.9944444444444444
0.9944444444444444
0.9944444444444444
0.9944444444444444
0.9944444444444444
0.9944444444444444
0.9944444444444444
0.9944444444444444
0.9944444444444444
0.9944444444444444
0.9944444444444444
0.9944444444444444
0.9944444444444444
0.9944444444444444
0.9944444444444444
0.9944444444444444
0.9944444444444444
0.9944444444444444
0.9944444444444444
0.9944444444444444
0.9944444444444444
0.9944444444444444
0.9944444444444444
0.9944444444444444
0.9944444444444444
0.9944444444444444
0.9944444444444444
0.9944444444444444
0.9944444444444444
0.9944444444444444
0.9944444444444444
0.9944444444444444
0.9944444444444444
0.9944444444444444
0.9944444444444444
0.9944444444444444
0.9944444444444444
0.9944444444444444
0.9944444444444444
0.9944444444444444
0.9944444444444444
0.9944444444444444
0.9944444444444444
0.9944444444444444
0.9944444444444444
0.9944444444444444
0.9944444444444444
0.9944444444444444
0.9944444444444444
0.9944444444444444
0.9944444444444444
0.9944444444444444
0.9944444444444444
0.9944444444444444
0.9944444444444444
0.9944444444444444
0.9944444444444444
0.9944444444444444
0.9944444444444444
0.9944444444444444
0.9944444444444444
0.9944444444444444
0.9944444444444444
0.9944444444444444
0.9944444444444444
0.9944444444444444
0.9944444444444444
0.9944444444444444
0.9944444444444444
0.9944444444444444
0.9944444444444444
0.9944444444444444
0.9944444444444444
0.9944444444444444
0.9944444444444444
0.9944444444444444
0.9944444444444444
0.9944444444444444
0.9944444444444444
0.9944444444444444
0.9944444444444444
0.9944444444444444
0.9944444444444444
0.9944444444444444
0.9944444444444444
0.9944444444444444
0.9944444444444444
0.9944444444444444
0.9944444444444444
0.9944444444444444
0.9944444444444444
0.9944444444444444
0.9944444444444444
0.9944444444444444
0.9944444444444444
0.9944444444444444
0.9944444444444444
0.9944444444444444
0.9944444444444444
0.9944444444444444
0.9944444444444444
0.9944444444444444
0.9944444444444444
0.9944444444444444
0.9944444444444444
0.9944444444444444
0.9944444444444444
0.9944444444444444
0.9944444444444444
0.9944444444444444
0.9944444444444444
0.9944444444444444
0.9944444444444444
0.9944444444444444
0.9944444444444444
0.9944444444444444
0.9944444444444444
0.9944444444444444
0.9944444444444444
0.9944444444444444
0.9944444444444444
0.9944444444444444
0.9944444444444444
0.9944444444444444
0.9944444444444444
0.9944444444444444
0.9944444444444444
0.9944444444444444
0.9944444444444444
0.9944444444444444
0.9944444444444444
0.9944444444444444
0.9944444444444444
0.9944444444444444
1.0
1.0
