0.0
0.013110722754059506
0.025950336851535236
0.03456166251019622
0.04398675097092408
0.05474946277620242
0.07065043653315989
0.0764306102378619
0.08123707339683311
0.08492081104283493
0.0885657257988608
0.0885657257988608
0.09976853182677992
0.1110796332846319
0.11354876908710103
0.11970164253557197
0.1296320266079378
0.13172846266663799
0.134731465669641
0.13929703753081032
0.14543922738700216
0.153824971621803
0.15783190252931872
0.15992833858801891
0.16879123913676086
0.17088767519546108
0.1729841112541613
0.17964611917403084
0.17964611917403084
0.17964611917403084
0.18369187297152248
0.18369187297152248
0.18369187297152248
0.19070180688204116
0.19279824294074138
0.19279824294074138
0.2111935175205023
0.21585286235956472
0.22220780421586162
0.22701426737483285
0.2315798392360022
0.23316714082330378
0.23522475399202802
0.23522475399202802
0.24382198948984835
0.24892142855155155
0.2550942680577244
0.25756340386019355
0.2658020297750856
0.26995607900251006
0.27242521480497917
0.27242521480497917
0.2744828279737035
0.2808765927199763
0.28723153457627315
0.28723153457627315
0.28723153457627315
0.29504100073824735
0.29713743679694754
0.29713743679694754
0.3112630219252427
0.3149467595712445
0.32072693327594654
0.32072693327594654
0.324880982503371
0.3269385956720953
0.3288879134108867
0.33083723114967817
0.3348441620571939
0.3348441620571939
0.33694059811589416
0.33694059811589416
0.34609647456736803
0.34609647456736803
0.35169070706218536
0.3558447562896098
0.3558447562896098
0.3574320578769114
0.3593813756157028
0.36209140271597384
0.3662454519433983
0.3662454519433983
0.3662454519433983
0.3692484549464013
0.37488151033119455
0.37697794638989474
0.37697794638989474
0.38326725456599536
0.38807371772496657
0.3921194715224582
0.3968871117914535
0.3968871117914535
0.3989835478501537
0.4051257377063456
0.4118815186041082
0.4118815186041082
0.4262060557797984
0.4303989278971988
0.43516656816619403
0.43516656816619403
0.43973214002736344
0.444856060940758
0.44997998185415256
0.4541340310815771
0.46075721611147075
0.4652839650826642
0.4753216757493057
0.47741811180800586
0.48319828551270777
0.48319828551270777
0.49415762212014996
0.4962152352888743
0.5012758514606016
0.5033334646293258
0.5033334646293258
0.5053910777980501
0.5149651812260166
0.5170616172847169
0.5243619489752924
0.5243619489752924
0.5351741672628257
0.5392199210603174
0.5457595433894133
0.5457595433894133
0.5478559794481136
0.5529554185098169
0.5635160619072692
0.5635160619072692
0.5689882007127414
0.5726719383587432
0.5726719383587432
0.5726719383587432
0.5783849684620173
0.5783849684620173
0.5804814045207175
0.5804814045207175
0.5873843037383888
0.5915771758557893
0.5915771758557893
0.5968482150890927
0.5998512180920956
0.6019476541507959
0.6067541173097671
0.6107610482172828
0.615567511376254
0.615567511376254
0.615567511376254
0.6206669504379572
0.6206669504379572
0.6206669504379572
0.6206669504379572
0.6206669504379572
0.6206669504379572
0.6227245636066815
0.6227245636066815
0.6227245636066815
0.6227245636066815
0.6227245636066815
0.6227245636066815
0.6267810009964522
0.6267810009964522
0.6294910280967232
0.633135942852749
0.633135942852749
0.636138945855752
0.6380882635945435
0.6396755651818451
0.6396755651818451
0.6417331783505694
0.643320479937871
0.643320479937871
0.643320479937871
0.6454169159965711
0.6484199189995743
0.6504775321682984
0.6504775321682984
0.6524268499070899
0.65452328596579
0.6572333130660611
0.6593297491247613
0.6593297491247613
0.6593297491247613
0.660917050712063
0.660917050712063
0.6628663684508544
0.6628663684508544
0.6628663684508544
0.6649628045095546
0.6649628045095546
0.6649628045095546
0.6649628045095546
0.6674319403120238
0.6765630840343625
0.6765630840343625
0.6786595200930627
0.6786595200930627
0.6786595200930627
0.6786595200930627
0.6806088378318541
0.6806088378318541
0.6825581555706455
0.6855611585736484
0.68714846016095
0.68714846016095
0.6937716451908436
0.697964517308244
0.697964517308244
0.7004336531107132
0.7004336531107132
0.7004336531107132
0.7004336531107132
0.7020209546980147
0.7105111555029877
0.7105111555029877
0.7132211826032588
0.7132211826032588
0.7148084841905604
0.7167578019293519
0.7183451035166535
0.7183451035166535
0.7183451035166535
0.7183451035166535
0.7202944212554447
0.7202944212554447
0.7243401750529364
0.7264366111116366
0.7264366111116366
0.7313889318534311
0.7354346856509227
0.7370219872382243
0.7370219872382243
0.7394911230406934
0.7394911230406934
0.7419602588431625
0.7419602588431625
0.7419602588431625
0.7419602588431625
0.7419602588431625
0.7440566949018627
0.7472312980764658
0.7509150357224676
0.7533841715249369
0.7533841715249369
0.7533841715249369
0.7533841715249369
0.7533841715249369
0.7554806075836371
0.7554806075836371
0.7554806075836371
0.7554806075836371
0.7575770436423374
0.7605800466453403
0.7626764827040405
0.7626764827040405
0.7626764827040405
0.7626764827040405
0.7695793819217118
0.7695793819217118
0.7695793819217118
0.7722894090219828
0.7747585448244521
0.7767078625632435
0.7767078625632435
0.7767078625632435
0.7782951641505451
0.7802444818893365
0.7802444818893365
0.7823409179480366
0.7823409179480366
0.7860246555940384
0.7860246555940384
0.7920306616000444
0.7920306616000444
0.7961847108274689
0.7961847108274689
0.7981340285662604
0.7981340285662604
0.7981340285662604
0.7981340285662604
0.7981340285662604
0.8002304646249606
0.8002304646249606
0.8046489181662211
0.8046489181662211
0.8046489181662211
0.8046489181662211
0.8046489181662211
0.8067453542249213
0.8067453542249213
0.8067453542249213
0.8067453542249213
0.8067453542249213
0.8067453542249213
0.8086946719637127
0.8086946719637127
0.8086946719637127
0.8107911080224128
0.8107911080224128
0.8107911080224128
0.8107911080224128
0.8107911080224128
0.8107911080224128
0.8107911080224128
0.8107911080224128
0.8107911080224128
0.8107911080224128
0.813260243824882
0.813260243824882
0.813260243824882
0.8153566798835823
0.8153566798835823
0.8174531159422824
0.8199222517447516
0.8199222517447516
0.8199222517447516
0.8199222517447516
0.8220186878034519
0.8220186878034519
0.8220186878034519
0.8220186878034519
0.8239680055422434
0.8239680055422434
0.8266780326425143
0.8314844958014855
0.8314844958014855
0.8330717973887871
0.8330717973887871
0.8330717973887871
0.8330717973887871
0.8351294105575113
0.8372258466162116
0.8372258466162116
0.8372258466162116
0.8372258466162116
0.8372258466162116
0.8372258466162116
0.8372258466162116
0.8372258466162116
0.8372258466162116
0.8372258466162116
0.8372258466162116
0.8372258466162116
0.8372258466162116
0.8388131482035132
0.8388131482035132
0.8388131482035132
0.8388131482035132
0.8433398971747067
0.8479302017650112
0.8500266378237114
0.8500266378237114
0.8521230738824115
0.8521230738824115
0.8541806870511359
0.8541806870511359
0.8541806870511359
0.8541806870511359
0.8541806870511359
0.8541806870511359
0.8541806870511359
0.8583735591685363
0.8608426949710055
0.8650355670884058
0.8650355670884058
0.867132003147106
0.8687193047344076
0.8687193047344076
0.8687193047344076
0.8687193047344076
0.8727757421241784
0.8727757421241784
0.8727757421241784
0.8727757421241784
0.8727757421241784
0.8727757421241784
0.8727757421241784
0.8727757421241784
0.8782478809296506
0.8834270438323907
0.8834270438323907
0.8834270438323907
0.8834270438323907
0.8834270438323907
0.8834270438323907
0.8834270438323907
0.8834270438323907
0.8834270438323907
0.8834270438323907
0.8861370709326617
0.8861370709326617
0.8861370709326617
0.8861370709326617
0.8861370709326617
0.8861370709326617
0.8861370709326617
0.8861370709326617
0.890702642793831
0.8927990788525312
0.8927990788525312
0.8927990788525312
0.8927990788525312
0.8927990788525312
0.8927990788525312
0.8948955149112314
0.8948955149112314
0.8948955149112314
0.8948955149112314
0.8948955149112314
0.8948955149112314
0.8948955149112314
0.8948955149112314
0.8948955149112314
0.8948955149112314
0.8978985179142344
0.8978985179142344
0.8978985179142344
0.8978985179142344
0.8978985179142344
0.8978985179142344
0.8978985179142344
0.8978985179142344
0.8978985179142344
0.8978985179142344
0.8978985179142344
0.8978985179142344
0.8978985179142344
0.8994858195015359
0.8994858195015359
0.8994858195015359
0.9015434326702603
0.9015434326702603
0.9015434326702603
0.9015434326702603
0.9015434326702603
0.9015434326702603
0.9015434326702603
0.9031307342575619
0.9050800519963533
0.9050800519963533
0.9050800519963533
0.9050800519963533
0.9071764880550537
0.9071764880550537
0.9071764880550537
0.9071764880550537
0.9071764880550537
0.9071764880550537
0.9071764880550537
0.9071764880550537
0.9071764880550537
0.9071764880550537
0.9071764880550537
0.9071764880550537
0.9071764880550537
0.9091258057938449
0.9091258057938449
0.9091258057938449
0.9112222418525451
0.9112222418525451
0.9112222418525451
0.9112222418525451
0.9112222418525451
0.9112222418525451
0.9112222418525451
0.9112222418525451
0.9112222418525451
0.9112222418525451
0.9131715595913366
0.9131715595913366
0.9131715595913366
0.9152679956500369
0.9152679956500369
0.9152679956500369
0.9152679956500369
0.9152679956500369
0.9152679956500369
0.9152679956500369
0.9152679956500369
0.9152679956500369
0.9152679956500369
0.9193137494475285
0.9193137494475285
0.9193137494475285
0.9238793213086978
0.9238793213086978
0.9238793213086978
0.9238793213086978
0.9238793213086978
0.9238793213086978
0.9238793213086978
0.9238793213086978
0.9238793213086978
0.9238793213086978
0.9238793213086978
0.9254666228959993
0.9254666228959993
0.9254666228959993
0.9254666228959993
0.9254666228959993
0.9254666228959993
0.9254666228959993
0.9254666228959993
0.9275242360647238
0.9275242360647238
0.9275242360647238
0.9275242360647238
0.9275242360647238
0.9275242360647238
0.9275242360647238
0.929473553803515
0.9314228715423065
0.9335193076010069
0.9335193076010069
0.9335193076010069
0.9335193076010069
0.9335193076010069
0.9335193076010069
0.9335193076010069
0.9335193076010069
0.9335193076010069
0.9335193076010069
0.9335193076010069
0.9335193076010069
0.9335193076010069
0.9335193076010069
0.9335193076010069
0.9335193076010069
0.935615743659707
0.935615743659707
0.935615743659707
0.935615743659707
0.935615743659707
0.935615743659707
0.9377121797184071
0.9377121797184071
0.9377121797184071
0.9377121797184071
0.9377121797184071
0.9377121797184071
0.9377121797184071
0.9377121797184071
0.9407151827214102
0.9428116187801103
0.9428116187801103
0.9428116187801103
0.9428116187801103
0.9428116187801103
0.9448692319488347
0.9448692319488347
0.9448692319488347
0.9448692319488347
0.9448692319488347
0.9448692319488347
0.9448692319488347
0.9448692319488347
0.9448692319488347
0.9448692319488347
0.9448692319488347
0.9448692319488347
0.9448692319488347
0.9448692319488347
0.9448692319488347
0.9448692319488347
0.9464565335361362
0.9464565335361362
0.9464565335361362
0.9485529695948364
0.9485529695948364
0.9485529695948364
0.9485529695948364
0.9485529695948364
0.9485529695948364
0.9485529695948364
0.9485529695948364
0.9485529695948364
0.9485529695948364
0.9485529695948364
0.9485529695948364
0.9485529695948364
0.9485529695948364
0.9485529695948364
0.9485529695948364
0.9485529695948364
0.9485529695948364
0.9485529695948364
0.9485529695948364
0.9485529695948364
0.9505022873336278
0.952598723392328
0.952598723392328
0.952598723392328
0.952598723392328
0.952598723392328
0.952598723392328
0.952598723392328
0.952598723392328
0.952598723392328
0.952598723392328
0.952598723392328
0.9541860249796296
0.9541860249796296
0.9541860249796296
0.9541860249796296
0.9541860249796296
0.9541860249796296
0.9541860249796296
0.9541860249796296
0.9541860249796296
0.9541860249796296
0.9541860249796296
0.9541860249796296
0.9541860249796296
0.9541860249796296
0.9541860249796296
0.9541860249796296
0.9557733265669311
0.9557733265669311
0.9557733265669311
0.9557733265669311
0.9557733265669311
0.9573606281542327
0.9573606281542327
0.9573606281542327
0.9573606281542327
0.9573606281542327
0.9573606281542327
0.9573606281542327
0.9573606281542327
0.9594570642129331
0.9594570642129331
0.9594570642129331
0.9594570642129331
0.9594570642129331
0.9594570642129331
0.9594570642129331
0.9594570642129331
0.9594570642129331
0.9594570642129331
0.9594570642129331
0.9594570642129331
0.9614063819517246
0.9614063819517246
0.9614063819517246
0.9614063819517246
0.9614063819517246
0.9614063819517246
0.9614063819517246
0.9614063819517246
0.9614063819517246
0.9614063819517246
0.9614063819517246
0.9614063819517246
0.9614063819517246
0.9614063819517246
0.9614063819517246
0.9614063819517246
0.9614063819517246
0.9614063819517246
0.9614063819517246
0.9614063819517246
0.9614063819517246
0.9629936835390261
0.9629936835390261
0.9629936835390261
0.9629936835390261
0.9629936835390261
0.965703710639297
0.965703710639297
0.965703710639297
0.965703710639297
0.965703710639297
0.965703710639297
0.965703710639297
0.9681728464417662
0.9681728464417662
0.9681728464417662
0.9681728464417662
0.9681728464417662
0.9681728464417662
0.9681728464417662
0.9681728464417662
0.9681728464417662
0.9681728464417662
0.9681728464417662
0.9702692825004663
0.9702692825004663
0.9702692825004663
0.9702692825004663
0.9702692825004663
0.9702692825004663
0.9702692825004663
0.9702692825004663
0.9702692825004663
0.9702692825004663
0.9702692825004663
0.9702692825004663
0.9702692825004663
0.9702692825004663
0.9702692825004663
0.9723657185591666
0.9723657185591666
0.9723657185591666
0.9723657185591666
0.9723657185591666
0.9723657185591666
0.9723657185591666
0.9723657185591666
0.9723657185591666
0.9723657185591666
0.9723657185591666
0.9723657185591666
0.9723657185591666
0.9723657185591666
0.9723657185591666
0.9723657185591666
0.9723657185591666
0.9723657185591666
0.9723657185591666
0.9723657185591666
0.9723657185591666
0.9723657185591666
0.9723657185591666
0.9723657185591666
0.9723657185591666
0.9723657185591666
0.9723657185591666
0.9723657185591666
0.9723657185591666
0.9723657185591666
0.9723657185591666
0.9723657185591666
0.9723657185591666
0.9744621546178668
0.9744621546178668
0.9744621546178668
0.9744621546178668
0.9744621546178668
0.9744621546178668
0.9744621546178668
0.9765585906765671
0.9765585906765671
0.9765585906765671
0.9765585906765671
0.9765585906765671
0.9765585906765671
0.9765585906765671
0.9765585906765671
0.9765585906765671
0.9765585906765671
0.9765585906765671
0.9765585906765671
0.9765585906765671
0.9765585906765671
0.9765585906765671
0.9765585906765671
0.9765585906765671
0.9765585906765671
0.9765585906765671
0.9765585906765671
0.9765585906765671
0.9765585906765671
0.9765585906765671
0.9765585906765671
0.9765585906765671
0.9765585906765671
0.9765585906765671
0.9765585906765671
0.9765585906765671
0.9765585906765671
0.9765585906765671
0.9765585906765671
0.9765585906765671
0.9765585906765671
0.9765585906765671
0.9765585906765671
0.9765585906765671
0.9795615936795701
0.9795615936795701
0.9795615936795701
0.9795615936795701
0.9795615936795701
0.9795615936795701
0.9795615936795701
0.9795615936795701
0.9795615936795701
0.9795615936795701
0.9795615936795701
0.9795615936795701
0.9795615936795701
0.9795615936795701
0.9795615936795701
0.9795615936795701
0.9795615936795701
0.9795615936795701
0.9795615936795701
0.9795615936795701
0.9795615936795701
0.9795615936795701
0.9795615936795701
0.9795615936795701
0.9795615936795701
0.9795615936795701
0.9795615936795701
0.9816580297382702
0.9816580297382702
0.9816580297382702
0.9816580297382702
0.9816580297382702
0.9816580297382702
0.9816580297382702
0.9816580297382702
0.9816580297382702
0.9816580297382702
0.9816580297382702
0.9816580297382702
0.9816580297382702
0.9816580297382702
0.9816580297382702
0.9816580297382702
0.9816580297382702
0.9816580297382702
0.9816580297382702
0.9841271655407393
0.9841271655407393
0.9841271655407393
0.9865963013432084
0.9865963013432084
0.9865963013432084
0.9865963013432084
0.9865963013432084
0.9865963013432084
0.9865963013432084
0.9865963013432084
0.9865963013432084
0.9865963013432084
0.9865963013432084
0.9865963013432084
0.9865963013432084
0.9865963013432084
0.9865963013432084
0.9865963013432084
0.9865963013432084
0.9865963013432084
0.9865963013432084
0.9865963013432084
0.9865963013432084
0.9865963013432084
0.9865963013432084
0.9865963013432084
0.9865963013432084
0.9865963013432084
0.9865963013432084
0.9865963013432084
0.9865963013432084
0.9865963013432084
0.9865963013432084
0.9865963013432084
0.9865963013432084
0.9865963013432084
0.9865963013432084
0.9865963013432084
0.9865963013432084
0.9893063284434795
0.9893063284434795
0.9893063284434795
0.9893063284434795
0.9893063284434795
0.9893063284434795
0.9893063284434795
0.9893063284434795
0.9893063284434795
0.9893063284434795
0.9893063284434795
0.9893063284434795
0.9893063284434795
0.9893063284434795
0.9893063284434795
0.9893063284434795
0.9893063284434795
0.9893063284434795
0.9893063284434795
0.9893063284434795
0.9893063284434795
0.9893063284434795
0.9893063284434795
0.9893063284434795
0.9893063284434795
0.9893063284434795
0.9893063284434795
0.9893063284434795
0.9893063284434795
0.9893063284434795
0.9893063284434795
0.9893063284434795
0.9893063284434795
0.9893063284434795
0.9893063284434795
0.9893063284434795
0.9893063284434795
0.9893063284434795
0.9893063284434795
0.9893063284434795
0.9893063284434795
0.9893063284434795
0.9893063284434795
0.9893063284434795
0.9893063284434795
0.9893063284434795
0.9893063284434795
0.9893063284434795
0.9893063284434795
0.9893063284434795
0.9893063284434795
0.9893063284434795
0.9893063284434795
0.9893063284434795
0.9893063284434795
0.9893063284434795
0.9893063284434795
0.9893063284434795
0.9893063284434795
0.9893063284434795
0.9893063284434795
0.9893063284434795
0.9893063284434795
0.9893063284434795
0.9893063284434795
0.9893063284434795
0.9893063284434795
0.9893063284434795
0.9893063284434795
0.9893063284434795
0.9893063284434795
0.9893063284434795
0.9893063284434795
0.9893063284434795
0.9893063284434795
0.9893063284434795
0.9893063284434795
0.9893063284434795
0.9893063284434795
0.9893063284434795
0.9893063284434795
0.9893063284434795
0.9893063284434795
0.9893063284434795
0.9893063284434795
0.9893063284434795
0.9893063284434795
0.9893063284434795
0.9893063284434795
0.9893063284434795
0.9893063284434795
0.9893063284434795
0.9893063284434795
0.9893063284434795
0.9893063284434795
0.9893063284434795
0.9893063284434795
0.9893063284434795
0.9893063284434795
0.9893063284434795
0.9893063284434795
0.9893063284434795
0.9893063284434795
0.9893063284434795
0.9893063284434795
0.9893063284434795
0.9893063284434795
0.9893063284434795
0.9893063284434795
0.9893063284434795
0.9893063284434795
0.9893063284434795
0.9893063284434795
0.9893063284434795
0.9893063284434795
0.9893063284434795
0.9893063284434795
0.9893063284434795
0.9893063284434795
0.9893063284434795
0.9893063284434795
0.9893063284434795
0.9893063284434795
0.9893063284434795
0.9893063284434795
0.9893063284434795
0.9893063284434795
0.9893063284434795
0.9893063284434795
0.9893063284434795
0.9893063284434795
0.9893063284434795
0.9893063284434795
0.9893063284434795
0.9893063284434795
0.9893063284434795
0.9893063284434795
0.9893063284434795
0.9893063284434795
0.9893063284434795
0.9893063284434795
0.9893063284434795
0.9893063284434795
0.9893063284434795
0.9893063284434795
0.9893063284434795
0.9893063284434795
0.9893063284434795
0.9893063284434795
0.9893063284434795
0.9893063284434795
0.9893063284434795
0.9893063284434795
0.9893063284434795
0.9893063284434795
0.9893063284434795
0.9893063284434795
0.9893063284434795
0.9893063284434795
0.9893063284434795
0.9908936300307809
0.9908936300307809
0.9908936300307809
0.9908936300307809
0.9908936300307809
0.9908936300307809
0.9908936300307809
0.9908936300307809
0.9908936300307809
0.9908936300307809
0.9908936300307809
0.9908936300307809
0.9908936300307809
0.9908936300307809
0.9908936300307809
0.9908936300307809
0.9908936300307809
0.9908936300307809
0.9908936300307809
0.9908936300307809
0.9908936300307809
0.9908936300307809
0.9908936300307809
0.9908936300307809
0.9908936300307809
0.9908936300307809
0.9908936300307809
0.9908936300307809
0.9908936300307809
0.9908936300307809
0.9908936300307809
0.9908936300307809
0.9908936300307809
0.9908936300307809
0.9908936300307809
0.9908936300307809
0.9908936300307809
0.9908936300307809
0.9908936300307809
0.9929900660894813
0.9929900660894813
0.9929900660894813
0.9929900660894813
0.9929900660894813
0.9929900660894813
0.9929900660894813
0.9929900660894813
0.9929900660894813
0.9929900660894813
0.9929900660894813
0.9929900660894813
0.9929900660894813
0.9929900660894813
0.9929900660894813
0.9929900660894813
0.9929900660894813
0.9929900660894813
0.9929900660894813
0.9929900660894813
0.9929900660894813
0.9929900660894813
0.9929900660894813
0.9929900660894813
0.9929900660894813
0.9929900660894813
0.9929900660894813
0.9929900660894813
0.9929900660894813
0.9929900660894813
0.9929900660894813
0.9929900660894813
0.9929900660894813
0.9929900660894813
0.9929900660894813
0.9929900660894813
0.9929900660894813
0.9929900660894813
0.9929900660894813
0.9929900660894813
0.9949393838282727
0.9949393838282727
0.9949393838282727
0.9949393838282727
0.9949393838282727
0.9949393838282727
0.9949393838282727
0.9949393838282727
0.9949393838282727
0.9949393838282727
0.9949393838282727
0.9949393838282727
0.9949393838282727
0.9949393838282727
0.9949393838282727
0.9949393838282727
0.9949393838282727
0.9949393838282727
0.9949393838282727
0.9949393838282727
0.9949393838282727
0.9949393838282727
0.9949393838282727
0.9949393838282727
0.9949393838282727
0.9949393838282727
0.9949393838282727
0.9949393838282727
0.9949393838282727
0.9949393838282727
0.9949393838282727
0.9949393838282727
0.9949393838282727
0.9949393838282727
0.9949393838282727
0.9949393838282727
0.9949393838282727
0.9949393838282727
0.9949393838282727
0.9949393838282727
0.9949393838282727
0.9949393838282727
0.9949393838282727
0.9949393838282727
0.9949393838282727
0.9949393838282727
0.9949393838282727
0.9949393838282727
0.9949393838282727
0.9949393838282727
0.9949393838282727
0.9949393838282727
0.9949393838282727
0.9949393838282727
0.9949393838282727
0.9949393838282727
0.9949393838282727
0.9949393838282727
0.9949393838282727
0.9949393838282727
0.9949393838282727
0.9949393838282727
0.9949393838282727
0.9949393838282727
0.9949393838282727
0.9949393838282727
0.9949393838282727
0.9949393838282727
0.9949393838282727
0.9949393838282727
0.9949393838282727
0.9949393838282727
0.9949393838282727
0.9949393838282727
0.9949393838282727
0.9949393838282727
0.9949393838282727
0.9949393838282727
0.9949393838282727
0.9949393838282727
0.9949393838282727
0.9949393838282727
0.9949393838282727
0.9949393838282727
0.9949393838282727
0.9949393838282727
0.9949393838282727
0.9949393838282727
0.9949393838282727
0.9949393838282727
0.9949393838282727
0.9949393838282727
0.9949393838282727
0.9949393838282727
0.9949393838282727
0.9949393838282727
0.9949393838282727
0.9949393838282727
0.9949393838282727
0.9949393838282727
0.9949393838282727
0.9949393838282727
0.9949393838282727
0.9949393838282727
0.9949393838282727
0.9949393838282727
0.9949393838282727
0.9949393838282727
0.9949393838282727
0.9949393838282727
0.9949393838282727
0.9949393838282727
0.9949393838282727
0.9969969969969968
0.9969969969969968
0.9969969969969968
0.9969969969969968
0.9969969969969968
0.9969969969969968
0.9969969969969968
0.9969969969969968
0.9969969969969968
0.9969969969969968
0.9969969969969968
0.9969969969969968
0.9969969969969968
0.9969969969969968
0.9969969969969968
0.9969969969969968
0.9969969969969968
0.9969969969969968
0.9969969969969968
0.9969969969969968
0.9969969969969968
0.9969969969969968
0.9969969969969968
0.9969969969969968
0.9969969969969968
0.9969969969969968
0.9969969969969968
0.9969969969969968
0.9969969969969968
0.9969969969969968
0.9969969969969968
0.9969969969969968
0.9969969969969968
0.9969969969969968
0.9969969969969968
0.9969969969969968
0.9969969969969968
0.9969969969969968
0.9969969969969968
0.9969969969969968
0.9969969969969968
0.9969969969969968
0.9969969969969968
0.9969969969969968
0.9969969969969968
0.9969969969969968
0.9969969969969968
0.9969969969969968
0.9969969969969968
0.9969969969969968
0.9969969969969968
0.9969969969969968
0.9969969969969968
0.9969969969969968
0.9969969969969968
0.9969969969969968
0.9969969969969968
0.9969969969969968
0.9969969969969968
0.9969969969969968
0.9969969969969968
0.9969969969969968
0.9969969969969968
0.9969969969969968
0.9969969969969968
0.9969969969969968
0.9969969969969968
0.9969969969969968
0.9969969969969968
0.9969969969969968
0.9969969969969968
0.9969969969969968
0.9969969969969968
0.9969969969969968
0.9969969969969968
0.9969969969969968
0.9969969969969968
0.9969969969969968
0.9969969969969968
0.9969969969969968
0.9969969969969968
0.9969969969969968
0.9969969969969968
0.9969969969969968
0.9969969969969968
0.9969969969969968
0.9969969969969968
0.9969969969969968
0.9969969969969968
0.9969969969969968
0.9969969969969968
0.9969969969969968
0.9969969969969968
0.9969969969969968
0.9969969969969968
0.9969969969969968
0.9969969969969968
0.9969969969969968
0.9969969969969968
0.9969969969969968
0.9969969969969968
0.9969969969969968
0.9969969969969968
0.9969969969969968
0.9969969969969968
0.9969969969969968
0.9969969969969968
0.9969969969969968
0.9969969969969968
1.0
1.0
