0.06392201068393248
0.11731541994352294
0.20811626638838343
0.26818234771950494
0.2837559267821914
0.3134947135482043
0.3167309595028968
0.34322146762687505
0.3585948665274157
0.37073201947326356
0.391970259572413
0.40390723235611503
0.4217090463384259
0.45124765294229285
0.47652996986905705
0.4977682099682064
0.53175125372398
0.5811076963802941
0.5811076963802941
0.5811076963802941
0.5976892864780488
0.6197353574501204
0.6494741442161334
0.6868936140887455
0.6868936140887455
0.6957945210799008
0.7012590019542179
0.7067234828285347
0.7299897776851626
0.7299897776851626
0.7400988758735321
0.7433351218282246
0.7487996027025415
0.75223602881938
0.7688176189171347
0.7993642365560699
0.7993642365560699
0.8096735149065853
0.8096735149065853
0.8096735149065853
0.8185744218977407
0.8220108480145791
0.8511299513824738
0.8511299513824738
0.8632671043283217
0.8632671043283217
0.8632671043283217
0.8699397763998528
0.8699397763998528
0.8733762025166912
0.8766124484713838
0.8887496014172318
0.8976505084083871
0.9008867543630797
0.9075594264346108
0.9075594264346108
0.9075594264346108
0.914232098506142
0.9229328253351513
0.9229328253351513
0.9229328253351513
0.9229328253351513
0.9229328253351513
0.9338617870837852
0.9370980330384778
0.9403342789931703
0.9472071312268474
0.9561080382180028
0.9561080382180028
0.9561080382180028
0.9593442841726953
0.9593442841726953
0.9593442841726953
0.9593442841726953
0.9593442841726953
0.9593442841726953
0.9593442841726953
0.9593442841726953
0.9593442841726953
0.9625805301273879
0.9625805301273879
0.9625805301273879
0.9625805301273879
0.9625805301273879
0.9680450110017048
0.9680450110017048
0.9680450110017048
0.9680450110017048
0.9680450110017048
0.9680450110017048
0.9680450110017048
0.9680450110017048
0.9680450110017048
0.9680450110017048
0.9680450110017048
0.9680450110017048
0.9680450110017048
0.9680450110017048
0.9714814371185433
0.9714814371185433
0.9714814371185433
0.9747176830732359
0.9747176830732359
0.9747176830732359
0.9747176830732359
0.9747176830732359
0.9747176830732359
0.9747176830732359
0.9747176830732359
0.9747176830732359
0.9747176830732359
0.9747176830732359
0.9747176830732359
0.9747176830732359
0.9747176830732359
0.9747176830732359
0.9747176830732359
0.9747176830732359
0.9747176830732359
0.9747176830732359
0.9747176830732359
0.9779539290279283
0.9779539290279283
0.9779539290279283
0.9779539290279283
0.9779539290279283
0.9779539290279283
0.9779539290279283
0.9779539290279283
0.9779539290279283
0.9779539290279283
0.9779539290279283
0.9779539290279283
0.9779539290279283
0.9779539290279283
0.9779539290279283
0.9779539290279283
0.9779539290279283
0.9779539290279283
0.9779539290279283
0.9779539290279283
0.9779539290279283
0.9779539290279283
0.9779539290279283
0.9779539290279283
0.9779539290279283
0.9779539290279283
0.9779539290279283
0.9779539290279283
0.9779539290279283
0.9779539290279283
0.9779539290279283
0.9779539290279283
0.9779539290279283
0.9779539290279283
0.9811901749826211
0.9811901749826211
0.9811901749826211
0.9811901749826211
0.9811901749826211
0.9811901749826211
0.9811901749826211
0.9811901749826211
0.9811901749826211
0.9811901749826211
0.9811901749826211
0.9811901749826211
0.9811901749826211
0.9811901749826211
0.9811901749826211
0.9811901749826211
0.9844264209373135
0.9844264209373135
0.987862847054152
0.987862847054152
0.987862847054152
0.987862847054152
0.987862847054152
0.987862847054152
0.987862847054152
0.987862847054152
0.987862847054152
0.987862847054152
0.987862847054152
0.987862847054152
0.987862847054152
0.987862847054152
0.987862847054152
0.987862847054152
0.987862847054152
0.987862847054152
0.987862847054152
0.987862847054152
0.987862847054152
0.987862847054152
0.987862847054152
0.987862847054152
0.987862847054152
0.987862847054152
0.987862847054152
0.987862847054152
0.987862847054152
0.987862847054152
0.987862847054152
0.987862847054152
0.987862847054152
0.987862847054152
0.987862847054152
0.987862847054152
0.987862847054152
0.987862847054152
0.987862847054152
0.987862847054152
0.987862847054152
0.987862847054152
0.987862847054152
0.987862847054152
0.987862847054152
0.987862847054152
0.987862847054152
0.9910990930088447
0.9965635738831615
0.9965635738831615
0.9965635738831615
0.9965635738831615
0.9965635738831615
0.9965635738831615
0.9965635738831615
0.9965635738831615
0.9965635738831615
0.9965635738831615
0.9965635738831615
0.9965635738831615
0.9965635738831615
0.9965635738831615
0.9965635738831615
0.9965635738831615
0.9965635738831615
0.9965635738831615
0.9965635738831615
0.9965635738831615
0.9965635738831615
0.9965635738831615
0.9965635738831615
0.9965635738831615
0.9965635738831615
0.9965635738831615
0.9965635738831615
0.9965635738831615
0.9965635738831615
0.9965635738831615
0.9965635738831615
0.9965635738831615
0.9965635738831615
0.9965635738831615
0.9965635738831615
0.9965635738831615
0.9965635738831615
0.9965635738831615
0.9965635738831615
0.9965635738831615
0.9965635738831615
0.9965635738831615
0.9965635738831615
0.9965635738831615
0.9965635738831615
0.9965635738831615
0.9965635738831615
0.9965635738831615
0.9965635738831615
0.9965635738831615
0.9965635738831615
0.9965635738831615
0.9965635738831615
0.9965635738831615
1.0
1.0
