0.0
0.0
0.0
0.0
0.0
0.0
0.0
0.0
0.0
0.0
0.0
0.0
0.0
0.0
0.0
0.0
0.0
0.0
0.01393665490887713
0.01393665490887713
0.01393665490887713
0.01393665490887713
0.01393665490887713
0.01393665490887713
0.01393665490887713
0.016582157554379775
0.016582157554379775
0.016582157554379775
0.01922766019988242
0.01922766019988242
0.01922766019988242
0.01922766019988242
0.01922766019988242
0.02334288653733098
0.02334288653733098
0.02334288653733098
0.02334288653733098
0.03008308261576235
0.03419830895321092
0.03419830895321092
0.03419830895321092
0.03419830895321092
0.03419830895321092
0.03419830895321092
0.03419830895321092
0.03419830895321092
0.03419830895321092
0.03419830895321092
0.03419830895321092
0.03419830895321092
0.03419830895321092
0.04472698278833636
0.04472698278833636
0.04472698278833636
0.04472698278833636
0.04472698278833636
0.04884220912578492
0.04884220912578492
0.04884220912578492
0.04884220912578492
0.04884220912578492
0.04884220912578492
0.04884220912578492
0.04884220912578492
0.05254591282948863
0.05254591282948863
0.05254591282948863
0.056130142220169627
0.056130142220169627
0.056130142220169627
0.056130142220169627
0.056130142220169627
0.056130142220169627
0.056130142220169627
0.056130142220169627
0.05960236444239185
0.05960236444239185
0.0657200893101167
0.0657200893101167
0.0657200893101167
0.0657200893101167
0.0657200893101167
0.0657200893101167
0.0657200893101167
0.0724602853885481
0.0724602853885481
0.07510578803405073
0.07510578803405073
0.07510578803405073
0.07510578803405073
0.07510578803405073
0.07510578803405073
0.07510578803405073
0.07510578803405073
0.07510578803405073
0.07510578803405073
0.07510578803405073
0.07510578803405073
0.07510578803405073
0.07510578803405073
0.07510578803405073
0.07837376189025987
0.07837376189025987
0.08101926453576253
0.08101926453576253
0.08101926453576253
0.08101926453576253
0.08101926453576253
0.08101926453576253
0.08101926453576253
0.08101926453576253
0.08101926453576253
0.08101926453576253
0.09154793837088798
0.09419344101639061
0.09419344101639061
0.09419344101639061
0.09419344101639061
0.1003111658841155
0.1003111658841155
0.1003111658841155
0.1003111658841155
0.1003111658841155
0.1003111658841155
0.1003111658841155
0.1003111658841155
0.1003111658841155
0.1003111658841155
0.1003111658841155
0.11559807017191585
0.11559807017191585
0.11559807017191585
0.11886604402812499
0.11886604402812499
0.11886604402812499
0.12298127036557355
0.12298127036557355
0.12656549975625453
0.12656549975625453
0.12656549975625453
0.12656549975625453
0.12656549975625453
0.13595119848018855
0.13595119848018855
0.13595119848018855
0.13595119848018855
0.13595119848018855
0.13595119848018855
0.13595119848018855
0.13595119848018855
0.13595119848018855
0.13595119848018855
0.1392191723363977
0.1392191723363977
0.1392191723363977
0.1392191723363977
0.1392191723363977
0.1392191723363977
0.1392191723363977
0.1392191723363977
0.1392191723363977
0.1392191723363977
0.1392191723363977
0.1392191723363977
0.1392191723363977
0.1392191723363977
0.1392191723363977
0.1392191723363977
0.1392191723363977
0.14333439867384629
0.1468066208960685
0.1468066208960685
0.1468066208960685
0.1468066208960685
0.1468066208960685
0.1468066208960685
0.1468066208960685
0.1468066208960685
0.1468066208960685
0.1468066208960685
0.1468066208960685
0.1468066208960685
0.1468066208960685
0.1468066208960685
0.1468066208960685
0.1468066208960685
0.1468066208960685
0.1468066208960685
0.1468066208960685
0.1468066208960685
0.1468066208960685
0.1468066208960685
0.1468066208960685
0.1468066208960685
0.1543940694557393
0.1543940694557393
0.1543940694557393
0.1543940694557393
0.1543940694557393
0.1543940694557393
0.1543940694557393
0.1543940694557393
0.1543940694557393
0.1543940694557393
0.1543940694557393
0.1543940694557393
0.1543940694557393
0.16462702066091273
0.17506345329848388
0.17506345329848388
0.17506345329848388
0.17506345329848388
0.17506345329848388
0.17506345329848388
0.17506345329848388
0.17506345329848388
0.17506345329848388
0.17506345329848388
0.17506345329848388
0.17506345329848388
0.19308733449572582
0.19308733449572582
0.19308733449572582
0.19308733449572582
0.19308733449572582
0.19308733449572582
0.19308733449572582
0.19667156388640683
0.19667156388640683
0.2002557932770878
0.2002557932770878
0.2002557932770878
0.2002557932770878
0.20372801549931005
0.20372801549931005
0.20372801549931005
0.20372801549931005
0.20372801549931005
0.20372801549931005
0.20372801549931005
0.20372801549931005
0.20372801549931005
0.20372801549931005
0.20372801549931005
0.20372801549931005
0.20372801549931005
0.21046821157774143
0.21046821157774143
0.21046821157774143
0.21046821157774143
0.21046821157774143
0.21046821157774143
0.21741265602218587
0.21741265602218587
0.22088487824440808
0.22088487824440808
0.22088487824440808
0.22088487824440808
0.22088487824440808
0.22446910763508907
0.22446910763508907
0.22446910763508907
0.22446910763508907
0.22446910763508907
0.22446910763508907
0.22446910763508907
0.22446910763508907
0.22446910763508907
0.22446910763508907
0.22446910763508907
0.22446910763508907
0.2279413298573113
0.2344772775697296
0.2344772775697296
0.2344772775697296
0.2344772775697296
0.2344772775697296
0.2344772775697296
0.2344772775697296
0.2344772775697296
0.2344772775697296
0.2344772775697296
0.2344772775697296
0.2344772775697296
0.2344772775697296
0.2344772775697296
0.2344772775697296
0.2344772775697296
0.23794949979195185
0.23794949979195185
0.23794949979195185
0.23794949979195185
0.23794949979195185
0.23794949979195185
0.23794949979195185
0.23794949979195185
0.23794949979195185
0.23794949979195185
0.24142172201417406
0.24142172201417406
0.24142172201417406
0.24142172201417406
0.24142172201417406
0.24142172201417406
0.24142172201417406
0.2455369483516226
0.2455369483516226
0.2455369483516226
0.2455369483516226
0.2455369483516226
0.2455369483516226
0.2455369483516226
0.2455369483516226
0.2455369483516226
0.2455369483516226
0.2455369483516226
0.2455369483516226
0.2455369483516226
0.2455369483516226
0.2455369483516226
0.2455369483516226
0.2455369483516226
0.256623852248984
0.256623852248984
0.26580530260690494
0.26580530260690494
0.26580530260690494
0.26580530260690494
0.26580530260690494
0.26580530260690494
0.26580530260690494
0.26580530260690494
0.26580530260690494
0.26580530260690494
0.26580530260690494
0.26580530260690494
0.26580530260690494
0.2692775248291272
0.2692775248291272
0.28371717663568813
0.28371717663568813
0.28371717663568813
0.28371717663568813
0.28371717663568813
0.28371717663568813
0.28371717663568813
0.28371717663568813
0.28371717663568813
0.28371717663568813
0.28371717663568813
0.28983490150341296
0.28983490150341296
0.28983490150341296
0.28983490150341296
0.28983490150341296
0.28983490150341296
0.2931028753596221
0.2931028753596221
0.2931028753596221
0.2931028753596221
0.2931028753596221
0.2931028753596221
0.2931028753596221
0.2931028753596221
0.2931028753596221
0.2931028753596221
0.2931028753596221
0.2931028753596221
0.2931028753596221
0.2931028753596221
0.2931028753596221
0.2931028753596221
0.2931028753596221
0.29668710475030313
0.29668710475030313
0.29668710475030313
0.30809026418213636
0.30809026418213636
0.30809026418213636
0.30809026418213636
0.30809026418213636
0.30809026418213636
0.30809026418213636
0.30809026418213636
0.30809026418213636
0.30809026418213636
0.30809026418213636
0.30809026418213636
0.30809026418213636
0.3148509931650876
0.32487969600424793
0.32487969600424793
0.32487969600424793
0.32487969600424793
0.32487969600424793
0.32487969600424793
0.32487969600424793
0.32487969600424793
0.32487969600424793
0.32487969600424793
0.32487969600424793
0.32487969600424793
0.32487969600424793
0.32487969600424793
0.32487969600424793
0.32487969600424793
0.32487969600424793
0.3281476698604571
0.3281476698604571
0.3281476698604571
0.3281476698604571
0.3281476698604571
0.3281476698604571
0.3281476698604571
0.3281476698604571
0.3316198920826794
0.3316198920826794
0.33900309227633707
0.33900309227633707
0.33900309227633707
0.33900309227633707
0.33900309227633707
0.33900309227633707
0.33900309227633707
0.3424753144985593
0.3424753144985593
0.3424753144985593
0.3424753144985593
0.35312346264670746
0.35312346264670746
0.35312346264670746
0.35312346264670746
0.35312346264670746
0.35312346264670746
0.35312346264670746
0.35312346264670746
0.3590369391484193
0.3590369391484193
0.3590369391484193
0.3590369391484193
0.3590369391484193
0.38764472734533884
0.38764472734533884
0.38764472734533884
0.38764472734533884
0.38764472734533884
0.38764472734533884
0.38764472734533884
0.38764472734533884
0.38764472734533884
0.38764472734533884
0.38764472734533884
0.38764472734533884
0.38764472734533884
0.3917599536827874
0.3917599536827874
0.3917599536827874
0.3917599536827874
0.3917599536827874
0.3917599536827874
0.3917599536827874
0.3917599536827874
0.3917599536827874
0.3917599536827874
0.3917599536827874
0.3917599536827874
0.3917599536827874
0.3950279275389965
0.3950279275389965
0.3950279275389965
0.3950279275389965
0.3950279275389965
0.3950279275389965
0.3950279275389965
0.3985001497612187
0.3985001497612187
0.3985001497612187
0.3985001497612187
0.3985001497612187
0.3985001497612187
0.4058833499548764
0.4058833499548764
0.408528852600379
0.408528852600379
0.408528852600379
0.408528852600379
0.408528852600379
0.408528852600379
0.408528852600379
0.408528852600379
0.408528852600379
0.408528852600379
0.41528958158333024
0.4185575554395394
0.4185575554395394
0.4185575554395394
0.4185575554395394
0.4185575554395394
0.4185575554395394
0.4185575554395394
0.4185575554395394
0.4185575554395394
0.4185575554395394
0.4185575554395394
0.4185575554395394
0.4185575554395394
0.4185575554395394
0.4185575554395394
0.4185575554395394
0.4218255292957485
0.4218255292957485
0.4218255292957485
0.4218255292957485
0.4218255292957485
0.4218255292957485
0.4218255292957485
0.4218255292957485
0.4218255292957485
0.4218255292957485
0.4287972068556614
0.4287972068556614
0.4287972068556614
0.4287972068556614
0.4287972068556614
0.4287972068556614
0.4287972068556614
0.43144270950116415
0.43144270950116415
0.4347106833573733
0.4347106833573733
0.4347106833573733
0.4347106833573733
0.4347106833573733
0.4347106833573733
0.4347106833573733
0.4347106833573733
0.4347106833573733
0.4347106833573733
0.4347106833573733
0.4347106833573733
0.4347106833573733
0.4347106833573733
0.4347106833573733
0.4347106833573733
0.4347106833573733
0.4347106833573733
0.4347106833573733
0.4347106833573733
0.4347106833573733
0.4347106833573733
0.4347106833573733
0.4347106833573733
0.4347106833573733
0.4347106833573733
0.4347106833573733
0.4347106833573733
0.4347106833573733
0.4347106833573733
0.4347106833573733
0.4347106833573733
0.4491503351639342
0.4491503351639342
0.4491503351639342
0.4491503351639342
0.4491503351639342
0.4491503351639342
0.4491503351639342
0.4491503351639342
0.4491503351639342
0.4491503351639342
0.4491503351639342
0.4491503351639342
0.4491503351639342
0.4491503351639342
0.4491503351639342
0.4491503351639342
0.4491503351639342
0.4569692652050865
0.4569692652050865
0.4569692652050865
0.4569692652050865
0.4569692652050865
0.4569692652050865
0.4569692652050865
0.4569692652050865
0.4569692652050865
0.4569692652050865
0.4569692652050865
0.4569692652050865
0.4569692652050865
0.4569692652050865
0.4569692652050865
0.4569692652050865
0.4569692652050865
0.47037492316719604
0.47037492316719604
0.47037492316719604
0.47037492316719604
0.47037492316719604
0.47037492316719604
0.47037492316719604
0.47037492316719604
0.47037492316719604
0.47037492316719604
0.47037492316719604
0.47037492316719604
0.47037492316719604
0.47755084909312195
0.47755084909312195
0.47755084909312195
0.49031652884172394
0.493900758232405
0.493900758232405
0.493900758232405
0.493900758232405
0.493900758232405
0.493900758232405
0.493900758232405
0.493900758232405
0.493900758232405
0.4973729804546272
0.4973729804546272
0.4973729804546272
0.5014882067920756
0.5014882067920756
0.5014882067920756
0.5014882067920756
0.5014882067920756
0.5082284028705071
0.5082284028705071
0.5082284028705071
0.5082284028705071
0.5082284028705071
0.5082284028705071
0.5082284028705071
0.5082284028705071
0.5082284028705071
0.5082284028705071
0.5082284028705071
0.5082284028705071
0.5082284028705071
0.5082284028705071
0.5082284028705071
0.5082284028705071
0.5082284028705071
0.5190838252863869
0.5190838252863869
0.5190838252863869
0.5190838252863869
0.5190838252863869
0.5190838252863869
0.5190838252863869
0.5190838252863869
0.5190838252863869
0.5190838252863869
0.5190838252863869
0.5190838252863869
0.5190838252863869
0.5190838252863869
0.5190838252863869
0.5190838252863869
0.5190838252863869
0.5217293279318895
0.5217293279318895
0.5217293279318895
0.5217293279318895
0.5243748305773921
0.5243748305773921
0.5243748305773921
0.5243748305773921
0.5243748305773921
0.5243748305773921
0.5243748305773921
0.5243748305773921
0.5243748305773921
0.5243748305773921
0.5243748305773921
0.5243748305773921
0.5243748305773921
0.5243748305773921
0.5243748305773921
0.5243748305773921
0.5243748305773921
0.5284900569148407
0.5284900569148407
0.5284900569148407
0.5284900569148407
0.5284900569148407
0.5284900569148407
0.5321937606185444
0.5321937606185444
0.5321937606185444
0.5321937606185444
0.5321937606185444
0.5321937606185444
0.5321937606185444
0.5387297083309628
0.5387297083309628
0.5387297083309628
0.5387297083309628
0.5387297083309628
0.5387297083309628
0.5387297083309628
0.5387297083309628
0.5387297083309628
0.5387297083309628
0.5387297083309628
0.5387297083309628
0.5387297083309628
0.5387297083309628
0.5387297083309628
0.5387297083309628
0.5387297083309628
0.5457861599438659
0.5457861599438659
0.5457861599438659
0.5457861599438659
0.5457861599438659
0.5457861599438659
0.5457861599438659
0.5457861599438659
0.5457861599438659
0.5457861599438659
0.5457861599438659
0.5457861599438659
0.5457861599438659
0.5457861599438659
0.5457861599438659
0.5457861599438659
0.5457861599438659
0.5484316625893686
0.5484316625893686
0.5484316625893686
0.5484316625893686
0.5484316625893686
0.5484316625893686
0.5484316625893686
0.5484316625893686
0.5484316625893686
0.5484316625893686
0.5484316625893686
0.5484316625893686
0.5484316625893686
0.5484316625893686
0.5484316625893686
0.5484316625893686
0.5484316625893686
0.5484316625893686
0.5484316625893686
0.5484316625893686
0.5484316625893686
0.5484316625893686
0.5484316625893686
0.5484316625893686
0.5484316625893686
0.5484316625893686
0.5484316625893686
0.5484316625893686
0.5484316625893686
0.5510771652348713
0.5510771652348713
0.5510771652348713
0.5510771652348713
0.5510771652348713
0.5510771652348713
0.5510771652348713
0.5551923915723198
0.5551923915723198
0.5551923915723198
0.5551923915723198
0.5551923915723198
0.5551923915723198
0.5551923915723198
0.5551923915723198
0.5551923915723198
0.5551923915723198
0.5551923915723198
0.5551923915723198
0.5551923915723198
0.5551923915723198
0.5551923915723198
0.5587766209630008
0.5587766209630008
0.5587766209630008
0.5587766209630008
0.5587766209630008
0.5587766209630008
0.5587766209630008
0.5587766209630008
0.5587766209630008
0.5587766209630008
0.5587766209630008
0.5587766209630008
0.5587766209630008
0.5587766209630008
0.5587766209630008
0.5587766209630008
0.5587766209630008
0.5628918473004494
0.5628918473004494
0.5628918473004494
0.5628918473004494
0.5628918473004494
0.5628918473004494
0.5628918473004494
0.5628918473004494
0.5628918473004494
0.5628918473004494
0.5628918473004494
0.5628918473004494
0.5628918473004494
0.5628918473004494
0.5628918473004494
0.5628918473004494
0.5628918473004494
0.5628918473004494
0.5628918473004494
0.5628918473004494
0.5628918473004494
0.5628918473004494
0.5628918473004494
0.5628918473004494
0.5628918473004494
0.5628918473004494
0.5628918473004494
0.5628918473004494
0.5628918473004494
0.5628918473004494
0.5628918473004494
0.5628918473004494
0.5628918473004494
0.5628918473004494
0.5628918473004494
0.5628918473004494
0.5628918473004494
0.5720732976583703
0.5720732976583703
0.5720732976583703
0.5720732976583703
0.5720732976583703
0.5720732976583703
0.5720732976583703
0.5720732976583703
0.5720732976583703
0.5720732976583703
0.5720732976583703
0.5720732976583703
0.5720732976583703
0.5720732976583703
0.5720732976583703
0.5761885239958189
0.5761885239958189
0.5761885239958189
0.5761885239958189
0.5761885239958189
0.5761885239958189
0.5761885239958189
0.5761885239958189
0.5761885239958189
0.5761885239958189
0.5761885239958189
0.5761885239958189
0.5761885239958189
0.5761885239958189
0.5761885239958189
0.5761885239958189
0.5829287200742503
0.5829287200742503
0.5829287200742503
0.5829287200742503
0.5829287200742503
0.5829287200742503
0.5829287200742503
0.5870439464116989
0.5870439464116989
0.5870439464116989
0.5870439464116989
0.5870439464116989
0.5870439464116989
0.5870439464116989
0.5870439464116989
0.5870439464116989
0.5870439464116989
0.5896894490572016
0.5896894490572016
0.5896894490572016
0.5896894490572016
0.5896894490572016
0.5896894490572016
0.5896894490572016
0.5896894490572016
0.5896894490572016
0.5896894490572016
0.5896894490572016
0.5896894490572016
0.5896894490572016
0.5896894490572016
0.5896894490572016
0.5896894490572016
0.5896894490572016
0.5896894490572016
0.5896894490572016
0.5896894490572016
0.5896894490572016
0.5896894490572016
0.5896894490572016
0.5896894490572016
0.5896894490572016
0.5896894490572016
0.5896894490572016
0.5896894490572016
0.5896894490572016
0.5896894490572016
0.5896894490572016
0.5896894490572016
0.5896894490572016
0.5896894490572016
0.5938046753946501
0.5938046753946501
0.5938046753946501
0.5938046753946501
0.5938046753946501
0.5964501780401528
0.5964501780401528
0.5964501780401528
0.5964501780401528
0.5964501780401528
0.5964501780401528
0.5964501780401528
0.5964501780401528
0.6000344074308337
0.6000344074308337
0.6000344074308337
0.6000344074308337
0.6070908590437369
0.6103588328999461
0.6103588328999461
0.6103588328999461
0.6103588328999461
0.6103588328999461
0.6103588328999461
0.6103588328999461
0.6170990289783774
0.6170990289783774
0.6170990289783774
0.6170990289783774
0.6170990289783774
0.6170990289783774
0.6208027326820811
0.6208027326820811
0.6208027326820811
0.6208027326820811
0.6208027326820811
0.6208027326820811
0.6208027326820811
0.6208027326820811
0.6208027326820811
0.6208027326820811
0.6208027326820811
0.6208027326820811
0.6208027326820811
0.6208027326820811
0.6208027326820811
0.6208027326820811
0.6208027326820811
0.6208027326820811
0.6208027326820811
0.6208027326820811
0.6302089643105351
0.6302089643105351
0.6302089643105351
0.6302089643105351
0.6302089643105351
0.6302089643105351
0.6302089643105351
0.6302089643105351
0.6302089643105351
0.6302089643105351
0.6302089643105351
0.6302089643105351
0.6302089643105351
0.6302089643105351
0.6302089643105351
0.6302089643105351
0.6302089643105351
0.6376163717179425
0.6376163717179425
0.6376163717179425
0.6376163717179425
0.6376163717179425
0.6376163717179425
0.6376163717179425
0.6376163717179425
0.6376163717179425
0.6376163717179425
0.6376163717179425
0.6376163717179425
0.6376163717179425
0.6376163717179425
0.6376163717179425
0.6413200754216462
0.6413200754216462
0.647233551923358
0.647233551923358
0.647233551923358
0.647233551923358
0.647233551923358
0.647233551923358
0.647233551923358
0.647233551923358
0.647233551923358
0.647233551923358
0.647233551923358
0.647233551923358
0.647233551923358
0.647233551923358
0.647233551923358
0.647233551923358
0.647233551923358
0.6587319784544642
0.6587319784544642
0.6587319784544642
0.6587319784544642
0.6587319784544642
0.6587319784544642
0.6622042006766864
0.6622042006766864
0.6622042006766864
0.6622042006766864
0.6622042006766864
0.6622042006766864
0.6622042006766864
0.6622042006766864
0.6622042006766864
0.6622042006766864
0.6622042006766864
0.6622042006766864
0.6622042006766864
0.6622042006766864
0.6622042006766864
0.6622042006766864
0.6622042006766864
0.6622042006766864
0.6622042006766864
0.6622042006766864
0.6622042006766864
0.6622042006766864
0.6622042006766864
0.6622042006766864
0.6622042006766864
0.6622042006766864
0.6622042006766864
0.6622042006766864
0.6663194270141349
0.6663194270141349
0.6663194270141349
0.6663194270141349
0.6700231307178386
0.6700231307178386
0.6700231307178386
0.6700231307178386
0.6700231307178386
0.6700231307178386
0.6700231307178386
0.6700231307178386
0.6700231307178386
0.6700231307178386
0.6700231307178386
0.6700231307178386
0.6700231307178386
0.673291104574048
0.673291104574048
0.673291104574048
0.673291104574048
0.673291104574048
0.673291104574048
0.673291104574048
0.673291104574048
0.673291104574048
0.673291104574048
0.6765590784302571
0.6765590784302571
0.6806743047677055
0.6806743047677055
0.6806743047677055
0.6806743047677055
0.6806743047677055
0.6847895311051541
0.6847895311051541
0.6847895311051541
0.6847895311051541
0.6847895311051541
0.6847895311051541
0.6847895311051541
0.6847895311051541
0.6847895311051541
0.6847895311051541
0.6847895311051541
0.6847895311051541
0.6847895311051541
0.6847895311051541
0.6847895311051541
0.6847895311051541
0.6884932348088577
0.6884932348088577
0.6884932348088577
0.6884932348088577
0.6884932348088577
0.6884932348088577
0.6884932348088577
0.6884932348088577
0.6884932348088577
0.6884932348088577
0.6884932348088577
0.6884932348088577
0.6884932348088577
0.6884932348088577
0.6884932348088577
0.6884932348088577
0.6884932348088577
0.6954376792533021
0.7028450866607096
0.7028450866607096
0.7028450866607096
0.7028450866607096
0.7028450866607096
0.7028450866607096
0.7028450866607096
0.7028450866607096
0.7028450866607096
0.7028450866607096
0.7028450866607096
0.7028450866607096
0.7028450866607096
0.7028450866607096
0.7028450866607096
0.7028450866607096
0.7028450866607096
0.7139047574426027
0.7221352101174997
0.7221352101174997
0.7221352101174997
0.7221352101174997
0.7221352101174997
0.7221352101174997
0.7221352101174997
0.7221352101174997
0.7221352101174997
0.7221352101174997
0.7221352101174997
0.7221352101174997
0.7221352101174997
0.7221352101174997
0.7221352101174997
0.7221352101174997
0.7254031839737088
0.7254031839737088
0.7254031839737088
0.7369016105048153
0.7369016105048153
0.7369016105048153
0.7369016105048153
0.7369016105048153
0.7369016105048153
0.7369016105048153
0.7369016105048153
0.7369016105048153
0.7369016105048153
0.7369016105048153
0.7369016105048153
0.7369016105048153
0.7369016105048153
0.7473455102869503
0.7473455102869503
0.7473455102869503
0.7473455102869503
0.7473455102869503
0.7532589867886621
0.7532589867886621
0.7532589867886621
0.7532589867886621
0.7532589867886621
0.7532589867886621
0.7532589867886621
0.7532589867886621
0.7532589867886621
0.7532589867886621
0.7532589867886621
0.7532589867886621
0.7606421869823198
0.7606421869823198
0.7606421869823198
0.7606421869823198
0.7606421869823198
0.7606421869823198
0.7606421869823198
0.7642264163730008
0.7642264163730008
0.7642264163730008
0.7642264163730008
0.7642264163730008
0.7642264163730008
0.7642264163730008
0.7642264163730008
0.7642264163730008
0.7642264163730008
0.7683416427104494
0.7683416427104494
0.7683416427104494
0.7683416427104494
0.7683416427104494
0.7683416427104494
0.7683416427104494
0.7683416427104494
0.7683416427104494
0.7720453464141531
0.7720453464141531
0.7720453464141531
0.7720453464141531
0.7720453464141531
0.7720453464141531
0.7720453464141531
0.7720453464141531
0.7757490501178568
0.7757490501178568
0.7757490501178568
0.7757490501178568
0.7757490501178568
0.7757490501178568
0.7757490501178568
0.7757490501178568
0.7757490501178568
0.7757490501178568
0.7757490501178568
0.7757490501178568
0.7757490501178568
0.7757490501178568
0.7757490501178568
0.7757490501178568
0.7757490501178568
0.7790170239740659
0.7790170239740659
0.7790170239740659
0.7790170239740659
0.7790170239740659
0.7790170239740659
0.7790170239740659
0.7790170239740659
0.7790170239740659
0.7790170239740659
0.7790170239740659
0.7790170239740659
0.7790170239740659
0.7851347488417909
0.7851347488417909
0.7851347488417909
0.7851347488417909
0.7851347488417909
0.7851347488417909
0.7851347488417909
0.7851347488417909
0.7851347488417909
0.7851347488417909
0.7851347488417909
0.7851347488417909
0.7851347488417909
0.7851347488417909
0.7851347488417909
0.7851347488417909
0.7851347488417909
0.7851347488417909
0.7851347488417909
0.7851347488417909
0.7851347488417909
0.7851347488417909
0.7851347488417909
0.7851347488417909
0.7851347488417909
0.7851347488417909
0.7851347488417909
0.7851347488417909
0.7851347488417909
0.7851347488417909
0.7851347488417909
0.7851347488417909
0.7851347488417909
0.7851347488417909
0.7851347488417909
0.7851347488417909
0.7851347488417909
0.7851347488417909
0.7994623934798929
0.7994623934798929
0.7994623934798929
0.7994623934798929
0.7994623934798929
0.7994623934798929
0.7994623934798929
0.7994623934798929
0.8021078961253956
0.8021078961253956
0.8021078961253956
0.8021078961253956
0.8021078961253956
0.8021078961253956
0.8021078961253956
0.8021078961253956
0.8021078961253956
0.8088480922038269
0.8088480922038269
0.8125517959075306
0.8125517959075306
0.8125517959075306
0.8125517959075306
0.8125517959075306
0.8125517959075306
0.8125517959075306
0.8125517959075306
0.8125517959075306
0.8125517959075306
0.8125517959075306
0.8125517959075306
0.8125517959075306
0.8125517959075306
0.8125517959075306
0.8186695207752555
0.8186695207752555
0.8186695207752555
0.8186695207752555
0.8221417429974777
0.8221417429974777
0.8221417429974777
0.8221417429974777
0.8221417429974777
0.8221417429974777
0.8221417429974777
0.8221417429974777
0.8221417429974777
0.8221417429974777
0.8221417429974777
0.8221417429974777
0.8221417429974777
0.8221417429974777
0.8221417429974777
0.8221417429974777
0.8221417429974777
0.8221417429974777
0.8221417429974777
0.8262569693349262
0.8262569693349262
0.8262569693349262
0.8262569693349262
0.8262569693349262
0.8262569693349262
0.8262569693349262
0.8262569693349262
0.8262569693349262
0.8262569693349262
0.8262569693349262
0.8299606730386299
0.8299606730386299
0.8299606730386299
0.8299606730386299
0.8299606730386299
0.8299606730386299
0.8299606730386299
0.8299606730386299
0.8299606730386299
0.8299606730386299
0.8299606730386299
0.8299606730386299
0.8299606730386299
0.8299606730386299
0.8299606730386299
0.8299606730386299
0.8299606730386299
0.8299606730386299
0.8299606730386299
0.8299606730386299
0.833228646894839
0.833228646894839
0.833228646894839
0.833228646894839
0.833228646894839
0.833228646894839
0.833228646894839
0.8399688429732703
0.8399688429732703
0.8399688429732703
0.8399688429732703
0.8399688429732703
0.8399688429732703
0.8399688429732703
0.8399688429732703
0.8399688429732703
0.8399688429732703
0.8399688429732703
0.8399688429732703
0.8399688429732703
0.8399688429732703
0.8399688429732703
0.8399688429732703
0.8399688429732703
0.8399688429732703
0.8399688429732703
0.8399688429732703
0.8399688429732703
0.8399688429732703
0.8399688429732703
0.8399688429732703
0.8435530723639515
0.8435530723639515
0.8435530723639515
0.8435530723639515
0.8435530723639515
0.8435530723639515
0.8435530723639515
0.8435530723639515
0.8435530723639515
0.8435530723639515
0.8435530723639515
0.8435530723639515
0.8435530723639515
0.8435530723639515
0.8494665488656632
0.8494665488656632
0.8494665488656632
0.8494665488656632
0.8494665488656632
0.8494665488656632
0.8494665488656632
0.8494665488656632
0.8494665488656632
0.8494665488656632
0.8494665488656632
0.8494665488656632
0.8494665488656632
0.8494665488656632
0.8494665488656632
0.8494665488656632
0.8494665488656632
0.8494665488656632
0.8494665488656632
0.8530507782563441
0.8566350076470253
0.8566350076470253
0.8566350076470253
0.8566350076470253
0.8566350076470253
0.8566350076470253
0.8566350076470253
0.8566350076470253
0.8566350076470253
0.8566350076470253
0.8566350076470253
0.8566350076470253
0.8566350076470253
0.8566350076470253
0.8566350076470253
0.8566350076470253
0.8566350076470253
0.864018207840683
0.8709626522851274
0.8709626522851274
0.8709626522851274
0.8709626522851274
0.8709626522851274
0.8709626522851274
0.8709626522851274
0.8709626522851274
0.8709626522851274
0.8709626522851274
0.8709626522851274
0.8709626522851274
0.8709626522851274
0.8709626522851274
0.8709626522851274
0.8709626522851274
0.8709626522851274
0.8709626522851274
0.8709626522851274
0.8709626522851274
0.8709626522851274
0.8709626522851274
0.8709626522851274
0.8709626522851274
0.8709626522851274
0.8709626522851274
0.8709626522851274
0.8709626522851274
0.8709626522851274
0.8709626522851274
0.8709626522851274
0.8709626522851274
0.8709626522851274
0.8742306261413365
0.8742306261413365
0.8742306261413365
0.8742306261413365
0.8742306261413365
0.8742306261413365
0.8742306261413365
0.8742306261413365
0.8742306261413365
0.8742306261413365
0.8742306261413365
0.8742306261413365
0.8742306261413365
0.8742306261413365
0.8742306261413365
0.8742306261413365
0.8742306261413365
0.8810828293882266
0.8810828293882266
0.8810828293882266
0.8810828293882266
0.8810828293882266
0.8810828293882266
0.8810828293882266
0.8810828293882266
0.8810828293882266
0.8810828293882266
0.8810828293882266
0.8810828293882266
0.8810828293882266
0.8810828293882266
0.8810828293882266
0.8810828293882266
0.8810828293882266
0.8810828293882266
0.8810828293882266
0.8810828293882266
0.8810828293882266
0.8810828293882266
0.8810828293882266
0.8810828293882266
0.8810828293882266
0.8810828293882266
0.8810828293882266
0.8810828293882266
0.8810828293882266
0.8810828293882266
0.8810828293882266
0.8810828293882266
0.8810828293882266
0.8810828293882266
0.8810828293882266
0.8810828293882266
0.8810828293882266
0.8810828293882266
0.8810828293882266
0.8810828293882266
0.8810828293882266
0.8810828293882266
0.8810828293882266
0.8810828293882266
0.8810828293882266
0.8810828293882266
0.8810828293882266
0.8810828293882266
0.8810828293882266
0.8810828293882266
0.8810828293882266
0.8845550516104488
0.8845550516104488
0.8845550516104488
0.8845550516104488
0.8845550516104488
0.8845550516104488
0.8845550516104488
0.8845550516104488
0.8845550516104488
0.8845550516104488
0.8845550516104488
0.8845550516104488
0.8845550516104488
0.8845550516104488
0.8845550516104488
0.8845550516104488
0.8845550516104488
0.8878230254666581
0.8878230254666581
0.8878230254666581
0.8878230254666581
0.8878230254666581
0.8878230254666581
0.8878230254666581
0.8878230254666581
0.8878230254666581
0.8878230254666581
0.8878230254666581
0.8878230254666581
0.8878230254666581
0.8878230254666581
0.8878230254666581
0.8878230254666581
0.8878230254666581
0.8878230254666581
0.8878230254666581
0.8878230254666581
0.8878230254666581
0.8878230254666581
0.8878230254666581
0.8878230254666581
0.8878230254666581
0.8878230254666581
0.8878230254666581
0.8878230254666581
0.8878230254666581
0.8878230254666581
0.8878230254666581
0.8878230254666581
0.8878230254666581
0.8878230254666581
0.8912952476888805
0.8912952476888805
0.8912952476888805
0.8912952476888805
0.8912952476888805
0.8912952476888805
0.8912952476888805
0.8912952476888805
0.8912952476888805
0.8912952476888805
0.8912952476888805
0.8912952476888805
0.8912952476888805
0.8912952476888805
0.8912952476888805
0.8912952476888805
0.8912952476888805
0.8912952476888805
0.8912952476888805
0.8948794770795614
0.8948794770795614
0.8948794770795614
0.8948794770795614
0.8948794770795614
0.8948794770795614
0.8948794770795614
0.8948794770795614
0.8948794770795614
0.8948794770795614
0.8948794770795614
0.8948794770795614
0.8948794770795614
0.8948794770795614
0.8948794770795614
0.8948794770795614
0.8948794770795614
0.8948794770795614
0.8948794770795614
0.8975249797250642
0.8975249797250642
0.8975249797250642
0.8975249797250642
0.8975249797250642
0.8975249797250642
0.8975249797250642
0.8975249797250642
0.8975249797250642
0.8975249797250642
0.8975249797250642
0.8975249797250642
0.8975249797250642
0.9053439097662164
0.9053439097662164
0.9053439097662164
0.9053439097662164
0.9053439097662164
0.9053439097662164
0.9086118836224255
0.9086118836224255
0.9086118836224255
0.9086118836224255
0.9086118836224255
0.9086118836224255
0.9086118836224255
0.9086118836224255
0.9086118836224255
0.9086118836224255
0.9086118836224255
0.9127271099598739
0.9127271099598739
0.9127271099598739
0.9127271099598739
0.9127271099598739
0.9127271099598739
0.9127271099598739
0.9127271099598739
0.9127271099598739
0.9127271099598739
0.9127271099598739
0.9127271099598739
0.9127271099598739
0.9127271099598739
0.9127271099598739
0.9127271099598739
0.9127271099598739
0.9127271099598739
0.9127271099598739
0.9127271099598739
0.9127271099598739
0.9127271099598739
0.9127271099598739
0.9127271099598739
0.9127271099598739
0.9127271099598739
0.9127271099598739
0.923378284009741
0.923378284009741
0.923378284009741
0.923378284009741
0.923378284009741
0.923378284009741
0.923378284009741
0.9297274903589473
0.9297274903589473
0.9297274903589473
0.9297274903589473
0.9297274903589473
0.9297274903589473
0.9297274903589473
0.9297274903589473
0.9297274903589473
0.9297274903589473
0.9297274903589473
0.9297274903589473
0.9297274903589473
0.9297274903589473
0.9297274903589473
0.9297274903589473
0.9297274903589473
0.9297274903589473
0.9297274903589473
0.9297274903589473
0.9297274903589473
0.9297274903589473
0.9297274903589473
0.9297274903589473
0.9297274903589473
0.9297274903589473
0.9297274903589473
0.9297274903589473
0.9297274903589473
0.9297274903589473
0.9297274903589473
0.9297274903589473
0.9297274903589473
0.9297274903589473
0.9297274903589473
0.9297274903589473
0.9297274903589473
0.9297274903589473
0.9297274903589473
0.9297274903589473
0.9297274903589473
0.9297274903589473
0.9297274903589473
0.9297274903589473
0.9297274903589473
0.9297274903589473
0.9297274903589473
0.9297274903589473
0.9297274903589473
0.9297274903589473
0.9364676864373787
0.9401713901410825
0.9401713901410825
0.9401713901410825
0.9401713901410825
0.9401713901410825
0.9401713901410825
0.9401713901410825
0.9401713901410825
0.9401713901410825
0.9401713901410825
0.9401713901410825
0.9401713901410825
0.9401713901410825
0.9401713901410825
0.9401713901410825
0.9401713901410825
0.9401713901410825
0.9401713901410825
0.9401713901410825
0.9401713901410825
0.9401713901410825
0.9401713901410825
0.9401713901410825
0.9401713901410825
0.9401713901410825
0.9401713901410825
0.9428168927865852
0.9428168927865852
0.9428168927865852
0.9428168927865852
0.9428168927865852
0.9428168927865852
0.9428168927865852
0.9428168927865852
0.9428168927865852
0.9428168927865852
0.9428168927865852
0.9462891150088074
0.9462891150088074
0.9462891150088074
0.9462891150088074
0.9462891150088074
0.9462891150088074
0.9462891150088074
0.9462891150088074
0.9462891150088074
0.9462891150088074
0.9462891150088074
0.9462891150088074
0.9462891150088074
0.9462891150088074
0.9462891150088074
0.9462891150088074
0.9462891150088074
0.9462891150088074
0.9462891150088074
0.9462891150088074
0.9462891150088074
0.9462891150088074
0.9462891150088074
0.9462891150088074
0.9462891150088074
0.9462891150088074
0.9462891150088074
0.9462891150088074
0.9462891150088074
0.9462891150088074
0.9462891150088074
0.9497613372310296
0.9497613372310296
0.9497613372310296
0.9497613372310296
0.9497613372310296
0.9497613372310296
0.9497613372310296
0.9497613372310296
0.9497613372310296
0.9497613372310296
0.9497613372310296
0.9497613372310296
0.9497613372310296
0.9497613372310296
0.9497613372310296
0.9497613372310296
0.9497613372310296
0.9497613372310296
0.9497613372310296
0.9497613372310296
0.9497613372310296
0.9497613372310296
0.9497613372310296
0.9497613372310296
0.9497613372310296
0.9497613372310296
0.9530293110872388
0.9530293110872388
0.9530293110872388
0.9530293110872388
0.9530293110872388
0.9530293110872388
0.9530293110872388
0.9530293110872388
0.9530293110872388
0.9530293110872388
0.9530293110872388
0.9530293110872388
0.9530293110872388
0.9530293110872388
0.9530293110872388
0.9530293110872388
0.9530293110872388
0.9530293110872388
0.9530293110872388
0.9530293110872388
0.9530293110872388
0.9530293110872388
0.9530293110872388
0.9530293110872388
0.9530293110872388
0.9604125112808963
0.9604125112808963
0.9604125112808963
0.9604125112808963
0.9604125112808963
0.9604125112808963
0.9604125112808963
0.9604125112808963
0.9604125112808963
0.9604125112808963
0.9604125112808963
0.9604125112808963
0.9604125112808963
0.9604125112808963
0.9604125112808963
0.9604125112808963
0.9604125112808963
0.9604125112808963
0.9604125112808963
0.9604125112808963
0.9604125112808963
0.9604125112808963
0.9604125112808963
0.9604125112808963
0.9604125112808963
0.9604125112808963
0.9604125112808963
0.9604125112808963
0.9604125112808963
0.9604125112808963
0.9604125112808963
0.9604125112808963
0.9636804851371055
0.9636804851371055
0.9636804851371055
0.9636804851371055
0.9636804851371055
0.9636804851371055
0.9636804851371055
0.9636804851371055
0.9636804851371055
0.9636804851371055
0.9636804851371055
0.9636804851371055
0.9636804851371055
0.9636804851371055
0.9636804851371055
0.9636804851371055
0.9636804851371055
0.9636804851371055
0.9636804851371055
0.9636804851371055
0.9636804851371055
0.9636804851371055
0.9636804851371055
0.9636804851371055
0.9636804851371055
0.9636804851371055
0.9636804851371055
0.9636804851371055
0.9636804851371055
0.9636804851371055
0.9636804851371055
0.9636804851371055
0.9636804851371055
0.9636804851371055
0.9636804851371055
0.9636804851371055
0.9669484589933146
0.9669484589933146
0.9669484589933146
0.9669484589933146
0.9669484589933146
0.9669484589933146
0.9669484589933146
0.9669484589933146
0.9669484589933146
0.9669484589933146
0.9669484589933146
0.9669484589933146
0.9669484589933146
0.9669484589933146
0.9669484589933146
0.9669484589933146
0.9669484589933146
0.9669484589933146
0.9669484589933146
0.9669484589933146
0.9669484589933146
0.9669484589933146
0.9669484589933146
0.9669484589933146
0.9669484589933146
0.9669484589933146
0.9669484589933146
0.9669484589933146
0.9669484589933146
0.9669484589933146
0.9669484589933146
0.9669484589933146
0.9669484589933146
0.9669484589933146
0.9669484589933146
0.9669484589933146
0.9669484589933146
0.9669484589933146
0.9669484589933146
0.9669484589933146
0.9669484589933146
0.9669484589933146
0.9669484589933146
0.9669484589933146
0.9669484589933146
0.9669484589933146
0.9669484589933146
0.9669484589933146
0.9669484589933146
0.9669484589933146
0.9669484589933146
0.9669484589933146
0.9669484589933146
0.9669484589933146
0.9669484589933146
0.9669484589933146
0.9669484589933146
0.9669484589933146
0.9669484589933146
0.9702164328495237
0.9702164328495237
0.9702164328495237
0.9702164328495237
0.9702164328495237
0.9702164328495237
0.9702164328495237
0.9702164328495237
0.9702164328495237
0.9702164328495237
0.9702164328495237
0.9702164328495237
0.9702164328495237
0.9702164328495237
0.9702164328495237
0.9702164328495237
0.9702164328495237
0.9702164328495237
0.9702164328495237
0.9702164328495237
0.9702164328495237
0.9702164328495237
0.9702164328495237
0.9702164328495237
0.9702164328495237
0.9702164328495237
0.9702164328495237
0.9702164328495237
0.9702164328495237
0.9702164328495237
0.9702164328495237
0.9702164328495237
0.9702164328495237
0.9702164328495237
0.9702164328495237
0.9702164328495237
0.9702164328495237
0.9702164328495237
0.9702164328495237
0.9702164328495237
0.9702164328495237
0.9702164328495237
0.9702164328495237
0.9702164328495237
0.9702164328495237
0.9702164328495237
0.9702164328495237
0.9702164328495237
0.9702164328495237
0.9702164328495237
0.9702164328495237
0.9702164328495237
0.9702164328495237
0.9702164328495237
0.9702164328495237
0.9702164328495237
0.9702164328495237
0.9702164328495237
0.9702164328495237
0.9702164328495237
0.9702164328495237
0.9702164328495237
0.9702164328495237
0.9702164328495237
0.9702164328495237
0.9702164328495237
0.9702164328495237
0.9702164328495237
0.9702164328495237
0.9702164328495237
0.9702164328495237
0.9702164328495237
0.9702164328495237
0.9702164328495237
0.9702164328495237
0.9702164328495237
0.9702164328495237
0.9702164328495237
0.9702164328495237
0.9702164328495237
0.9702164328495237
0.9702164328495237
0.9702164328495237
0.9702164328495237
0.9702164328495237
0.9702164328495237
0.9702164328495237
0.9702164328495237
0.9702164328495237
0.9702164328495237
0.9702164328495237
0.9702164328495237
0.9702164328495237
0.9702164328495237
0.9702164328495237
0.9739201365532275
0.9739201365532275
0.9739201365532275
0.9739201365532275
0.9739201365532275
0.9739201365532275
0.9739201365532275
0.9739201365532275
0.9739201365532275
0.9739201365532275
0.9739201365532275
0.9739201365532275
0.9739201365532275
0.9739201365532275
0.9739201365532275
0.9739201365532275
0.9739201365532275
0.9739201365532275
0.9739201365532275
0.9739201365532275
0.9739201365532275
0.9739201365532275
0.9739201365532275
0.9739201365532275
0.9739201365532275
0.9739201365532275
0.9739201365532275
0.9739201365532275
0.9739201365532275
0.9739201365532275
0.9739201365532275
0.9739201365532275
0.9739201365532275
0.9739201365532275
0.9739201365532275
0.9739201365532275
0.9739201365532275
0.9739201365532275
0.9739201365532275
0.9739201365532275
0.9739201365532275
0.9739201365532275
0.9739201365532275
0.9739201365532275
0.9739201365532275
0.9739201365532275
0.9739201365532275
0.9739201365532275
0.9739201365532275
0.9739201365532275
0.9739201365532275
0.9739201365532275
0.9739201365532275
0.9739201365532275
0.9739201365532275
0.9739201365532275
0.9739201365532275
0.9739201365532275
0.9739201365532275
0.9739201365532275
0.9739201365532275
0.9739201365532275
0.9739201365532275
0.9739201365532275
0.9739201365532275
0.9739201365532275
0.9739201365532275
0.9739201365532275
0.9739201365532275
0.9739201365532275
0.9739201365532275
0.9739201365532275
0.9739201365532275
0.9739201365532275
0.9739201365532275
0.9739201365532275
0.9739201365532275
0.9739201365532275
0.9739201365532275
0.9739201365532275
0.9739201365532275
0.9739201365532275
0.9739201365532275
0.9739201365532275
0.9739201365532275
0.9739201365532275
0.9739201365532275
0.9739201365532275
0.9739201365532275
0.9739201365532275
0.9739201365532275
0.9739201365532275
0.9739201365532275
0.9739201365532275
0.9739201365532275
0.9739201365532275
0.9739201365532275
0.9739201365532275
0.9739201365532275
0.9739201365532275
0.9739201365532275
0.9739201365532275
0.9739201365532275
0.9739201365532275
0.9739201365532275
0.9739201365532275
0.9739201365532275
0.9739201365532275
0.9739201365532275
0.9739201365532275
0.9739201365532275
0.9739201365532275
0.9739201365532275
0.9739201365532275
0.9739201365532275
0.9739201365532275
0.9739201365532275
0.9739201365532275
0.9739201365532275
0.9739201365532275
0.9739201365532275
0.9739201365532275
0.9739201365532275
0.9739201365532275
0.9739201365532275
0.9739201365532275
0.9739201365532275
0.9739201365532275
0.9739201365532275
0.9739201365532275
0.9739201365532275
0.9739201365532275
0.9739201365532275
0.9739201365532275
0.9739201365532275
0.9739201365532275
0.9739201365532275
0.9739201365532275
0.9739201365532275
0.9739201365532275
0.9739201365532275
0.9739201365532275
0.9739201365532275
0.9739201365532275
0.9739201365532275
0.9739201365532275
0.9739201365532275
0.9739201365532275
0.9739201365532275
0.9739201365532275
0.9739201365532275
0.9739201365532275
0.9739201365532275
0.9739201365532275
0.9739201365532275
0.9739201365532275
0.9739201365532275
0.9739201365532275
0.9739201365532275
0.9739201365532275
0.9739201365532275
0.9739201365532275
0.9739201365532275
0.9739201365532275
0.9739201365532275
0.9739201365532275
0.9739201365532275
0.9739201365532275
0.9739201365532275
0.9739201365532275
0.9739201365532275
0.9739201365532275
0.9739201365532275
0.9739201365532275
0.9739201365532275
0.9739201365532275
0.9739201365532275
0.9739201365532275
0.9739201365532275
0.9739201365532275
0.9739201365532275
0.9739201365532275
0.9739201365532275
0.9739201365532275
0.9739201365532275
0.9739201365532275
0.9739201365532275
0.9739201365532275
0.9739201365532275
0.9739201365532275
0.9739201365532275
0.9739201365532275
0.9739201365532275
0.9739201365532275
0.9739201365532275
0.9739201365532275
0.9739201365532275
0.9739201365532275
0.9739201365532275
0.9739201365532275
0.9739201365532275
0.9739201365532275
0.9739201365532275
0.9739201365532275
0.9739201365532275
0.9739201365532275
0.9739201365532275
0.9739201365532275
0.9739201365532275
0.9776238402569312
0.9776238402569312
0.9776238402569312
0.9776238402569312
0.9776238402569312
0.9776238402569312
0.9776238402569312
0.9776238402569312
0.9776238402569312
0.9776238402569312
0.9776238402569312
0.9776238402569312
0.9776238402569312
0.9776238402569312
0.9776238402569312
0.9776238402569312
0.9776238402569312
0.9776238402569312
0.9776238402569312
0.9776238402569312
0.9776238402569312
0.9776238402569312
0.9776238402569312
0.9776238402569312
0.9776238402569312
0.9776238402569312
0.9776238402569312
0.9776238402569312
0.9776238402569312
0.9776238402569312
0.9776238402569312
0.9776238402569312
0.9776238402569312
0.9776238402569312
0.9776238402569312
0.9776238402569312
0.9776238402569312
0.9776238402569312
0.9812080696476121
0.9812080696476121
0.9812080696476121
0.9812080696476121
0.9812080696476121
0.9812080696476121
0.9812080696476121
0.9812080696476121
0.9812080696476121
0.9812080696476121
0.9812080696476121
0.9812080696476121
0.9812080696476121
0.9812080696476121
0.9812080696476121
0.9812080696476121
0.9812080696476121
0.9812080696476121
0.9812080696476121
0.9812080696476121
0.9812080696476121
0.9812080696476121
0.9812080696476121
0.9812080696476121
0.9812080696476121
0.9812080696476121
0.9812080696476121
0.9812080696476121
0.9812080696476121
0.9812080696476121
0.9812080696476121
0.9812080696476121
0.9812080696476121
0.9812080696476121
0.9812080696476121
0.9812080696476121
0.9812080696476121
0.9812080696476121
0.9812080696476121
0.9812080696476121
0.9812080696476121
0.9812080696476121
0.9812080696476121
0.9812080696476121
0.9812080696476121
0.9812080696476121
0.9812080696476121
0.9812080696476121
0.9812080696476121
0.9812080696476121
0.9812080696476121
0.9812080696476121
0.9812080696476121
0.9812080696476121
0.9812080696476121
0.9812080696476121
0.9812080696476121
0.9812080696476121
0.9812080696476121
0.9812080696476121
0.9812080696476121
0.9812080696476121
0.9812080696476121
0.9812080696476121
0.9812080696476121
0.9812080696476121
0.9812080696476121
0.9812080696476121
0.9812080696476121
0.9812080696476121
0.9812080696476121
0.9812080696476121
0.9812080696476121
0.9812080696476121
0.9812080696476121
0.9812080696476121
0.9812080696476121
0.9812080696476121
0.9812080696476121
0.9812080696476121
0.9812080696476121
0.9812080696476121
0.9812080696476121
0.9812080696476121
0.9812080696476121
0.9812080696476121
0.9812080696476121
0.9812080696476121
0.9812080696476121
0.9812080696476121
0.9812080696476121
0.9812080696476121
0.9812080696476121
0.9812080696476121
0.9812080696476121
0.9812080696476121
0.9812080696476121
0.9812080696476121
0.9812080696476121
0.9812080696476121
0.9812080696476121
0.9812080696476121
0.9812080696476121
0.9812080696476121
0.9812080696476121
0.9812080696476121
0.9812080696476121
0.9812080696476121
0.9812080696476121
0.9812080696476121
0.9812080696476121
0.9812080696476121
0.9812080696476121
0.9812080696476121
0.9812080696476121
0.9812080696476121
0.9812080696476121
0.9812080696476121
0.9812080696476121
0.9812080696476121
0.9812080696476121
0.9812080696476121
0.9812080696476121
0.9812080696476121
0.9812080696476121
0.9812080696476121
0.9812080696476121
0.9812080696476121
0.9812080696476121
0.9812080696476121
0.9812080696476121
0.9812080696476121
0.9812080696476121
0.9812080696476121
0.9812080696476121
0.9812080696476121
0.9812080696476121
0.9812080696476121
0.9812080696476121
0.9812080696476121
0.9812080696476121
0.9812080696476121
0.9812080696476121
0.9812080696476121
0.9812080696476121
0.9812080696476121
0.9812080696476121
0.9812080696476121
0.9812080696476121
0.9812080696476121
0.9812080696476121
0.9812080696476121
0.9812080696476121
0.9812080696476121
0.9812080696476121
0.9812080696476121
0.9812080696476121
0.9812080696476121
0.9812080696476121
0.9812080696476121
0.9812080696476121
0.9812080696476121
0.9812080696476121
0.9812080696476121
0.9812080696476121
0.9812080696476121
0.9812080696476121
0.9812080696476121
0.9812080696476121
0.9812080696476121
0.9812080696476121
0.9812080696476121
0.9812080696476121
0.9812080696476121
0.9812080696476121
0.9812080696476121
0.9812080696476121
0.9812080696476121
0.9812080696476121
0.9812080696476121
0.9812080696476121
0.9812080696476121
0.9812080696476121
0.9812080696476121
0.9812080696476121
0.9812080696476121
0.9812080696476121
0.9812080696476121
0.9812080696476121
0.9812080696476121
0.9812080696476121
0.9812080696476121
0.9812080696476121
0.9812080696476121
0.9812080696476121
0.9812080696476121
0.9812080696476121
0.9812080696476121
0.9812080696476121
0.9812080696476121
0.9812080696476121
0.9812080696476121
0.9812080696476121
0.9812080696476121
0.9812080696476121
0.9812080696476121
0.9812080696476121
0.9812080696476121
0.9812080696476121
0.9812080696476121
0.9812080696476121
0.9812080696476121
0.9812080696476121
0.9812080696476121
0.9812080696476121
0.9812080696476121
0.9812080696476121
0.9812080696476121
0.9812080696476121
0.9812080696476121
0.9812080696476121
0.9812080696476121
0.9812080696476121
0.9812080696476121
0.9812080696476121
0.9812080696476121
0.9812080696476121
0.9812080696476121
0.9812080696476121
0.9812080696476121
0.9812080696476121
0.9812080696476121
0.9812080696476121
0.9812080696476121
0.9812080696476121
0.9812080696476121
0.9812080696476121
0.9812080696476121
0.9812080696476121
0.9812080696476121
0.9812080696476121
0.9812080696476121
0.9812080696476121
0.9812080696476121
0.9812080696476121
0.9812080696476121
0.9812080696476121
0.9812080696476121
0.9812080696476121
0.9812080696476121
0.9812080696476121
0.9812080696476121
0.9812080696476121
0.9812080696476121
0.9812080696476121
0.9812080696476121
0.9812080696476121
0.9812080696476121
0.9812080696476121
0.9812080696476121
0.9812080696476121
0.9812080696476121
0.9812080696476121
0.9812080696476121
0.9812080696476121
0.9812080696476121
0.9812080696476121
0.9812080696476121
0.9812080696476121
0.9812080696476121
0.9812080696476121
0.9812080696476121
0.9812080696476121
0.9812080696476121
0.9812080696476121
0.9812080696476121
0.9812080696476121
0.9812080696476121
0.9812080696476121
0.9812080696476121
0.9812080696476121
0.9812080696476121
0.9812080696476121
0.9812080696476121
0.9812080696476121
0.9812080696476121
0.9812080696476121
0.9812080696476121
0.9812080696476121
0.9812080696476121
0.9812080696476121
0.9812080696476121
0.9812080696476121
0.9812080696476121
0.9812080696476121
0.9812080696476121
0.9812080696476121
0.9812080696476121
0.9812080696476121
0.9812080696476121
0.9812080696476121
0.9812080696476121
0.9812080696476121
0.9812080696476121
0.9812080696476121
0.9812080696476121
0.9812080696476121
0.9812080696476121
0.9812080696476121
0.9812080696476121
0.9812080696476121
0.9812080696476121
0.9812080696476121
0.9812080696476121
0.9812080696476121
0.9812080696476121
0.9812080696476121
0.9812080696476121
0.9812080696476121
0.9812080696476121
0.9812080696476121
0.9812080696476121
0.9812080696476121
0.9812080696476121
0.9812080696476121
0.9812080696476121
0.9812080696476121
0.9812080696476121
0.9812080696476121
0.9812080696476121
0.9853232959850607
0.9853232959850607
0.9853232959850607
0.9853232959850607
0.9853232959850607
0.9853232959850607
0.9853232959850607
0.9853232959850607
0.9853232959850607
0.9853232959850607
0.9853232959850607
0.9853232959850607
0.9853232959850607
0.9853232959850607
0.9853232959850607
0.9853232959850607
0.9853232959850607
0.9853232959850607
0.9853232959850607
0.9853232959850607
0.9853232959850607
0.9853232959850607
0.9853232959850607
0.9853232959850607
0.9853232959850607
0.9853232959850607
0.9853232959850607
0.9853232959850607
0.9853232959850607
0.9853232959850607
0.9853232959850607
0.9853232959850607
0.9853232959850607
0.9853232959850607
0.9853232959850607
0.9853232959850607
0.9853232959850607
0.9853232959850607
0.9853232959850607
0.9853232959850607
0.9853232959850607
0.9853232959850607
0.9853232959850607
0.9853232959850607
0.9853232959850607
0.9853232959850607
0.9853232959850607
0.9853232959850607
0.9853232959850607
0.9853232959850607
0.9853232959850607
0.9853232959850607
0.9853232959850607
0.9853232959850607
0.9853232959850607
0.9853232959850607
0.9853232959850607
0.9853232959850607
0.9853232959850607
0.9853232959850607
0.9853232959850607
0.9853232959850607
0.9853232959850607
0.9853232959850607
0.9853232959850607
0.9853232959850607
0.9853232959850607
0.9853232959850607
0.9853232959850607
0.9853232959850607
0.9853232959850607
0.9853232959850607
0.9853232959850607
0.9853232959850607
0.9853232959850607
0.9853232959850607
0.9853232959850607
0.9853232959850607
0.9853232959850607
0.9853232959850607
0.9853232959850607
0.9853232959850607
0.9853232959850607
0.9853232959850607
0.9853232959850607
0.9853232959850607
0.9853232959850607
0.9853232959850607
0.9853232959850607
0.9853232959850607
0.9853232959850607
0.9853232959850607
0.9853232959850607
0.9853232959850607
0.9853232959850607
0.9853232959850607
0.9853232959850607
0.9853232959850607
0.9853232959850607
0.9853232959850607
0.9853232959850607
0.9853232959850607
0.9853232959850607
0.9853232959850607
0.9853232959850607
0.9853232959850607
0.9853232959850607
0.9853232959850607
0.9853232959850607
0.9853232959850607
0.9853232959850607
0.9853232959850607
0.9853232959850607
0.9853232959850607
0.9853232959850607
0.9853232959850607
0.9853232959850607
0.9853232959850607
0.9853232959850607
0.9853232959850607
0.9853232959850607
0.9853232959850607
0.9853232959850607
0.9853232959850607
0.9853232959850607
0.9853232959850607
0.9853232959850607
0.9853232959850607
0.9853232959850607
0.9853232959850607
0.9853232959850607
0.9853232959850607
0.9853232959850607
0.9853232959850607
0.9853232959850607
0.9853232959850607
0.9912367724867726
0.9912367724867726
0.9912367724867726
0.9912367724867726
0.9912367724867726
0.9912367724867726
0.9912367724867726
0.9912367724867726
0.9912367724867726
0.9912367724867726
0.9912367724867726
0.9912367724867726
0.9912367724867726
0.9912367724867726
0.9912367724867726
0.9912367724867726
0.9912367724867726
0.9912367724867726
0.9912367724867726
0.9912367724867726
0.9912367724867726
0.9912367724867726
0.9912367724867726
0.9912367724867726
0.9912367724867726
0.9912367724867726
0.9912367724867726
0.9912367724867726
0.9912367724867726
0.9912367724867726
0.9912367724867726
0.9912367724867726
0.9912367724867726
0.9912367724867726
0.9912367724867726
0.9912367724867726
0.9912367724867726
0.9912367724867726
0.9912367724867726
0.9912367724867726
0.9912367724867726
0.9912367724867726
0.9912367724867726
0.9912367724867726
0.9912367724867726
0.9912367724867726
0.9912367724867726
0.9912367724867726
0.9912367724867726
0.9912367724867726
0.9912367724867726
0.9912367724867726
0.9912367724867726
0.9912367724867726
0.9912367724867726
0.9912367724867726
0.9912367724867726
0.9912367724867726
0.9912367724867726
0.9912367724867726
0.9912367724867726
0.9912367724867726
0.9912367724867726
0.9912367724867726
0.9912367724867726
0.9912367724867726
0.9912367724867726
0.9912367724867726
0.9947089947089948
0.9947089947089948
0.9947089947089948
0.9947089947089948
0.9947089947089948
0.9947089947089948
0.9947089947089948
0.9947089947089948
0.9947089947089948
0.9947089947089948
0.9947089947089948
0.9947089947089948
0.9947089947089948
0.9947089947089948
0.9947089947089948
0.9947089947089948
0.9947089947089948
0.9947089947089948
0.9947089947089948
0.9947089947089948
0.9947089947089948
0.9947089947089948
0.9947089947089948
0.9947089947089948
0.9947089947089948
0.9947089947089948
0.9947089947089948
0.9947089947089948
0.9947089947089948
0.9947089947089948
0.9947089947089948
0.9947089947089948
0.9947089947089948
0.9947089947089948
0.9947089947089948
0.9947089947089948
0.9947089947089948
0.9947089947089948
0.9947089947089948
0.9947089947089948
0.9947089947089948
0.9947089947089948
0.9947089947089948
0.9947089947089948
0.9947089947089948
0.9947089947089948
0.9947089947089948
0.9947089947089948
0.9947089947089948
0.9947089947089948
0.9947089947089948
0.9947089947089948
0.9947089947089948
0.9947089947089948
0.9947089947089948
0.9947089947089948
0.9947089947089948
0.9947089947089948
0.9947089947089948
0.9947089947089948
0.9947089947089948
0.9947089947089948
0.9947089947089948
0.9947089947089948
0.9947089947089948
0.9947089947089948
0.9947089947089948
0.9947089947089948
0.9947089947089948
0.9947089947089948
0.9947089947089948
0.9947089947089948
0.9947089947089948
0.9947089947089948
0.9947089947089948
0.9947089947089948
0.9947089947089948
0.9947089947089948
0.9947089947089948
0.9947089947089948
0.9947089947089948
0.9947089947089948
0.9947089947089948
0.9947089947089948
0.9947089947089948
0.9947089947089948
0.9947089947089948
0.9947089947089948
0.9947089947089948
0.9947089947089948
0.9947089947089948
0.9947089947089948
0.9947089947089948
0.9947089947089948
0.9947089947089948
0.9947089947089948
0.9947089947089948
0.9947089947089948
0.9947089947089948
0.9947089947089948
0.9947089947089948
0.9947089947089948
0.9947089947089948
0.9947089947089948
0.9947089947089948
0.9947089947089948
0.9947089947089948
0.9947089947089948
0.9947089947089948
0.9947089947089948
0.9947089947089948
0.9947089947089948
0.9947089947089948
0.9947089947089948
0.9947089947089948
0.9947089947089948
0.9947089947089948
0.9947089947089948
0.9947089947089948
0.9947089947089948
0.9947089947089948
0.9947089947089948
0.9947089947089948
0.9947089947089948
0.9947089947089948
0.9947089947089948
0.9947089947089948
0.9947089947089948
0.9947089947089948
0.9947089947089948
0.9947089947089948
0.9947089947089948
0.9947089947089948
0.9947089947089948
0.9947089947089948
0.9947089947089948
0.9947089947089948
0.9947089947089948
0.9947089947089948
0.9947089947089948
0.9947089947089948
0.9947089947089948
0.9947089947089948
0.9947089947089948
0.9947089947089948
0.9947089947089948
0.9947089947089948
0.9947089947089948
0.9947089947089948
0.9947089947089948
0.9947089947089948
0.9947089947089948
0.9947089947089948
0.9947089947089948
0.9947089947089948
0.9947089947089948
0.9947089947089948
0.9947089947089948
0.9947089947089948
0.9947089947089948
0.9947089947089948
0.9947089947089948
0.9947089947089948
0.9947089947089948
0.9947089947089948
0.9947089947089948
0.9947089947089948
0.9947089947089948
0.9947089947089948
0.9947089947089948
0.9947089947089948
0.9947089947089948
0.9947089947089948
0.9947089947089948
0.9947089947089948
0.9947089947089948
0.9947089947089948
0.9947089947089948
0.9947089947089948
0.9947089947089948
0.9947089947089948
0.9947089947089948
0.9947089947089948
0.9947089947089948
0.9947089947089948
0.9947089947089948
0.9947089947089948
0.9947089947089948
0.9947089947089948
0.9947089947089948
0.9947089947089948
0.9947089947089948
0.9947089947089948
0.9947089947089948
0.9947089947089948
0.9947089947089948
0.9947089947089948
0.9947089947089948
0.9947089947089948
0.9947089947089948
0.9947089947089948
0.9947089947089948
0.9947089947089948
0.9947089947089948
0.9947089947089948
0.9947089947089948
0.9947089947089948
0.9947089947089948
0.9947089947089948
0.9947089947089948
0.9947089947089948
0.9947089947089948
0.9947089947089948
0.9947089947089948
0.9947089947089948
0.9947089947089948
0.9947089947089948
0.9947089947089948
0.9947089947089948
0.9947089947089948
0.9947089947089948
0.9947089947089948
0.9947089947089948
0.9947089947089948
0.9947089947089948
0.9947089947089948
0.9947089947089948
0.9947089947089948
0.9947089947089948
0.9947089947089948
0.9947089947089948
0.9947089947089948
0.9947089947089948
0.9947089947089948
0.9947089947089948
0.9947089947089948
0.9947089947089948
0.9947089947089948
0.9947089947089948
0.9947089947089948
0.9947089947089948
0.9947089947089948
0.9947089947089948
0.9947089947089948
0.9947089947089948
0.9947089947089948
0.9947089947089948
0.9947089947089948
0.9947089947089948
0.9947089947089948
0.9947089947089948
0.9947089947089948
0.9947089947089948
0.9947089947089948
0.9947089947089948
0.9947089947089948
0.9947089947089948
0.9947089947089948
0.9947089947089948
0.9947089947089948
0.9947089947089948
0.9947089947089948
0.9947089947089948
0.9947089947089948
0.9947089947089948
0.9947089947089948
0.9947089947089948
0.9947089947089948
0.9947089947089948
0.9947089947089948
0.9947089947089948
0.9947089947089948
0.9947089947089948
0.9947089947089948
0.9947089947089948
0.9947089947089948
0.9947089947089948
0.9947089947089948
0.9947089947089948
0.9947089947089948
0.9947089947089948
0.9947089947089948
0.9947089947089948
0.9947089947089948
0.9947089947089948
0.9947089947089948
0.9947089947089948
0.9947089947089948
0.9947089947089948
0.9947089947089948
0.9947089947089948
0.9947089947089948
0.9947089947089948
0.9947089947089948
0.9947089947089948
0.9947089947089948
0.9947089947089948
0.9947089947089948
0.9947089947089948
0.9947089947089948
0.9947089947089948
0.9947089947089948
0.9947089947089948
0.9947089947089948
0.9947089947089948
0.9947089947089948
0.9947089947089948
0.9947089947089948
0.9947089947089948
0.9947089947089948
0.9947089947089948
0.9947089947089948
0.9947089947089948
0.9947089947089948
0.9947089947089948
0.9947089947089948
0.9947089947089948
0.9947089947089948
0.9947089947089948
0.9947089947089948
0.9947089947089948
0.9947089947089948
0.9947089947089948
0.9947089947089948
0.9947089947089948
0.9947089947089948
0.9947089947089948
0.9947089947089948
0.9947089947089948
0.9947089947089948
0.9947089947089948
0.9947089947089948
0.9947089947089948
0.9947089947089948
0.9947089947089948
0.9947089947089948
0.9947089947089948
0.9947089947089948
0.9947089947089948
0.9947089947089948
0.9947089947089948
0.9947089947089948
0.9947089947089948
0.9947089947089948
0.9947089947089948
0.9947089947089948
0.9947089947089948
0.9947089947089948
0.9947089947089948
0.9947089947089948
0.9947089947089948
0.9947089947089948
0.9947089947089948
0.9947089947089948
0.9947089947089948
0.9947089947089948
0.9947089947089948
0.9947089947089948
0.9947089947089948
0.9947089947089948
0.9947089947089948
0.9947089947089948
0.9947089947089948
0.9947089947089948
0.9947089947089948
0.9947089947089948
0.9947089947089948
0.9947089947089948
0.9947089947089948
0.9947089947089948
0.9947089947089948
0.9947089947089948
0.9947089947089948
0.9947089947089948
0.9947089947089948
0.9947089947089948
0.9947089947089948
0.9947089947089948
0.9973544973544973
0.9973544973544973
0.9973544973544973
0.9973544973544973
0.9973544973544973
0.9973544973544973
0.9973544973544973
0.9973544973544973
0.9973544973544973
0.9973544973544973
0.9973544973544973
0.9973544973544973
0.9973544973544973
0.9973544973544973
0.9973544973544973
0.9973544973544973
0.9973544973544973
0.9973544973544973
0.9973544973544973
0.9973544973544973
0.9973544973544973
0.9973544973544973
0.9973544973544973
0.9973544973544973
0.9973544973544973
0.9973544973544973
0.9973544973544973
0.9973544973544973
0.9973544973544973
0.9973544973544973
0.9973544973544973
0.9973544973544973
0.9973544973544973
0.9973544973544973
0.9973544973544973
0.9973544973544973
0.9973544973544973
0.9973544973544973
0.9973544973544973
0.9973544973544973
0.9973544973544973
0.9973544973544973
0.9973544973544973
0.9973544973544973
0.9973544973544973
0.9973544973544973
0.9973544973544973
0.9973544973544973
0.9973544973544973
0.9973544973544973
0.9973544973544973
0.9973544973544973
0.9973544973544973
0.9973544973544973
0.9973544973544973
0.9973544973544973
0.9973544973544973
0.9973544973544973
0.9973544973544973
0.9973544973544973
0.9973544973544973
0.9973544973544973
0.9973544973544973
0.9973544973544973
0.9973544973544973
0.9973544973544973
0.9973544973544973
0.9973544973544973
0.9973544973544973
0.9973544973544973
0.9973544973544973
0.9973544973544973
0.9973544973544973
0.9973544973544973
0.9973544973544973
0.9973544973544973
0.9973544973544973
0.9973544973544973
0.9973544973544973
0.9973544973544973
0.9973544973544973
0.9973544973544973
0.9973544973544973
0.9973544973544973
0.9973544973544973
0.9973544973544973
0.9973544973544973
0.9973544973544973
0.9973544973544973
0.9973544973544973
0.9973544973544973
0.9973544973544973
0.9973544973544973
0.9973544973544973
0.9973544973544973
0.9973544973544973
0.9973544973544973
0.9973544973544973
0.9973544973544973
0.9973544973544973
0.9973544973544973
0.9973544973544973
0.9973544973544973
0.9973544973544973
0.9973544973544973
0.9973544973544973
0.9973544973544973
0.9973544973544973
0.9973544973544973
0.9973544973544973
0.9973544973544973
0.9973544973544973
0.9973544973544973
0.9973544973544973
0.9973544973544973
0.9973544973544973
0.9973544973544973
0.9973544973544973
0.9973544973544973
0.9973544973544973
0.9973544973544973
0.9973544973544973
0.9973544973544973
0.9973544973544973
0.9973544973544973
0.9973544973544973
0.9973544973544973
0.9973544973544973
0.9973544973544973
0.9973544973544973
0.9973544973544973
0.9973544973544973
0.9973544973544973
0.9973544973544973
0.9973544973544973
0.9973544973544973
0.9973544973544973
0.9973544973544973
0.9973544973544973
0.9973544973544973
0.9973544973544973
0.9973544973544973
0.9973544973544973
0.9973544973544973
0.9973544973544973
0.9973544973544973
0.9973544973544973
0.9973544973544973
0.9973544973544973
0.9973544973544973
0.9973544973544973
0.9973544973544973
0.9973544973544973
0.9973544973544973
0.9973544973544973
0.9973544973544973
0.9973544973544973
0.9973544973544973
0.9973544973544973
0.9973544973544973
0.9973544973544973
0.9973544973544973
0.9973544973544973
0.9973544973544973
0.9973544973544973
0.9973544973544973
0.9973544973544973
0.9973544973544973
0.9973544973544973
0.9973544973544973
0.9973544973544973
0.9973544973544973
0.9973544973544973
0.9973544973544973
0.9973544973544973
0.9973544973544973
0.9973544973544973
0.9973544973544973
0.9973544973544973
0.9973544973544973
0.9973544973544973
0.9973544973544973
0.9973544973544973
0.9973544973544973
0.9973544973544973
0.9973544973544973
0.9973544973544973
0.9973544973544973
0.9973544973544973
0.9973544973544973
0.9973544973544973
0.9973544973544973
0.9973544973544973
0.9973544973544973
0.9973544973544973
0.9973544973544973
0.9973544973544973
0.9973544973544973
0.9973544973544973
0.9973544973544973
0.9973544973544973
0.9973544973544973
0.9973544973544973
0.9973544973544973
0.9973544973544973
0.9973544973544973
0.9973544973544973
0.9973544973544973
0.9973544973544973
0.9973544973544973
0.9973544973544973
0.9973544973544973
0.9973544973544973
0.9973544973544973
0.9973544973544973
0.9973544973544973
0.9973544973544973
0.9973544973544973
0.9973544973544973
0.9973544973544973
0.9973544973544973
0.9973544973544973
0.9973544973544973
0.9973544973544973
0.9973544973544973
0.9973544973544973
0.9973544973544973
0.9973544973544973
0.9973544973544973
0.9973544973544973
0.9973544973544973
0.9973544973544973
0.9973544973544973
0.9973544973544973
0.9973544973544973
0.9973544973544973
0.9973544973544973
0.9973544973544973
0.9973544973544973
0.9973544973544973
0.9973544973544973
0.9973544973544973
0.9973544973544973
0.9973544973544973
0.9973544973544973
0.9973544973544973
0.9973544973544973
0.9973544973544973
0.9973544973544973
0.9973544973544973
0.9973544973544973
0.9973544973544973
0.9973544973544973
0.9973544973544973
0.9973544973544973
0.9973544973544973
0.9973544973544973
0.9973544973544973
0.9973544973544973
0.9973544973544973
0.9973544973544973
0.9973544973544973
0.9973544973544973
0.9973544973544973
0.9973544973544973
0.9973544973544973
0.9973544973544973
0.9973544973544973
0.9973544973544973
0.9973544973544973
0.9973544973544973
0.9973544973544973
0.9973544973544973
0.9973544973544973
0.9973544973544973
0.9973544973544973
0.9973544973544973
0.9973544973544973
0.9973544973544973
0.9973544973544973
0.9973544973544973
0.9973544973544973
0.9973544973544973
0.9973544973544973
0.9973544973544973
0.9973544973544973
0.9973544973544973
0.9973544973544973
0.9973544973544973
0.9973544973544973
0.9973544973544973
0.9973544973544973
0.9973544973544973
0.9973544973544973
0.9973544973544973
0.9973544973544973
0.9973544973544973
0.9973544973544973
0.9973544973544973
0.9973544973544973
0.9973544973544973
0.9973544973544973
0.9973544973544973
0.9973544973544973
0.9973544973544973
0.9973544973544973
0.9973544973544973
0.9973544973544973
0.9973544973544973
0.9973544973544973
0.9973544973544973
0.9973544973544973
0.9973544973544973
0.9973544973544973
0.9973544973544973
0.9973544973544973
0.9973544973544973
0.9973544973544973
0.9973544973544973
0.9973544973544973
0.9973544973544973
0.9973544973544973
0.9973544973544973
0.9973544973544973
0.9973544973544973
0.9973544973544973
0.9973544973544973
0.9973544973544973
0.9973544973544973
0.9973544973544973
0.9973544973544973
0.9973544973544973
0.9973544973544973
0.9973544973544973
0.9973544973544973
0.9973544973544973
0.9973544973544973
0.9973544973544973
0.9973544973544973
0.9973544973544973
0.9973544973544973
0.9973544973544973
0.9973544973544973
0.9973544973544973
0.9973544973544973
0.9973544973544973
0.9973544973544973
0.9973544973544973
0.9973544973544973
0.9973544973544973
0.9973544973544973
0.9973544973544973
0.9973544973544973
0.9973544973544973
0.9973544973544973
0.9973544973544973
0.9973544973544973
0.9973544973544973
0.9973544973544973
0.9973544973544973
0.9973544973544973
0.9973544973544973
0.9973544973544973
0.9973544973544973
0.9973544973544973
0.9973544973544973
0.9973544973544973
0.9973544973544973
0.9973544973544973
0.9973544973544973
0.9973544973544973
0.9973544973544973
0.9973544973544973
0.9973544973544973
0.9973544973544973
0.9973544973544973
0.9973544973544973
0.9973544973544973
0.9973544973544973
0.9973544973544973
0.9973544973544973
0.9973544973544973
0.9973544973544973
0.9973544973544973
0.9973544973544973
0.9973544973544973
0.9973544973544973
0.9973544973544973
0.9973544973544973
0.9973544973544973
0.9973544973544973
0.9973544973544973
0.9973544973544973
0.9973544973544973
0.9973544973544973
0.9973544973544973
0.9973544973544973
0.9973544973544973
0.9973544973544973
0.9973544973544973
0.9973544973544973
0.9973544973544973
0.9973544973544973
0.9973544973544973
0.9973544973544973
0.9973544973544973
0.9973544973544973
0.9973544973544973
0.9973544973544973
0.9973544973544973
0.9973544973544973
0.9973544973544973
0.9973544973544973
0.9973544973544973
0.9973544973544973
0.9973544973544973
0.9973544973544973
0.9973544973544973
0.9973544973544973
0.9973544973544973
0.9973544973544973
0.9973544973544973
0.9973544973544973
0.9973544973544973
0.9973544973544973
0.9973544973544973
0.9973544973544973
0.9973544973544973
0.9973544973544973
0.9973544973544973
0.9973544973544973
0.9973544973544973
0.9973544973544973
0.9973544973544973
0.9973544973544973
0.9973544973544973
0.9973544973544973
0.9973544973544973
0.9973544973544973
0.9973544973544973
0.9973544973544973
0.9973544973544973
0.9973544973544973
0.9973544973544973
0.9973544973544973
0.9973544973544973
0.9973544973544973
0.9973544973544973
0.9973544973544973
0.9973544973544973
0.9973544973544973
0.9973544973544973
0.9973544973544973
0.9973544973544973
0.9973544973544973
0.9973544973544973
0.9973544973544973
0.9973544973544973
0.9973544973544973
0.9973544973544973
0.9973544973544973
0.9973544973544973
0.9973544973544973
0.9973544973544973
0.9973544973544973
0.9973544973544973
0.9973544973544973
0.9973544973544973
0.9973544973544973
0.9973544973544973
0.9973544973544973
0.9973544973544973
0.9973544973544973
0.9973544973544973
0.9973544973544973
0.9973544973544973
0.9973544973544973
0.9973544973544973
0.9973544973544973
0.9973544973544973
0.9973544973544973
0.9973544973544973
0.9973544973544973
0.9973544973544973
0.9973544973544973
0.9973544973544973
0.9973544973544973
0.9973544973544973
0.9973544973544973
0.9973544973544973
0.9973544973544973
0.9973544973544973
0.9973544973544973
0.9973544973544973
0.9973544973544973
0.9973544973544973
0.9973544973544973
0.9973544973544973
0.9973544973544973
0.9973544973544973
0.9973544973544973
0.9973544973544973
0.9973544973544973
0.9973544973544973
0.9973544973544973
0.9973544973544973
0.9973544973544973
0.9973544973544973
0.9973544973544973
0.9973544973544973
0.9973544973544973
0.9973544973544973
0.9973544973544973
0.9973544973544973
0.9973544973544973
0.9973544973544973
0.9973544973544973
0.9973544973544973
0.9973544973544973
0.9973544973544973
0.9973544973544973
0.9973544973544973
0.9973544973544973
0.9973544973544973
0.9973544973544973
0.9973544973544973
0.9973544973544973
0.9973544973544973
0.9973544973544973
0.9973544973544973
0.9973544973544973
0.9973544973544973
0.9973544973544973
0.9973544973544973
0.9973544973544973
0.9973544973544973
0.9973544973544973
0.9973544973544973
0.9973544973544973
0.9973544973544973
0.9973544973544973
0.9973544973544973
0.9973544973544973
0.9973544973544973
0.9973544973544973
0.9973544973544973
0.9973544973544973
0.9973544973544973
0.9973544973544973
0.9973544973544973
0.9973544973544973
0.9973544973544973
0.9973544973544973
0.9973544973544973
0.9973544973544973
0.9973544973544973
0.9973544973544973
0.9973544973544973
0.9973544973544973
0.9973544973544973
0.9973544973544973
0.9973544973544973
0.9973544973544973
0.9973544973544973
0.9973544973544973
0.9973544973544973
0.9973544973544973
0.9973544973544973
0.9973544973544973
0.9973544973544973
0.9973544973544973
0.9973544973544973
0.9973544973544973
0.9973544973544973
0.9973544973544973
0.9973544973544973
0.9973544973544973
0.9973544973544973
0.9973544973544973
0.9973544973544973
0.9973544973544973
0.9973544973544973
0.9973544973544973
0.9973544973544973
0.9973544973544973
0.9973544973544973
0.9973544973544973
0.9973544973544973
0.9973544973544973
0.9973544973544973
0.9973544973544973
0.9973544973544973
0.9973544973544973
0.9973544973544973
0.9973544973544973
0.9973544973544973
0.9973544973544973
0.9973544973544973
0.9973544973544973
0.9973544973544973
0.9973544973544973
0.9973544973544973
0.9973544973544973
0.9973544973544973
0.9973544973544973
0.9973544973544973
0.9973544973544973
0.9973544973544973
0.9973544973544973
0.9973544973544973
0.9973544973544973
0.9973544973544973
0.9973544973544973
0.9973544973544973
0.9973544973544973
0.9973544973544973
0.9973544973544973
0.9973544973544973
0.9973544973544973
0.9973544973544973
0.9973544973544973
0.9973544973544973
0.9973544973544973
0.9973544973544973
0.9973544973544973
0.9973544973544973
0.9973544973544973
0.9973544973544973
0.9973544973544973
0.9973544973544973
0.9973544973544973
0.9973544973544973
0.9973544973544973
0.9973544973544973
0.9973544973544973
0.9973544973544973
0.9973544973544973
0.9973544973544973
0.9973544973544973
0.9973544973544973
0.9973544973544973
0.9973544973544973
0.9973544973544973
0.9973544973544973
0.9973544973544973
0.9973544973544973
0.9973544973544973
0.9973544973544973
0.9973544973544973
0.9973544973544973
0.9973544973544973
0.9973544973544973
0.9973544973544973
0.9973544973544973
0.9973544973544973
0.9973544973544973
0.9973544973544973
0.9973544973544973
0.9973544973544973
0.9973544973544973
0.9973544973544973
0.9973544973544973
0.9973544973544973
0.9973544973544973
0.9973544973544973
0.9973544973544973
0.9973544973544973
0.9973544973544973
0.9973544973544973
0.9973544973544973
0.9973544973544973
0.9973544973544973
0.9973544973544973
0.9973544973544973
0.9973544973544973
0.9973544973544973
0.9973544973544973
0.9973544973544973
0.9973544973544973
0.9973544973544973
0.9973544973544973
0.9973544973544973
0.9973544973544973
0.9973544973544973
0.9973544973544973
0.9973544973544973
0.9973544973544973
0.9973544973544973
0.9973544973544973
0.9973544973544973
0.9973544973544973
0.9973544973544973
0.9973544973544973
0.9973544973544973
0.9973544973544973
0.9973544973544973
0.9973544973544973
0.9973544973544973
0.9973544973544973
0.9973544973544973
0.9973544973544973
0.9973544973544973
0.9973544973544973
0.9973544973544973
0.9973544973544973
0.9973544973544973
0.9973544973544973
0.9973544973544973
0.9973544973544973
0.9973544973544973
0.9973544973544973
0.9973544973544973
0.9973544973544973
0.9973544973544973
0.9973544973544973
0.9973544973544973
0.9973544973544973
0.9973544973544973
0.9973544973544973
0.9973544973544973
0.9973544973544973
0.9973544973544973
0.9973544973544973
0.9973544973544973
0.9973544973544973
0.9973544973544973
0.9973544973544973
0.9973544973544973
0.9973544973544973
0.9973544973544973
0.9973544973544973
0.9973544973544973
0.9973544973544973
0.9973544973544973
0.9973544973544973
0.9973544973544973
0.9973544973544973
0.9973544973544973
0.9973544973544973
0.9973544973544973
0.9973544973544973
0.9973544973544973
0.9973544973544973
0.9973544973544973
0.9973544973544973
0.9973544973544973
0.9973544973544973
0.9973544973544973
0.9973544973544973
0.9973544973544973
0.9973544973544973
0.9973544973544973
0.9973544973544973
0.9973544973544973
0.9973544973544973
0.9973544973544973
0.9973544973544973
0.9973544973544973
0.9973544973544973
0.9973544973544973
0.9973544973544973
0.9973544973544973
0.9973544973544973
0.9973544973544973
0.9973544973544973
0.9973544973544973
0.9973544973544973
0.9973544973544973
0.9973544973544973
0.9973544973544973
0.9973544973544973
0.9973544973544973
0.9973544973544973
0.9973544973544973
0.9973544973544973
0.9973544973544973
0.9973544973544973
0.9973544973544973
0.9973544973544973
0.9973544973544973
0.9973544973544973
0.9973544973544973
0.9973544973544973
0.9973544973544973
0.9973544973544973
0.9973544973544973
0.9973544973544973
0.9973544973544973
0.9973544973544973
0.9973544973544973
0.9973544973544973
0.9973544973544973
0.9973544973544973
0.9973544973544973
0.9973544973544973
0.9973544973544973
0.9973544973544973
0.9973544973544973
0.9973544973544973
0.9973544973544973
0.9973544973544973
0.9973544973544973
0.9973544973544973
0.9973544973544973
0.9973544973544973
0.9973544973544973
0.9973544973544973
0.9973544973544973
0.9973544973544973
0.9973544973544973
0.9973544973544973
0.9973544973544973
0.9973544973544973
0.9973544973544973
0.9973544973544973
0.9973544973544973
0.9973544973544973
0.9973544973544973
0.9973544973544973
0.9973544973544973
0.9973544973544973
0.9973544973544973
0.9973544973544973
0.9973544973544973
0.9973544973544973
0.9973544973544973
0.9973544973544973
0.9973544973544973
0.9973544973544973
0.9973544973544973
0.9973544973544973
0.9973544973544973
0.9973544973544973
0.9973544973544973
0.9973544973544973
0.9973544973544973
0.9973544973544973
0.9973544973544973
0.9973544973544973
0.9973544973544973
0.9973544973544973
0.9973544973544973
0.9973544973544973
0.9973544973544973
0.9973544973544973
0.9973544973544973
0.9973544973544973
0.9973544973544973
0.9973544973544973
0.9973544973544973
0.9973544973544973
0.9973544973544973
0.9973544973544973
0.9973544973544973
0.9973544973544973
0.9973544973544973
0.9973544973544973
0.9973544973544973
0.9973544973544973
0.9973544973544973
0.9973544973544973
0.9973544973544973
0.9973544973544973
0.9973544973544973
0.9973544973544973
0.9973544973544973
0.9973544973544973
0.9973544973544973
0.9973544973544973
0.9973544973544973
0.9973544973544973
0.9973544973544973
0.9973544973544973
0.9973544973544973
0.9973544973544973
0.9973544973544973
0.9973544973544973
0.9973544973544973
0.9973544973544973
0.9973544973544973
0.9973544973544973
0.9973544973544973
0.9973544973544973
0.9973544973544973
0.9973544973544973
0.9973544973544973
0.9973544973544973
0.9973544973544973
0.9973544973544973
0.9973544973544973
0.9973544973544973
0.9973544973544973
0.9973544973544973
0.9973544973544973
0.9973544973544973
0.9973544973544973
0.9973544973544973
0.9973544973544973
0.9973544973544973
0.9973544973544973
0.9973544973544973
0.9973544973544973
0.9973544973544973
0.9973544973544973
0.9973544973544973
0.9973544973544973
0.9973544973544973
0.9973544973544973
0.9973544973544973
0.9973544973544973
0.9973544973544973
0.9973544973544973
0.9973544973544973
0.9973544973544973
0.9973544973544973
0.9973544973544973
0.9973544973544973
0.9973544973544973
0.9973544973544973
0.9973544973544973
0.9973544973544973
0.9973544973544973
0.9973544973544973
0.9973544973544973
0.9973544973544973
0.9973544973544973
0.9973544973544973
0.9973544973544973
0.9973544973544973
0.9973544973544973
0.9973544973544973
0.9973544973544973
0.9973544973544973
0.9973544973544973
0.9973544973544973
0.9973544973544973
0.9973544973544973
0.9973544973544973
0.9973544973544973
0.9973544973544973
0.9973544973544973
0.9973544973544973
0.9973544973544973
0.9973544973544973
0.9973544973544973
0.9973544973544973
0.9973544973544973
0.9973544973544973
0.9973544973544973
0.9973544973544973
0.9973544973544973
0.9973544973544973
0.9973544973544973
0.9973544973544973
0.9973544973544973
0.9973544973544973
0.9973544973544973
0.9973544973544973
0.9973544973544973
0.9973544973544973
0.9973544973544973
0.9973544973544973
0.9973544973544973
0.9973544973544973
0.9973544973544973
0.9973544973544973
0.9973544973544973
0.9973544973544973
0.9973544973544973
0.9973544973544973
0.9973544973544973
0.9973544973544973
0.9973544973544973
0.9973544973544973
0.9973544973544973
0.9973544973544973
0.9973544973544973
0.9973544973544973
0.9973544973544973
0.9973544973544973
0.9973544973544973
0.9973544973544973
0.9973544973544973
0.9973544973544973
0.9973544973544973
0.9973544973544973
0.9973544973544973
0.9973544973544973
0.9973544973544973
0.9973544973544973
0.9973544973544973
0.9973544973544973
0.9973544973544973
0.9973544973544973
0.9973544973544973
0.9973544973544973
0.9973544973544973
0.9973544973544973
0.9973544973544973
0.9973544973544973
0.9973544973544973
0.9973544973544973
0.9973544973544973
0.9973544973544973
0.9973544973544973
0.9973544973544973
0.9973544973544973
0.9973544973544973
0.9973544973544973
0.9973544973544973
0.9973544973544973
0.9973544973544973
0.9973544973544973
0.9973544973544973
0.9973544973544973
0.9973544973544973
0.9973544973544973
0.9973544973544973
0.9973544973544973
0.9973544973544973
0.9973544973544973
0.9973544973544973
0.9973544973544973
0.9973544973544973
0.9973544973544973
0.9973544973544973
0.9973544973544973
0.9973544973544973
0.9973544973544973
0.9973544973544973
0.9973544973544973
0.9973544973544973
0.9973544973544973
0.9973544973544973
0.9973544973544973
0.9973544973544973
0.9973544973544973
0.9973544973544973
0.9973544973544973
0.9973544973544973
0.9973544973544973
0.9973544973544973
0.9973544973544973
0.9973544973544973
0.9973544973544973
0.9973544973544973
0.9973544973544973
0.9973544973544973
0.9973544973544973
0.9973544973544973
0.9973544973544973
0.9973544973544973
0.9973544973544973
0.9973544973544973
0.9973544973544973
0.9973544973544973
0.9973544973544973
0.9973544973544973
0.9973544973544973
0.9973544973544973
0.9973544973544973
0.9973544973544973
0.9973544973544973
0.9973544973544973
0.9973544973544973
0.9973544973544973
0.9973544973544973
0.9973544973544973
0.9973544973544973
0.9973544973544973
0.9973544973544973
0.9973544973544973
0.9973544973544973
0.9973544973544973
0.9973544973544973
0.9973544973544973
0.9973544973544973
0.9973544973544973
0.9973544973544973
0.9973544973544973
0.9973544973544973
0.9973544973544973
0.9973544973544973
0.9973544973544973
0.9973544973544973
0.9973544973544973
0.9973544973544973
0.9973544973544973
0.9973544973544973
0.9973544973544973
0.9973544973544973
0.9973544973544973
0.9973544973544973
0.9973544973544973
0.9973544973544973
0.9973544973544973
0.9973544973544973
0.9973544973544973
0.9973544973544973
0.9973544973544973
0.9973544973544973
0.9973544973544973
0.9973544973544973
0.9973544973544973
0.9973544973544973
0.9973544973544973
0.9973544973544973
0.9973544973544973
0.9973544973544973
0.9973544973544973
0.9973544973544973
0.9973544973544973
0.9973544973544973
0.9973544973544973
0.9973544973544973
0.9973544973544973
0.9973544973544973
0.9973544973544973
0.9973544973544973
0.9973544973544973
0.9973544973544973
0.9973544973544973
0.9973544973544973
0.9973544973544973
0.9973544973544973
0.9973544973544973
0.9973544973544973
0.9973544973544973
0.9973544973544973
0.9973544973544973
0.9973544973544973
0.9973544973544973
0.9973544973544973
0.9973544973544973
0.9973544973544973
0.9973544973544973
0.9973544973544973
0.9973544973544973
0.9973544973544973
0.9973544973544973
0.9973544973544973
0.9973544973544973
0.9973544973544973
0.9973544973544973
0.9973544973544973
0.9973544973544973
0.9973544973544973
0.9973544973544973
0.9973544973544973
0.9973544973544973
0.9973544973544973
0.9973544973544973
0.9973544973544973
0.9973544973544973
0.9973544973544973
0.9973544973544973
0.9973544973544973
0.9973544973544973
0.9973544973544973
0.9973544973544973
0.9973544973544973
0.9973544973544973
0.9973544973544973
0.9973544973544973
0.9973544973544973
0.9973544973544973
0.9973544973544973
0.9973544973544973
0.9973544973544973
0.9973544973544973
0.9973544973544973
0.9973544973544973
0.9973544973544973
0.9973544973544973
0.9973544973544973
0.9973544973544973
0.9973544973544973
0.9973544973544973
0.9973544973544973
0.9973544973544973
0.9973544973544973
0.9973544973544973
0.9973544973544973
0.9973544973544973
0.9973544973544973
0.9973544973544973
0.9973544973544973
0.9973544973544973
0.9973544973544973
0.9973544973544973
0.9973544973544973
0.9973544973544973
0.9973544973544973
0.9973544973544973
0.9973544973544973
0.9973544973544973
0.9973544973544973
0.9973544973544973
0.9973544973544973
0.9973544973544973
0.9973544973544973
0.9973544973544973
0.9973544973544973
0.9973544973544973
0.9973544973544973
0.9973544973544973
0.9973544973544973
0.9973544973544973
0.9973544973544973
0.9973544973544973
0.9973544973544973
0.9973544973544973
0.9973544973544973
0.9973544973544973
0.9973544973544973
0.9973544973544973
0.9973544973544973
0.9973544973544973
0.9973544973544973
0.9973544973544973
0.9973544973544973
0.9973544973544973
0.9973544973544973
0.9973544973544973
0.9973544973544973
0.9973544973544973
0.9973544973544973
0.9973544973544973
0.9973544973544973
0.9973544973544973
0.9973544973544973
0.9973544973544973
0.9973544973544973
0.9973544973544973
0.9973544973544973
0.9973544973544973
0.9973544973544973
0.9973544973544973
0.9973544973544973
0.9973544973544973
0.9973544973544973
0.9973544973544973
0.9973544973544973
0.9973544973544973
0.9973544973544973
0.9973544973544973
0.9973544973544973
0.9973544973544973
0.9973544973544973
0.9973544973544973
0.9973544973544973
0.9973544973544973
0.9973544973544973
0.9973544973544973
1.0
1.0
