0.00370971620971621
0.012706793767399825
0.021056192602538413
0.025066281839900388
0.0336526589868836
0.039604787666284995
0.04457327596810663
0.04962378101861167
0.05695196481738372
0.06719964362566856
0.07290583830245148
0.07903808988924851
0.08038489123604986
0.0863569303021878
0.0863569303021878
0.0863569303021878
0.08782999427525176
0.09331150771131069
0.09566841006821304
0.09986051426031725
0.10179191619171918
0.10439369152076725
0.10691894404601977
0.11494964791005696
0.11730655026695931
0.122882511903527
0.1278258850287183
0.13098081091091693
0.13413573679311552
0.1351458378032165
0.13694009617642228
0.13873583130549072
0.13940923197889138
0.1428573452309262
0.14792727530085628
0.14860067597425697
0.15203782524473955
0.15519005032209834
0.158829003961052
0.16679331798597213
0.17009557128822547
0.1717908457107726
0.17805259742706975
0.17805259742706975
0.18075221262668492
0.1823062141806865
0.1832244878262329
0.18447762065831305
0.18640599531396043
0.18741609632406148
0.18741609632406148
0.18741609632406148
0.19087222625077965
0.19508098045953387
0.19669973207828548
0.20384696195278806
0.2089449503841098
0.21547489630799507
0.21890311791803493
0.2214401431823329
0.22442835867054842
0.22851938548884793
0.22972441827282808
0.23157627012467993
0.23157627012467993
0.23800923006172098
0.23885098090347182
0.24262683467932555
0.2474442394967304
0.2501582482713452
0.25185352269389233
0.25554192183683694
0.25935785898610747
0.26330319815871933
0.26713090804703526
0.2706766468200468
0.2727509613943614
0.2762863149297149
0.28566695953763216
0.2879396868103594
0.2897915386622113
0.29275709162776425
0.2958669447376173
0.2991180707160161
0.3013066229045682
0.3053235043337304
0.3077148419523407
0.31299250892786873
0.3137140096493694
0.31651121244657227
0.3173529632883231
0.32370592570189155
0.32526917726514315
0.3306115429743349
0.33472359254093
0.33943251997713014
0.34133185520979875
0.3421736060515496
0.34289510677305035
0.3452216943269107
0.34789361555943804
0.34789361555943804
0.3510831910529351
0.35253359250333655
0.35709384706359104
0.36243670846705855
0.364365083122706
0.364365083122706
0.3666301581150536
0.3676402591251546
0.37025380719324813
0.37417334444611866
0.376578346851121
0.3790243757677381
0.38348977568768344
0.386295611826853
0.3871373626686038
0.39147073972925356
0.3955710165568032
0.39917651599563597
0.4014131682322883
0.402086568905689
0.406643796190189
0.4085196980660909
0.4142750538214466
0.4156484367737769
0.4166585377838779
0.4201495473354935
0.4211596483455945
0.4238095237227426
0.4245310244442434
0.42750521075176295
0.42851531176186397
0.43224306548961766
0.4355242539980789
0.43737610584993075
0.4424266109004357
0.44601006448388925
0.451038888073319
0.4538090135707172
0.4588983686600723
0.4604616202233239
0.4604616202233239
0.463166995655972
0.4677211956647176
0.4697894977330197
0.47215817282896766
0.4743855750563698
0.4752273258981206
0.4802421203068545
0.4802421203068545
0.48270262276735704
0.4885492592958117
0.4920765961564821
0.4938366206437793
0.49767095970539105
0.4993544613888928
0.5052786947254068
0.51187518465523
0.5160249069867704
0.5192624102242737
0.5244659608823697
0.5260576352013169
0.5287359333341604
0.5307012882406917
0.5307012882406917
0.5307012882406917
0.5307012882406917
0.5307012882406917
0.533106290645694
0.5395067364400793
0.5413585882919311
0.5454452003330885
0.5477854526733409
0.5493350394502003
0.5527619156043492
0.5545219400916465
0.5552989408686472
0.5602576185545975
0.5609310192279983
0.5626262936505454
0.5636363946606464
0.5665187536036114
0.5665187536036114
0.5677813798662376
0.5685583806432384
0.5685583806432384
0.5718569900024537
0.5753817060271698
0.5762999796727162
0.5798828165888865
0.582821292254635
0.5842943562276989
0.5886714606048034
0.5912084858691014
0.5952969899576054
0.5965549912156067
0.5975650922257078
0.5984833658712541
0.6001247800126682
0.600901780789669
0.600901780789669
0.6016787815666698
0.6026888825767708
0.607907737795626
0.6115043095740159
0.6138877935364472
0.6145611942098478
0.616200968576895
0.6216764695069413
0.6249841186479239
0.6283511220149273
0.6303713240351293
0.6338266229449736
0.6352996869180376
0.6369831886015394
0.6379014622470857
0.6379014622470857
0.639399963745587
0.639399963745587
0.6401769645225879
0.6412992989782557
0.6412992989782557
0.6449586586982214
0.6481216012551033
0.6516687275295024
0.6525870011750488
0.6533640019520496
0.6568463781616986
0.6585298798452001
0.6601486314639516
0.6608220321373524
0.6636479099632301
0.6644249107402309
0.6661201851627779
0.6666518172733574
0.668551152506026
0.6690321529870265
0.6713724053272789
0.6747738439559903
0.6771140962962428
0.6816034341189138
0.6846541432302291
0.6852854563615423
0.6886852552158864
0.6886852552158864
0.6886852552158864
0.6896035288614327
0.690521802506979
0.690521802506979
0.690521802506979
0.6919722039573806
0.6952862299986794
0.6952862299986794
0.6960632307756802
0.697915082627532
0.6996751071148292
0.6996751071148292
0.7023249824919772
0.7030464832134781
0.7058242609912557
0.7063052614722563
0.7093559705835715
0.7118645730921739
0.7127828467377203
0.7148030487579223
0.7148030487579223
0.7148030487579223
0.7148030487579223
0.7156447995996732
0.7156447995996732
0.7156447995996732
0.7156447995996732
0.7170952010500746
0.7186868753690216
0.7186868753690216
0.7196051490145678
0.7228907523001713
0.7237325031419223
0.7273714567808759
0.730481309890729
0.730481309890729
0.730481309890729
0.7325856869951062
0.7325856869951062
0.7325856869951062
0.7325856869951062
0.7335039606406526
0.7345140616507535
0.7388023659390578
0.7409348014048266
0.7417765522465775
0.7459970791943772
0.7482621541867248
0.7500987014778177
0.751016975123364
0.7518587259651148
0.7541860932047626
0.7551961942148637
0.7586112976299673
0.7602029719489143
0.7602029719489143
0.760924472670415
0.761934573680516
0.761934573680516
0.7628528473260622
0.7646128718133595
0.7670960367965244
0.7684007506012381
0.7697235019239894
0.7731022780300383
0.773944028871789
0.7747210296487897
0.7747210296487897
0.775352342780103
0.7761940936218538
0.7778775953053555
0.7778775953053555
0.7787193461471065
0.7787193461471065
0.7787193461471065
0.7796376197926527
0.7796376197926527
0.7838791694887479
0.7844108015993274
0.7851323023208282
0.7887798893017485
0.7895013900232491
0.790343140865
0.7913532418751009
0.7913532418751009
0.7931132663623983
0.7937445794937114
0.7957891580088782
0.7957891580088782
0.7964204711401913
0.7964204711401913
0.7964204711401913
0.7964204711401913
0.7964204711401913
0.7999385579916115
0.7999385579916115
0.8016338324141586
0.8028918336721601
0.8039019346822612
0.8071394379197643
0.807812838593165
0.807812838593165
0.8104891746028344
0.8104891746028344
0.8114074482483807
0.8130488623897949
0.8144992638401962
0.8153410146819472
0.8153410146819472
0.8153410146819472
0.8153410146819472
0.8171928665337991
0.8180346173755498
0.8180346173755498
0.8180346173755498
0.8205716426398478
0.8223587444269497
0.8223587444269497
0.8246735592417643
0.8255153100835153
0.8307168986184372
0.8320325764047033
0.8335477279198549
0.834179041051168
0.834179041051168
0.8347106731617474
0.8354876739387481
0.8354876739387481
0.8354876739387481
0.836329424780499
0.8371064255574998
0.8397783467900269
0.8397783467900269
0.8405553475670277
0.8422506219895747
0.8435553357942887
0.8446776702499563
0.8446776702499563
0.8446776702499563
0.8462272570268158
0.8468585701581289
0.8468585701581289
0.848063602942109
0.8489818765876554
0.8504322780380569
0.8512092788150577
0.8519307795365585
0.8519307795365585
0.8527077803135592
0.85338118098696
0.8545441262288526
0.8545441262288526
0.8553858770706034
0.857004628689355
0.8586999031119023
0.8594769038889031
0.8603951775344495
0.8603951775344495
0.8603951775344495
0.8618455789848509
0.8634643306036024
0.8634643306036024
0.8647870819263538
0.8652680824073542
0.8652680824073542
0.8659414830807548
0.8659414830807548
0.8672461968854686
0.8672461968854686
0.8688001984394702
0.8704954728620174
0.8704954728620174
0.8704954728620174
0.8704954728620174
0.871272473639018
0.871272473639018
0.8720494744160188
0.8720494744160188
0.8734577883243325
0.8734577883243325
0.8742347891013333
0.8742347891013333
0.8757499406164849
0.8787241269240045
0.8787241269240045
0.8795011277010053
0.8795011277010053
0.8795011277010053
0.8804194013465517
0.8832166041437545
0.8840583549855053
0.8858120025724864
0.8864433157037994
0.8864433157037994
0.8872850665455503
0.8872850665455503
0.8872850665455503
0.8872850665455503
0.8872850665455503
0.8882033401910965
0.8882033401910965
0.8882033401910965
0.8882033401910965
0.8889248409125972
0.8906848653998944
0.8906848653998944
0.8906848653998944
0.8906848653998944
0.8906848653998944
0.8906848653998944
0.8906848653998944
0.8906848653998944
0.8906848653998944
0.8906848653998944
0.8906848653998944
0.8913582660732952
0.8913582660732952
0.8913582660732952
0.8913582660732952
0.8938042949899122
0.8938042949899122
0.8938042949899122
0.8938042949899122
0.8944356081212254
0.8944356081212254
0.8944356081212254
0.8944356081212254
0.8944356081212254
0.8944356081212254
0.8944356081212254
0.8944356081212254
0.8944356081212254
0.8959988596844769
0.8959988596844769
0.8976176113032285
0.8976176113032285
0.8976176113032285
0.8985358849487749
0.8985358849487749
0.8985358849487749
0.8996582194044427
0.8996582194044427
0.8996582194044427
0.8996582194044427
0.8996582194044427
0.8996582194044427
0.8996582194044427
0.9001392198854432
0.9008126205588438
0.9019349550145117
0.9028532286600581
0.9028532286600581
0.9028532286600581
0.903694979501809
0.90470508051191
0.9053784811853107
0.9053784811853107
0.9053784811853107
0.9053784811853107
0.9053784811853107
0.9053784811853107
0.9053784811853107
0.9062202320270617
0.9069972328040623
0.9069972328040623
0.9069972328040623
0.9078389836458132
0.9087572572913596
0.9087572572913596
0.9096755309369059
0.9096755309369059
0.9096755309369059
0.9096755309369059
0.9103489316103067
0.9112672052558531
0.9112672052558531
0.9112672052558531
0.9112672052558531
0.9112672052558531
0.9118985183871661
0.9118985183871661
0.913020852842834
0.913020852842834
0.913020852842834
0.9137978536198348
0.9137978536198348
0.9137978536198348
0.9145193543413355
0.9145193543413355
0.9154376279868819
0.9161591287083826
0.9168806294298834
0.9175540301032842
0.9175540301032842
0.919972445021699
0.9209825460317999
0.9209825460317999
0.9209825460317999
0.9209825460317999
0.9219926470419009
0.9219926470419009
0.9228343978836517
0.9236761487254026
0.9236761487254026
0.9236761487254026
0.9236761487254026
0.9236761487254026
0.9245944223709489
0.9253714231479496
0.9271585249350516
0.9271585249350516
0.9271585249350516
0.9271585249350516
0.9287618598717199
0.9296801335172663
0.930457134294267
0.9340313378684706
0.9340313378684706
0.934949611514017
0.934949611514017
0.934949611514017
0.934949611514017
0.934949611514017
0.934949611514017
0.934949611514017
0.9367096360013142
0.9377197370114151
0.9377197370114151
0.9377197370114151
0.9377197370114151
0.9377197370114151
0.9377197370114151
0.9387298380215162
0.9387298380215162
0.9387298380215162
0.9387298380215162
0.9395715888632671
0.9395715888632671
0.9395715888632671
0.9406939233189349
0.9406939233189349
0.9406939233189349
0.9413673239923355
0.9419986371236486
0.9419986371236486
0.9419986371236486
0.9419986371236486
0.9428403879653994
0.9428403879653994
0.9428403879653994
0.9428403879653994
0.9428403879653994
0.9436821388071504
0.9436821388071504
0.9436821388071504
0.9436821388071504
0.9436821388071504
0.9436821388071504
0.9436821388071504
0.9436821388071504
0.9436821388071504
0.944355539480551
0.944355539480551
0.944355539480551
0.944355539480551
0.944355539480551
0.944355539480551
0.945365640490652
0.9459969536219651
0.9459969536219651
0.9475509551759667
0.9483279559529675
0.9483279559529675
0.9509998771854948
0.9509998771854948
0.9509998771854948
0.9509998771854948
0.9509998771854948
0.9509998771854948
0.9521222116411626
0.9521222116411626
0.9521222116411626
0.9526538437517421
0.953495594593493
0.9542170953149938
0.9550588461567446
0.9550588461567446
0.9550588461567446
0.9550588461567446
0.9550588461567446
0.9559771198022909
0.9559771198022909
0.9559771198022909
0.9559771198022909
0.9559771198022909
0.9559771198022909
0.9559771198022909
0.9559771198022909
0.9559771198022909
0.9559771198022909
0.9576606214857927
0.9576606214857927
0.9576606214857927
0.9583821222072932
0.9583821222072932
0.9583821222072932
0.9583821222072932
0.9583821222072932
0.959055522880694
0.959055522880694
0.959055522880694
0.960065623890795
0.960065623890795
0.960065623890795
0.960907374732546
0.960907374732546
0.960907374732546
0.960907374732546
0.960907374732546
0.960907374732546
0.960907374732546
0.960907374732546
0.960907374732546
0.960907374732546
0.9619174757426469
0.9619174757426469
0.9619174757426469
0.9619174757426469
0.9619174757426469
0.9619174757426469
0.9619174757426469
0.9625908764160477
0.9625908764160477
0.9625908764160477
0.9637132108717155
0.9637132108717155
0.9637132108717155
0.9643445240030286
0.9643445240030286
0.9650179246764292
0.9650179246764292
0.9650179246764292
0.9650179246764292
0.9656492378077424
0.9656492378077424
0.9656492378077424
0.9656492378077424
0.9656492378077424
0.9656492378077424
0.9664909886494932
0.9664909886494932
0.9664909886494932
0.9664909886494932
0.9664909886494932
0.9664909886494932
0.9664909886494932
0.9664909886494932
0.9673327394912441
0.9673327394912441
0.9673327394912441
0.9673327394912441
0.9681097402682449
0.9681097402682449
0.9681097402682449
0.9681097402682449
0.9681097402682449
0.9681097402682449
0.9681097402682449
0.9689514911099958
0.9689514911099958
0.9689514911099958
0.9706349927934975
0.9706349927934975
0.9706349927934975
0.9706349927934975
0.9706349927934975
0.9706349927934975
0.9715532664390438
0.9725633674491448
0.9725633674491448
0.9725633674491448
0.9725633674491448
0.9725633674491448
0.9725633674491448
0.9725633674491448
0.9733403682261457
0.9733403682261457
0.9733403682261457
0.9733403682261457
0.9733403682261457
0.9733403682261457
0.9733403682261457
0.9733403682261457
0.9733403682261457
0.9733403682261457
0.9733403682261457
0.9733403682261457
0.9733403682261457
0.9733403682261457
0.9733403682261457
0.9733403682261457
0.9733403682261457
0.9740618689476463
0.9740618689476463
0.9740618689476463
0.9740618689476463
0.9740618689476463
0.9750719699577473
0.9750719699577473
0.9757934706792479
0.9757934706792479
0.9757934706792479
0.9757934706792479
0.9757934706792479
0.9757934706792479
0.9757934706792479
0.9757934706792479
0.9757934706792479
0.9757934706792479
0.9757934706792479
0.9757934706792479
0.9757934706792479
0.9757934706792479
0.976803571689349
0.9784870733728507
0.9784870733728507
0.9784870733728507
0.9784870733728507
0.9784870733728507
0.9784870733728507
0.9784870733728507
0.9784870733728507
0.9784870733728507
0.9784870733728507
0.9784870733728507
0.9784870733728507
0.9784870733728507
0.9784870733728507
0.9784870733728507
0.979081250437616
0.979081250437616
0.979081250437616
0.979081250437616
0.979081250437616
0.979081250437616
0.979081250437616
0.979081250437616
0.979081250437616
0.979081250437616
0.979081250437616
0.979081250437616
0.979081250437616
0.979081250437616
0.979081250437616
0.979081250437616
0.979081250437616
0.979081250437616
0.979081250437616
0.980721024804663
0.980721024804663
0.980721024804663
0.980721024804663
0.980721024804663
0.980721024804663
0.980721024804663
0.980721024804663
0.980721024804663
0.980721024804663
0.980721024804663
0.980721024804663
0.980721024804663
0.980721024804663
0.980721024804663
0.980721024804663
0.980721024804663
0.980721024804663
0.9814980255816639
0.9825081265917649
0.9825081265917649
0.9825081265917649
0.9825081265917649
0.9825081265917649
0.9825081265917649
0.9825081265917649
0.9825081265917649
0.9825081265917649
0.9825081265917649
0.9825081265917649
0.9825081265917649
0.9825081265917649
0.9825081265917649
0.9825081265917649
0.9825081265917649
0.9825081265917649
0.9825081265917649
0.9825081265917649
0.9833498774335157
0.9833498774335157
0.9833498774335157
0.9833498774335157
0.9843599784436167
0.9843599784436167
0.9843599784436167
0.9843599784436167
0.9843599784436167
0.984954155508382
0.984954155508382
0.984954155508382
0.984954155508382
0.984954155508382
0.984954155508382
0.984954155508382
0.984954155508382
0.984954155508382
0.9859642565184829
0.9859642565184829
0.9859642565184829
0.9859642565184829
0.9859642565184829
0.9859642565184829
0.9859642565184829
0.9859642565184829
0.9859642565184829
0.9859642565184829
0.9859642565184829
0.9859642565184829
0.9859642565184829
0.9859642565184829
0.986595569649796
0.986595569649796
0.986595569649796
0.986595569649796
0.986595569649796
0.986595569649796
0.986595569649796
0.986595569649796
0.986595569649796
0.986595569649796
0.986595569649796
0.986595569649796
0.986595569649796
0.986595569649796
0.986595569649796
0.986595569649796
0.9876056706598971
0.9876056706598971
0.9876056706598971
0.9876056706598971
0.9876056706598971
0.9876056706598971
0.9876056706598971
0.9876056706598971
0.9876056706598971
0.9876056706598971
0.9876056706598971
0.9876056706598971
0.9876056706598971
0.9876056706598971
0.9876056706598971
0.9876056706598971
0.9876056706598971
0.9876056706598971
0.9884474215016479
0.9884474215016479
0.9884474215016479
0.9884474215016479
0.9884474215016479
0.9884474215016479
0.9884474215016479
0.9884474215016479
0.9884474215016479
0.9884474215016479
0.9884474215016479
0.9884474215016479
0.9884474215016479
0.9884474215016479
0.9884474215016479
0.9884474215016479
0.9884474215016479
0.9884474215016479
0.9884474215016479
0.9884474215016479
0.9884474215016479
0.9884474215016479
0.9884474215016479
0.9892891723433989
0.9892891723433989
0.9892891723433989
0.9892891723433989
0.9892891723433989
0.9892891723433989
0.9892891723433989
0.9892891723433989
0.9892891723433989
0.9892891723433989
0.9892891723433989
0.9892891723433989
0.9892891723433989
0.9892891723433989
0.9900661731203997
0.9900661731203997
0.9900661731203997
0.9900661731203997
0.9900661731203997
0.9900661731203997
0.9900661731203997
0.9900661731203997
0.9900661731203997
0.9900661731203997
0.9900661731203997
0.9900661731203997
0.9900661731203997
0.9900661731203997
0.9900661731203997
0.9900661731203997
0.9900661731203997
0.9900661731203997
0.9900661731203997
0.9900661731203997
0.9900661731203997
0.9900661731203997
0.9900661731203997
0.9900661731203997
0.9900661731203997
0.9900661731203997
0.9900661731203997
0.9900661731203997
0.9900661731203997
0.9900661731203997
0.9900661731203997
0.9900661731203997
0.9900661731203997
0.9900661731203997
0.9908431738974003
0.9908431738974003
0.9908431738974003
0.9908431738974003
0.9908431738974003
0.9908431738974003
0.9908431738974003
0.9908431738974003
0.9908431738974003
0.9908431738974003
0.9908431738974003
0.9908431738974003
0.9908431738974003
0.9916849247391513
0.9916849247391513
0.9916849247391513
0.9916849247391513
0.9916849247391513
0.9916849247391513
0.9916849247391513
0.9916849247391513
0.9916849247391513
0.9916849247391513
0.9916849247391513
0.9916849247391513
0.9916849247391513
0.9916849247391513
0.9916849247391513
0.9926031983846977
0.9926031983846977
0.9926031983846977
0.9926031983846977
0.9926031983846977
0.9926031983846977
0.9926031983846977
0.9926031983846977
0.9926031983846977
0.9926031983846977
0.9926031983846977
0.9926031983846977
0.9926031983846977
0.9926031983846977
0.9926031983846977
0.9926031983846977
0.9926031983846977
0.9926031983846977
0.9926031983846977
0.9926031983846977
0.9926031983846977
0.9926031983846977
0.9926031983846977
0.9926031983846977
0.9926031983846977
0.9926031983846977
0.9937255328403654
0.9937255328403654
0.9937255328403654
0.9937255328403654
0.9937255328403654
0.9937255328403654
0.9937255328403654
0.9937255328403654
0.9937255328403654
0.9937255328403654
0.9937255328403654
0.9937255328403654
0.9937255328403654
0.9937255328403654
0.9937255328403654
0.9937255328403654
0.9937255328403654
0.9937255328403654
0.9937255328403654
0.9937255328403654
0.9937255328403654
0.9937255328403654
0.9937255328403654
0.9937255328403654
0.9937255328403654
0.9937255328403654
0.9937255328403654
0.9937255328403654
0.9937255328403654
0.9937255328403654
0.9937255328403654
0.9937255328403654
0.9937255328403654
0.9937255328403654
0.9937255328403654
0.9937255328403654
0.9937255328403654
0.9937255328403654
0.9937255328403654
0.9937255328403654
0.9937255328403654
0.9937255328403654
0.9937255328403654
0.9937255328403654
0.9942571649509447
0.9942571649509447
0.9942571649509447
0.9942571649509447
0.9942571649509447
0.9942571649509447
0.9942571649509447
0.9942571649509447
0.9942571649509447
0.9942571649509447
0.9942571649509447
0.9942571649509447
0.9942571649509447
0.9942571649509447
0.9942571649509447
0.9942571649509447
0.9942571649509447
0.9942571649509447
0.9942571649509447
0.9942571649509447
0.9942571649509447
0.9942571649509447
0.9942571649509447
0.9942571649509447
0.9942571649509447
0.9949305656243453
0.9949305656243453
0.9949305656243453
0.9949305656243453
0.9949305656243453
0.9949305656243453
0.9949305656243453
0.9949305656243453
0.9949305656243453
0.9949305656243453
0.9949305656243453
0.9949305656243453
0.9949305656243453
0.9949305656243453
0.9949305656243453
0.9949305656243453
0.9949305656243453
0.9949305656243453
0.9949305656243453
0.9949305656243453
0.9949305656243453
0.9949305656243453
0.9949305656243453
0.9949305656243453
0.9957723164660963
0.9957723164660963
0.9964036295974094
0.9964036295974094
0.9964036295974094
0.9964036295974094
0.9964036295974094
0.9964036295974094
0.9964036295974094
0.9964036295974094
0.9964036295974094
0.9964036295974094
0.9964036295974094
0.9964036295974094
0.9964036295974094
0.9964036295974094
0.9964036295974094
0.9964036295974094
0.9964036295974094
0.9964036295974094
0.9964036295974094
0.9964036295974094
0.9964036295974094
0.9964036295974094
0.9964036295974094
0.9964036295974094
0.9964036295974094
0.9964036295974094
0.9964036295974094
0.9964036295974094
0.9964036295974094
0.9964036295974094
0.9964036295974094
0.9964036295974094
0.9964036295974094
0.9972453804391603
0.9972453804391603
0.9972453804391603
0.9972453804391603
0.9972453804391603
0.9972453804391603
0.9972453804391603
0.9972453804391603
0.9972453804391603
0.9972453804391603
0.9972453804391603
0.9972453804391603
0.9978766935704735
0.9978766935704735
0.9978766935704735
0.9978766935704735
0.9978766935704735
0.9978766935704735
0.9978766935704735
0.9978766935704735
0.9978766935704735
0.9978766935704735
0.9978766935704735
0.9978766935704735
0.9978766935704735
0.9978766935704735
0.9978766935704735
0.9978766935704735
0.9978766935704735
0.9978766935704735
0.9978766935704735
0.9978766935704735
0.9978766935704735
0.9978766935704735
0.9978766935704735
0.9978766935704735
0.9978766935704735
0.9978766935704735
0.9978766935704735
0.9978766935704735
0.9978766935704735
0.9978766935704735
0.9978766935704735
0.9978766935704735
0.9978766935704735
0.9978766935704735
0.9978766935704735
0.9978766935704735
0.9978766935704735
0.9978766935704735
0.9978766935704735
0.9978766935704735
0.9978766935704735
0.9978766935704735
0.9978766935704735
0.9978766935704735
0.9978766935704735
0.9978766935704735
0.9978766935704735
0.9978766935704735
0.9978766935704735
0.9978766935704735
0.9978766935704735
0.9978766935704735
0.9978766935704735
0.9978766935704735
0.9978766935704735
0.9978766935704735
0.9978766935704735
0.9978766935704735
0.9978766935704735
0.9978766935704735
0.9978766935704735
0.9978766935704735
0.9978766935704735
0.9978766935704735
0.9978766935704735
0.9978766935704735
0.9978766935704735
0.9978766935704735
0.9978766935704735
0.9978766935704735
0.9978766935704735
0.9978766935704735
0.9978766935704735
0.9978766935704735
0.9978766935704735
0.9978766935704735
0.9978766935704735
0.9978766935704735
0.9978766935704735
0.9978766935704735
0.9978766935704735
0.9978766935704735
0.9978766935704735
0.9978766935704735
0.9978766935704735
0.9978766935704735
0.9978766935704735
0.9978766935704735
0.9978766935704735
0.9978766935704735
0.9978766935704735
0.9978766935704735
0.9978766935704735
0.9978766935704735
0.9978766935704735
0.9978766935704735
0.9978766935704735
0.9978766935704735
0.9978766935704735
0.9978766935704735
0.9978766935704735
0.9978766935704735
0.9978766935704735
0.9978766935704735
0.9978766935704735
0.9978766935704735
0.9978766935704735
0.9978766935704735
0.9978766935704735
0.9978766935704735
0.9987949672160199
0.9987949672160199
0.9987949672160199
0.9987949672160199
0.9987949672160199
0.9987949672160199
0.9987949672160199
0.9987949672160199
0.9987949672160199
0.9987949672160199
0.9987949672160199
0.9987949672160199
0.9987949672160199
0.9987949672160199
0.9987949672160199
0.9987949672160199
0.9987949672160199
0.9987949672160199
0.9987949672160199
0.9987949672160199
0.9987949672160199
0.9987949672160199
0.9987949672160199
0.9987949672160199
0.9987949672160199
0.9987949672160199
0.9987949672160199
0.9987949672160199
0.9987949672160199
0.9987949672160199
0.9987949672160199
0.9987949672160199
0.9987949672160199
0.9987949672160199
0.9987949672160199
0.9987949672160199
0.9987949672160199
0.9987949672160199
0.9987949672160199
0.9987949672160199
0.9987949672160199
0.9987949672160199
0.9987949672160199
0.9987949672160199
0.9987949672160199
0.9987949672160199
0.9987949672160199
0.9987949672160199
0.9987949672160199
0.9987949672160199
0.9987949672160199
0.9987949672160199
0.9987949672160199
0.9987949672160199
0.9987949672160199
0.9987949672160199
0.9987949672160199
0.9987949672160199
0.9987949672160199
0.9987949672160199
0.9987949672160199
0.9987949672160199
0.9987949672160199
0.9987949672160199
0.9987949672160199
0.9987949672160199
0.9987949672160199
0.9987949672160199
0.9987949672160199
0.9987949672160199
0.9987949672160199
0.9987949672160199
0.9987949672160199
0.9987949672160199
0.9987949672160199
0.9987949672160199
0.9987949672160199
0.9987949672160199
0.9987949672160199
0.9987949672160199
0.9987949672160199
0.9987949672160199
0.9987949672160199
0.9987949672160199
0.9987949672160199
0.9987949672160199
0.9987949672160199
0.9987949672160199
0.9987949672160199
0.9987949672160199
0.9987949672160199
0.9987949672160199
0.9987949672160199
0.9987949672160199
0.9987949672160199
0.9987949672160199
0.9987949672160199
0.9987949672160199
0.9987949672160199
0.9987949672160199
0.9987949672160199
0.9987949672160199
0.9987949672160199
0.9987949672160199
0.9987949672160199
0.9987949672160199
0.9987949672160199
0.9987949672160199
0.9987949672160199
0.9987949672160199
0.9987949672160199
0.9987949672160199
0.9987949672160199
0.9987949672160199
0.9987949672160199
0.9987949672160199
0.9987949672160199
0.9987949672160199
0.9987949672160199
0.9987949672160199
0.9994683678894205
0.9994683678894205
0.9994683678894205
0.9994683678894205
0.9994683678894205
0.9994683678894205
0.9994683678894205
0.9994683678894205
0.9994683678894205
0.9994683678894205
0.9994683678894205
0.9994683678894205
0.9994683678894205
0.9994683678894205
0.9994683678894205
0.9994683678894205
0.9994683678894205
0.9994683678894205
0.9994683678894205
0.9994683678894205
0.9994683678894205
0.9994683678894205
0.9994683678894205
0.9994683678894205
0.9994683678894205
0.9994683678894205
0.9994683678894205
0.9994683678894205
0.9994683678894205
0.9994683678894205
0.9994683678894205
0.9994683678894205
0.9994683678894205
0.9994683678894205
0.9994683678894205
0.9994683678894205
0.9994683678894205
0.9994683678894205
0.9994683678894205
0.9994683678894205
0.9994683678894205
0.9994683678894205
0.9994683678894205
0.9994683678894205
0.9994683678894205
0.9994683678894205
0.9994683678894205
0.9994683678894205
0.9994683678894205
0.9994683678894205
0.9994683678894205
0.9994683678894205
0.9994683678894205
0.9994683678894205
0.9994683678894205
0.9994683678894205
0.9994683678894205
0.9994683678894205
0.9994683678894205
0.9994683678894205
0.9994683678894205
0.9994683678894205
0.9994683678894205
0.9994683678894205
0.9994683678894205
0.9994683678894205
0.9994683678894205
0.9994683678894205
0.9994683678894205
0.9994683678894205
0.9994683678894205
0.9994683678894205
0.9994683678894205
0.9994683678894205
0.9994683678894205
0.9994683678894205
0.9994683678894205
0.9994683678894205
0.9994683678894205
0.9994683678894205
0.9994683678894205
0.9994683678894205
0.9994683678894205
0.9994683678894205
0.9994683678894205
0.9994683678894205
0.9994683678894205
0.9994683678894205
0.9994683678894205
0.9994683678894205
0.9994683678894205
0.9994683678894205
0.9994683678894205
0.9994683678894205
0.9994683678894205
0.9994683678894205
0.9994683678894205
0.9994683678894205
0.9994683678894205
0.9994683678894205
0.9994683678894205
0.9994683678894205
0.9994683678894205
0.9994683678894205
0.9994683678894205
0.9994683678894205
0.9994683678894205
0.9994683678894205
0.9994683678894205
0.9994683678894205
0.9994683678894205
0.9994683678894205
0.9994683678894205
0.9994683678894205
0.9994683678894205
0.9994683678894205
0.9994683678894205
0.9994683678894205
0.9994683678894205
0.9994683678894205
0.9994683678894205
0.9994683678894205
0.9994683678894205
0.9994683678894205
0.9994683678894205
0.9994683678894205
0.9994683678894205
0.9994683678894205
0.9994683678894205
0.9994683678894205
0.9994683678894205
0.9994683678894205
0.9994683678894205
0.9994683678894205
0.9994683678894205
0.9994683678894205
0.9994683678894205
0.9994683678894205
0.9994683678894205
0.9994683678894205
0.9994683678894205
0.9994683678894205
0.9994683678894205
0.9994683678894205
0.9994683678894205
0.9994683678894205
0.9994683678894205
0.9994683678894205
0.9994683678894205
0.9994683678894205
0.9994683678894205
0.9994683678894205
0.9994683678894205
0.9994683678894205
0.9994683678894205
0.9994683678894205
0.9994683678894205
0.9994683678894205
0.9994683678894205
0.9994683678894205
0.9994683678894205
0.9994683678894205
0.9994683678894205
0.9994683678894205
0.9994683678894205
0.9994683678894205
0.9994683678894205
0.9994683678894205
0.9994683678894205
0.9994683678894205
0.9994683678894205
0.9994683678894205
0.9994683678894205
0.9994683678894205
0.9994683678894205
0.9994683678894205
0.9994683678894205
0.9994683678894205
0.9994683678894205
0.9994683678894205
0.9994683678894205
0.9994683678894205
0.9994683678894205
0.9994683678894205
0.9994683678894205
0.9994683678894205
0.9994683678894205
0.9994683678894205
0.9994683678894205
0.9994683678894205
0.9994683678894205
0.9994683678894205
0.9994683678894205
0.9994683678894205
0.9994683678894205
0.9994683678894205
0.9994683678894205
0.9994683678894205
0.9994683678894205
0.9994683678894205
0.9994683678894205
0.9994683678894205
1.0
1.0
