0.009113029367001767
0.01608582375713201
0.018787464389807124
0.027854376494008723
0.03184800679076653
0.03838174006868585
0.04630368721477093
0.052676234161291156
0.06152323313118081
0.06539239391523521
0.06893849320601536
0.07950783699338027
0.0910142959556919
0.0985395125976824
0.10107927806848235
0.10376015662145394
0.10751131859063703
0.11006559700698441
0.11263472587924078
0.1162907817371769
0.12539689260410947
0.1265789257010362
0.12784155196366245
0.13170446361356075
0.13823965249467773
0.14069882479977813
0.14188085789670485
0.14702715788893295
0.1520406086103807
0.1544852679699337
0.1615230382971329
0.16443399720124252
0.16839826409654388
0.17396073815216864
0.17641991045726899
0.1776970496654427
0.18913776591796375
0.1980688468738629
0.1980688468738629
0.2020998828197925
0.2020998828197925
0.2035243842442939
0.20599840700530328
0.20855302293201225
0.20855302293201225
0.21358132410936903
0.21594539030322246
0.21992417014407126
0.23414857579816464
0.23696263547746804
0.2396497631645957
0.2410742645890972
0.2410742645890972
0.24516546347657422
0.2478695665887217
0.25174553558096974
0.2555790838294116
0.2596557697713412
0.266094059427652
0.2673711986358257
0.2756142137340605
0.2781539792048604
0.2844823122940152
0.28868459149629444
0.2935884231609478
0.2935884231609478
0.30272801593957216
0.3065760771335614
0.3106672760210385
0.31445584363939333
0.3195364009218309
0.3195364009218309
0.3300977153465474
0.335318359370319
0.34067218452042236
0.34194932372859604
0.3446153518256586
0.3512629597534038
0.3543070997838452
0.3555842389920189
0.35966058742358703
0.35966058742358703
0.36231210257510216
0.36231210257510216
0.36982246876118374
0.37108509502380993
0.37389848533720027
0.37656451343426284
0.3816157073152439
0.3856093376120018
0.39219957693322327
0.39592137550094997
0.3983805478060504
0.3998050492305518
0.4010676754931781
0.4050108427984143
0.4194264675512763
0.4194264675512763
0.4218711269108293
0.42457523002297676
0.4285540098638256
0.4298166361264519
0.4312055250153407
0.4368329750080344
0.4382574764325359
0.44341828937031136
0.45030869748118274
0.4530128005933302
0.4606268742124116
0.4667272519195391
0.4696738233592613
0.47352188455325056
0.47491077344213944
0.47903937797878826
0.4827611765465149
0.4827611765465149
0.4866303373305693
0.4881524073457901
0.48941503360841626
0.4932464512329373
0.5056561930630754
0.5069333322712491
0.51208823358523
0.5135127350097314
0.5185809043157323
0.5226569208917489
0.5239195471543752
0.5281218263566543
0.531748518813134
0.5438305645212451
0.5466297737446395
0.5479069129528134
0.5521161106551618
0.5521161106551618
0.5521161106551618
0.5562214906326346
0.5574986298408083
0.5589231312653098
0.5613677906248628
0.565215851818852
0.5663978849157787
0.5679199549309994
0.5708309138351091
0.5720935400977353
0.5734824289866242
0.5734824289866242
0.5747744186507069
0.5759564517476335
0.5839759674844379
0.5867893577978283
0.5894702363507999
0.5921217515023149
0.5947282860237432
0.5971874583288437
0.5984794479929263
0.5984794479929263
0.6051920318577405
0.6064691710659142
0.6064691710659142
0.6064691710659142
0.6076512041628409
0.6076512041628409
0.6089138304254672
0.6089138304254672
0.6089138304254672
0.6114829592977234
0.6114829592977234
0.6141489873947861
0.6167032658111334
0.6194879620889804
0.6208768509778694
0.6233360232829698
0.6257951955880701
0.6284968362207453
0.6284968362207453
0.6313108959000486
0.6325735221626749
0.6350475449236843
0.6400776392146004
0.6400776392146004
0.6427817423267477
0.6443038123419684
0.648270541716742
0.648270541716742
0.648270541716742
0.6496594306056309
0.6511815006208517
0.6523635337177783
0.6536406729259521
0.6578785646638439
0.6604328430801911
0.6616148761771179
0.6654629373711072
0.6654629373711072
0.6681289654681698
0.6693915917307961
0.6693915917307961
0.6693915917307961
0.6693915917307961
0.6719458701471434
0.6719458701471434
0.6771872762506185
0.6784644154587922
0.6796464485557189
0.6796464485557189
0.6824311448335657
0.6863978742083395
0.6863978742083395
0.6863978742083395
0.6876750134165133
0.6876750134165133
0.6889670030805958
0.691668643713271
0.695309849115298
0.695309849115298
0.6965869883234718
0.7058033876131119
0.7072278890376134
0.70840992213454
0.7108690944396403
0.7171766654490916
0.7186011668735931
0.7186011668735931
0.7186011668735931
0.7186011668735931
0.7186011668735931
0.7186011668735931
0.7186011668735931
0.7228390586114847
0.7266853266919148
0.7279624659000885
0.7331682594679511
0.7331682594679511
0.7331682594679511
0.7331682594679511
0.7331682594679511
0.7331682594679511
0.7344453986761247
0.7356274317730516
0.7369045709812253
0.742272909076876
0.7435500482850497
0.7447320813819763
0.7475461410612798
0.7475461410612798
0.7490682110765005
0.7490682110765005
0.7502502441734271
0.7502502441734271
0.751527383381601
0.751527383381601
0.7552491819493276
0.7564312150462543
0.7590972431433168
0.7628484051125
0.7628484051125
0.7656261828902777
0.7670506843147792
0.7670506843147792
0.7684395732036681
0.7711436763158156
0.7711436763158156
0.7711436763158156
0.7711436763158156
0.7724063025784418
0.7736834417866154
0.7736834417866154
0.7736834417866154
0.774960580994789
0.7762525706588719
0.7776770720833732
0.7791015735078747
0.7833252841557704
0.7833252841557704
0.7845879104183967
0.7845879104183967
0.7871425263451057
0.7871425263451057
0.7898590174336899
0.7913810874489106
0.7938551102099198
0.7950371433068466
0.7962191764037733
0.7962191764037733
0.7962191764037733
0.8000077440221283
0.8000077440221283
0.8000077440221283
0.8000077440221283
0.8000077440221283
0.8000077440221283
0.8000077440221283
0.8000077440221283
0.8000077440221283
0.8000077440221283
0.8000077440221283
0.8012703702847543
0.8012703702847543
0.8025329965473806
0.8038101357555545
0.8038101357555545
0.8038101357555545
0.8038101357555545
0.8038101357555545
0.8038101357555545
0.8050727620181808
0.8075319343232812
0.812575085956547
0.8138522251647207
0.8150342582616473
0.8150342582616473
0.8150342582616473
0.8174789176212002
0.8174789176212002
0.8174789176212002
0.8174789176212002
0.8189034190457016
0.8201660453083279
0.8216881153235487
0.8216881153235487
0.8232101853387693
0.8232101853387693
0.8232101853387693
0.8259266764273535
0.8288732478670756
0.8301503870752494
0.8301503870752494
0.8301503870752494
0.8301503870752494
0.8329495962986437
0.8353942556581967
0.8353942556581967
0.8353942556581967
0.8353942556581967
0.8366568819208229
0.8378389150177497
0.8390209481146763
0.840202981211603
0.840202981211603
0.840202981211603
0.840202981211603
0.8414949708756857
0.8414949708756857
0.8427869605397684
0.844064099747942
0.8455861697631628
0.8455861697631628
0.8468633089713364
0.8481404481795101
0.8496625181947307
0.8508445512916575
0.8508445512916575
0.8508445512916575
0.8508445512916575
0.8508445512916575
0.8508445512916575
0.8508445512916575
0.8508445512916575
0.8533037235967579
0.8533037235967579
0.8560884198746049
0.8560884198746049
0.8560884198746049
0.8560884198746049
0.8560884198746049
0.8572704529715316
0.8572704529715316
0.8572704529715316
0.8572704529715316
0.8572704529715316
0.8609922515392584
0.862514321554479
0.865230812643063
0.865230812643063
0.865230812643063
0.8666197015319521
0.8666197015319521
0.8666197015319521
0.8681417715471728
0.8681417715471728
0.8681417715471728
0.8681417715471728
0.8694337612112555
0.8694337612112555
0.8734066294283097
0.8747955183171987
0.8760726575253723
0.8773352837879985
0.879699349981852
0.8809619762444783
0.8821440093414049
0.8821440093414049
0.8821440093414049
0.8821440093414049
0.8821440093414049
0.8834211485495786
0.8834211485495786
0.887379166310724
0.887379166310724
0.8886563055188977
0.8899334447270714
0.8937358364604974
0.8937358364604974
0.8937358364604974
0.8952579064757182
0.8965205327383445
0.8965205327383445
0.8965205327383445
0.8965205327383445
0.8978125224024271
0.8978125224024271
0.8978125224024271
0.9017792517772008
0.9030563909853745
0.9030563909853745
0.9030563909853745
0.9055961564561744
0.9055961564561744
0.9055961564561744
0.9069850453450632
0.9082621845532368
0.9082621845532368
0.9095393237614107
0.9095393237614107
0.9095393237614107
0.9095393237614107
0.9095393237614107
0.9135205660817317
0.9135205660817317
0.9135205660817317
0.9149094549706207
0.9149094549706207
0.9149094549706207
0.9149094549706207
0.9149094549706207
0.9149094549706207
0.9160914880675475
0.9176135580827682
0.918795591179695
0.918795591179695
0.918795591179695
0.918795591179695
0.918795591179695
0.918795591179695
0.9200582174423213
0.9200582174423213
0.921240250539248
0.921240250539248
0.921240250539248
0.921240250539248
0.921240250539248
0.921240250539248
0.921240250539248
0.921240250539248
0.921240250539248
0.921240250539248
0.921240250539248
0.9239443536513954
0.9239443536513954
0.9239443536513954
0.9239443536513954
0.9239443536513954
0.925126386748322
0.925126386748322
0.925126386748322
0.9264035259564957
0.9264035259564957
0.9264035259564957
0.9287675921503491
0.9287675921503491
0.9287675921503491
0.9287675921503491
0.9287675921503491
0.9287675921503491
0.9311316583442024
0.9311316583442024
0.9311316583442024
0.9311316583442024
0.9311316583442024
0.9311316583442024
0.9325561597687039
0.9325561597687039
0.9338332989768777
0.9338332989768777
0.9338332989768777
0.9338332989768777
0.9338332989768777
0.9374745043789048
0.9374745043789048
0.9387664940429874
0.9387664940429874
0.9387664940429874
0.9387664940429874
0.9387664940429874
0.9387664940429874
0.9387664940429874
0.9387664940429874
0.9400584837070701
0.9400584837070701
0.9400584837070701
0.9400584837070701
0.9400584837070701
0.9400584837070701
0.9413504733711527
0.9413504733711527
0.9413504733711527
0.9413504733711527
0.9426424630352356
0.9426424630352356
0.9426424630352356
0.9426424630352356
0.9426424630352356
0.9426424630352356
0.9439196022434092
0.9439196022434092
0.9439196022434092
0.9451016353403359
0.9465261367648373
0.9465261367648373
0.9465261367648373
0.9477887630274636
0.9477887630274636
0.9477887630274636
0.9477887630274636
0.9491776519163524
0.9491776519163524
0.9491776519163524
0.9491776519163524
0.9506021533408539
0.9506021533408539
0.9506021533408539
0.9506021533408539
0.9506021533408539
0.9506021533408539
0.9506021533408539
0.9506021533408539
0.9518647796034801
0.9518647796034801
0.9518647796034801
0.9518647796034801
0.9531419188116538
0.9531419188116538
0.9531419188116538
0.9544045450742801
0.9544045450742801
0.9544045450742801
0.9556965347383627
0.9556965347383627
0.9556965347383627
0.956959161000989
0.956959161000989
0.956959161000989
0.956959161000989
0.9581411940979159
0.9581411940979159
0.9581411940979159
0.9581411940979159
0.9581411940979159
0.9581411940979159
0.9581411940979159
0.9581411940979159
0.9593232271948425
0.9593232271948425
0.9593232271948425
0.9593232271948425
0.9593232271948425
0.9593232271948425
0.9593232271948425
0.9593232271948425
0.9605052602917693
0.9605052602917693
0.961797249955852
0.9630598762184783
0.9630598762184783
0.9630598762184783
0.9630598762184783
0.9644487651073672
0.965837653996256
0.965837653996256
0.965837653996256
0.965837653996256
0.9672265428851448
0.9672265428851448
0.9672265428851448
0.9672265428851448
0.9672265428851448
0.9672265428851448
0.9672265428851448
0.9672265428851448
0.9686154317740336
0.9686154317740336
0.9686154317740336
0.9686154317740336
0.9686154317740336
0.9686154317740336
0.9686154317740336
0.9686154317740336
0.9686154317740336
0.9686154317740336
0.9686154317740336
0.9686154317740336
0.9686154317740336
0.9686154317740336
0.9686154317740336
0.9686154317740336
0.9686154317740336
0.9686154317740336
0.9686154317740336
0.9686154317740336
0.9686154317740336
0.9686154317740336
0.9686154317740336
0.9711697101903811
0.9711697101903811
0.9711697101903811
0.9711697101903811
0.9711697101903811
0.9711697101903811
0.9711697101903811
0.9711697101903811
0.9724616998544638
0.9724616998544638
0.9724616998544638
0.9724616998544638
0.9724616998544638
0.9724616998544638
0.9724616998544638
0.9724616998544638
0.9724616998544638
0.9724616998544638
0.9724616998544638
0.9724616998544638
0.9724616998544638
0.9724616998544638
0.9724616998544638
0.9736437329513906
0.9736437329513906
0.9736437329513906
0.9736437329513906
0.9736437329513906
0.9736437329513906
0.9736437329513906
0.9736437329513906
0.9736437329513906
0.9761029052564909
0.977365531519117
0.977365531519117
0.977365531519117
0.977365531519117
0.977365531519117
0.977365531519117
0.977365531519117
0.977365531519117
0.977365531519117
0.977365531519117
0.977365531519117
0.977365531519117
0.977365531519117
0.977365531519117
0.977365531519117
0.9787544204080059
0.9787544204080059
0.9799364535049327
0.9811184866018594
0.9811184866018594
0.9811184866018594
0.9811184866018594
0.9811184866018594
0.9811184866018594
0.9811184866018594
0.9811184866018594
0.9811184866018594
0.9811184866018594
0.9811184866018594
0.9811184866018594
0.9811184866018594
0.9811184866018594
0.9811184866018594
0.9811184866018594
0.9811184866018594
0.9811184866018594
0.9811184866018594
0.9811184866018594
0.9811184866018594
0.9811184866018594
0.9811184866018594
0.9823005196987862
0.9823005196987862
0.9823005196987862
0.9823005196987862
0.9823005196987862
0.9823005196987862
0.9823005196987862
0.9823005196987862
0.9823005196987862
0.9823005196987862
0.9823005196987862
0.9823005196987862
0.9823005196987862
0.9835925093628689
0.9835925093628689
0.9835925093628689
0.9835925093628689
0.9848696485710425
0.9848696485710425
0.9848696485710425
0.9848696485710425
0.9848696485710425
0.9848696485710425
0.9848696485710425
0.9848696485710425
0.9848696485710425
0.9848696485710425
0.9848696485710425
0.9848696485710425
0.9848696485710425
0.9848696485710425
0.9848696485710425
0.9848696485710425
0.9848696485710425
0.9848696485710425
0.9848696485710425
0.9848696485710425
0.9848696485710425
0.9848696485710425
0.9848696485710425
0.9848696485710425
0.9848696485710425
0.9848696485710425
0.9861467877792163
0.9861467877792163
0.9861467877792163
0.9861467877792163
0.9861467877792163
0.9861467877792163
0.9861467877792163
0.9861467877792163
0.9861467877792163
0.9861467877792163
0.9861467877792163
0.9861467877792163
0.9861467877792163
0.9861467877792163
0.9861467877792163
0.9861467877792163
0.9861467877792163
0.9861467877792163
0.9861467877792163
0.9861467877792163
0.9861467877792163
0.9861467877792163
0.9861467877792163
0.9861467877792163
0.9861467877792163
0.9861467877792163
0.9861467877792163
0.9861467877792163
0.9861467877792163
0.9861467877792163
0.9861467877792163
0.9861467877792163
0.9861467877792163
0.9861467877792163
0.9861467877792163
0.9861467877792163
0.9861467877792163
0.9861467877792163
0.9861467877792163
0.9861467877792163
0.9861467877792163
0.9873288208761429
0.9873288208761429
0.9873288208761429
0.9873288208761429
0.9873288208761429
0.9873288208761429
0.9873288208761429
0.9873288208761429
0.9873288208761429
0.9873288208761429
0.9873288208761429
0.9873288208761429
0.9873288208761429
0.9873288208761429
0.9885108539730696
0.9885108539730696
0.9885108539730696
0.9885108539730696
0.9885108539730696
0.9885108539730696
0.9885108539730696
0.9885108539730696
0.9897879931812432
0.9897879931812432
0.9897879931812432
0.9897879931812432
0.9897879931812432
0.9897879931812432
0.9897879931812432
0.9897879931812432
0.9897879931812432
0.9897879931812432
0.9897879931812432
0.9897879931812432
0.9897879931812432
0.9897879931812432
0.9897879931812432
0.991065132389417
0.991065132389417
0.991065132389417
0.991065132389417
0.991065132389417
0.991065132389417
0.9922471654863436
0.9922471654863436
0.9922471654863436
0.9922471654863436
0.9922471654863436
0.9922471654863436
0.9922471654863436
0.9922471654863436
0.9922471654863436
0.9922471654863436
0.9922471654863436
0.9922471654863436
0.9922471654863436
0.9922471654863436
0.9922471654863436
0.9922471654863436
0.9922471654863436
0.9922471654863436
0.9922471654863436
0.9922471654863436
0.9922471654863436
0.9922471654863436
0.9922471654863436
0.9922471654863436
0.9922471654863436
0.9922471654863436
0.9922471654863436
0.9922471654863436
0.9922471654863436
0.9922471654863436
0.9922471654863436
0.9922471654863436
0.9922471654863436
0.9922471654863436
0.9922471654863436
0.9922471654863436
0.9922471654863436
0.9936716669108452
0.9936716669108452
0.9936716669108452
0.9936716669108452
0.9936716669108452
0.9936716669108452
0.9936716669108452
0.9936716669108452
0.9936716669108452
0.9936716669108452
0.9936716669108452
0.9936716669108452
0.9936716669108452
0.9936716669108452
0.9936716669108452
0.9936716669108452
0.9936716669108452
0.9936716669108452
0.9936716669108452
0.9936716669108452
0.9936716669108452
0.9936716669108452
0.9936716669108452
0.9936716669108452
0.9936716669108452
0.9936716669108452
0.9936716669108452
0.9936716669108452
0.9936716669108452
0.9936716669108452
0.9936716669108452
0.9936716669108452
0.9936716669108452
0.9936716669108452
0.9936716669108452
0.9936716669108452
0.9936716669108452
0.9936716669108452
0.9936716669108452
0.9936716669108452
0.9936716669108452
0.9936716669108452
0.9936716669108452
0.9936716669108452
0.9936716669108452
0.9936716669108452
0.9936716669108452
0.9936716669108452
0.9936716669108452
0.9936716669108452
0.9936716669108452
0.9936716669108452
0.9936716669108452
0.9936716669108452
0.9936716669108452
0.9936716669108452
0.9936716669108452
0.9936716669108452
0.9936716669108452
0.9936716669108452
0.9936716669108452
0.9936716669108452
0.9936716669108452
0.9936716669108452
0.9936716669108452
0.9936716669108452
0.9936716669108452
0.9936716669108452
0.9936716669108452
0.9936716669108452
0.9936716669108452
0.9936716669108452
0.9936716669108452
0.9936716669108452
0.9936716669108452
0.9936716669108452
0.9936716669108452
0.9936716669108452
0.9936716669108452
0.9936716669108452
0.9936716669108452
0.9936716669108452
0.9936716669108452
0.9936716669108452
0.9936716669108452
0.9936716669108452
0.9949488061190189
0.9949488061190189
0.9949488061190189
0.9949488061190189
0.9949488061190189
0.9949488061190189
0.9949488061190189
0.9949488061190189
0.9949488061190189
0.9949488061190189
0.9949488061190189
0.9949488061190189
0.9949488061190189
0.9949488061190189
0.9949488061190189
0.9949488061190189
0.9949488061190189
0.9949488061190189
0.9949488061190189
0.9949488061190189
0.9949488061190189
0.9949488061190189
0.9949488061190189
0.9949488061190189
0.9949488061190189
0.9949488061190189
0.9949488061190189
0.9949488061190189
0.9949488061190189
0.9949488061190189
0.9949488061190189
0.9949488061190189
0.9949488061190189
0.9949488061190189
0.9949488061190189
0.9949488061190189
0.9949488061190189
0.9949488061190189
0.9949488061190189
0.9949488061190189
0.9961308392159456
0.9961308392159456
0.9961308392159456
0.9961308392159456
0.9961308392159456
0.9961308392159456
0.9961308392159456
0.9961308392159456
0.9961308392159456
0.9961308392159456
0.9961308392159456
0.9961308392159456
0.9961308392159456
0.9961308392159456
0.9961308392159456
0.9961308392159456
0.9961308392159456
0.9961308392159456
0.9961308392159456
0.9961308392159456
0.9961308392159456
0.9961308392159456
0.9961308392159456
0.9961308392159456
0.9961308392159456
0.9961308392159456
0.9961308392159456
0.9961308392159456
0.9961308392159456
0.9961308392159456
0.9961308392159456
0.9961308392159456
0.9961308392159456
0.9961308392159456
0.9961308392159456
0.9961308392159456
0.9961308392159456
0.9961308392159456
0.9961308392159456
0.9961308392159456
0.9961308392159456
0.9961308392159456
0.9961308392159456
0.9961308392159456
0.9961308392159456
0.9961308392159456
0.9961308392159456
0.9961308392159456
0.9961308392159456
0.9961308392159456
0.9961308392159456
0.9961308392159456
0.9961308392159456
0.9961308392159456
0.9961308392159456
0.9961308392159456
0.9961308392159456
0.9961308392159456
0.9961308392159456
0.9961308392159456
0.9961308392159456
0.9961308392159456
0.9961308392159456
0.9961308392159456
0.9961308392159456
0.9961308392159456
0.9961308392159456
0.9961308392159456
0.9961308392159456
0.9961308392159456
0.9961308392159456
0.9961308392159456
0.9961308392159456
0.9961308392159456
0.9961308392159456
0.9961308392159456
0.9961308392159456
0.9961308392159456
0.9961308392159456
0.9961308392159456
0.9961308392159456
0.9961308392159456
0.9961308392159456
0.9961308392159456
0.9961308392159456
0.9961308392159456
0.9961308392159456
0.9961308392159456
0.9961308392159456
0.9961308392159456
0.9961308392159456
0.9961308392159456
0.9961308392159456
0.9961308392159456
0.9961308392159456
0.9961308392159456
0.9961308392159456
0.9961308392159456
0.9961308392159456
0.9961308392159456
0.9961308392159456
0.9961308392159456
0.9961308392159456
0.9973934654785719
0.9973934654785719
0.9973934654785719
0.9973934654785719
0.9973934654785719
0.9985754985754985
0.9985754985754985
0.9985754985754985
0.9985754985754985
0.9985754985754985
0.9985754985754985
0.9985754985754985
0.9985754985754985
0.9985754985754985
0.9985754985754985
0.9985754985754985
0.9985754985754985
0.9985754985754985
0.9985754985754985
0.9985754985754985
1.0
1.0
