0.07383092871015608
0.14625348606095212
0.20997531658273869
0.2882627151321435
0.39909361047893926
0.4359054296407751
0.47433291054845544
0.4777693366652939
0.5418915275113723
0.5738465165096674
0.6098384721112389
0.6197473901374625
0.6814411659017706
0.6933781386854726
0.7099597287832272
0.7166324008547583
0.7233050729262893
0.7233050729262893
0.7374702806296157
0.7736815593050138
0.7999839199541882
0.8068567721878653
0.8133292640972504
0.816565510051943
0.8367837064286819
0.8400199523833746
0.843456378500213
0.843456378500213
0.8523572854913684
0.8646946185993624
0.8768317715452104
0.8835044436167414
0.8990780226794279
0.8990780226794279
0.8990780226794279
0.8990780226794279
0.9091871208677974
0.91242336682249
0.91242336682249
0.91242336682249
0.9288047767580987
0.9322412028749372
0.9322412028749372
0.9322412028749372
0.9356776289917756
0.9356776289917756
0.9455865470179993
0.9558958253685148
0.9558958253685148
0.9558958253685148
0.9558958253685148
0.9558958253685148
0.9613603062428316
0.9680329783143627
0.9680329783143627
0.9680329783143627
0.9734974591886797
0.9789619400629966
0.9821981860176892
0.9821981860176892
0.9821981860176892
0.9821981860176892
0.9821981860176892
0.9821981860176892
0.9821981860176892
0.9821981860176892
0.9876626668920062
0.9876626668920062
0.9910990930088447
0.9910990930088447
0.9910990930088447
0.9910990930088447
0.9910990930088447
0.9910990930088447
0.9910990930088447
0.9910990930088447
0.9910990930088447
0.9910990930088447
0.9910990930088447
0.9910990930088447
0.9965635738831615
0.9965635738831615
0.9965635738831615
0.9965635738831615
0.9965635738831615
1.0
1.0
