0.01933386478841024
0.0368765073310528
0.06450226673043072
0.09074662606888889
0.11120328204247894
0.12865193311412465
0.14156275966131482
0.15826536121240123
0.1626899489703223
0.16530349703841585
0.1697167506495304
0.1825657422864008
0.19113245099266288
0.19711026947048146
0.2146559673192096
0.21853574766957817
0.22640987410431068
0.23278287820458746
0.24174055396848335
0.24933671762525314
0.25077264553176926
0.2616107682073063
0.27021093111368943
0.2760545824118862
0.2862067899125784
0.29238702942615125
0.30191823895736075
0.308486264085992
0.32110215548976206
0.3277060033814889
0.3411282703078368
0.34373004563688486
0.34805103329120585
0.36693182466003565
0.3753462678784005
0.38788347814288343
0.401190372226586
0.4081372973553292
0.4183776882775382
0.43014365799805326
0.4398229938137529
0.4423315963223554
0.45859929327187066
0.46646740720059066
0.4837414490958446
0.49292801169149797
0.504262187135815
0.5149150724099124
0.5158333460554588
0.5341257298781455
0.53934998093573
0.5412018327875817
0.5492302802099687
0.5558058683645042
0.5592073069932156
0.5716539652732072
0.5815995331733205
0.586543200616988
0.5940746142090075
0.5980502681846614
0.6052169230785892
0.6108377472600193
0.6113693793705988
0.620478073706566
0.6228393487951138
0.6287852547410198
0.6377702091805197
0.6405878180587347
0.6449205784521012
0.655703734689803
0.6687432433234105
0.6756346683966538
0.6800819186772373
0.6800819186772373
0.6807132318085505
0.6815549826503013
0.6815549826503013
0.6937740575089297
0.7021842308313837
0.7092581982721771
0.7180482297894814
0.7228656346068861
0.7303039454542876
0.7353140769350074
0.7443790439545199
0.7477848973603735
0.7508794459094674
0.7546953830587378
0.7598494882128431
0.7645810781717057
0.7653580789487066
0.7744450918235981
0.7765954755529292
0.7789912279486817
0.7805063794638332
0.7857580301700294
0.7905046303711751
0.7913463812129259
0.7994000138877706
0.8044622916773212
0.8082782288265916
0.8119375885465576
0.8125317656113229
0.8164636922705221
0.8171370929439229
0.820335746142576
0.8211774969843268
0.8242138125206423
0.8251320861661886
0.8251320861661886
0.8283425121038873
0.8300741138354891
0.8318698489645575
0.8318698489645575
0.8336014506961592
0.834723785151827
0.8374173878454295
0.8387885656871957
0.8411151532410559
0.8430435278967033
0.8447388023192505
0.8479989680794163
0.8536046507185918
0.858097127938342
0.8597924023608889
0.862365138266958
0.8649939908958106
0.8658357417375614
0.8684375170666095
0.8684375170666095
0.8705839817130743
0.8715022553586206
0.8773625566734674
0.8807907782835072
0.881567779060508
0.8841966316893607
0.8868902343829633
0.8905939380866671
0.8905939380866671
0.8905939380866671
0.8922126897054188
0.8931309633509651
0.8931309633509651
0.8972583174783192
0.8972583174783192
0.8998718655464126
0.9014214523232721
0.9031814768105694
0.9031814768105694
0.9031814768105694
0.9041915778206704
0.9048228909519834
0.9048228909519834
0.9055443916734842
0.9073044161607812
0.9078360482713607
0.9114326200497509
0.9159176972621007
0.9174328487772522
0.9174328487772522
0.9193612234328995
0.9210564978554467
0.9210564978554467
0.9221788323111145
0.9221788323111145
0.9251416844718279
0.9258631851933286
0.9268732862034295
0.9276502869804303
0.9291006884308316
0.9312331238966004
0.932796375459852
0.932796375459852
0.932796375459852
0.933806476469953
0.9351111902746667
0.9358881910516675
0.9375834654742147
0.9394353173260666
0.9402123181030674
0.9402123181030674
0.9409893188800681
0.9436391942572163
0.9436391942572163
0.9436391942572163
0.9436391942572163
0.9436391942572163
0.9442705073885295
0.9452806083986304
0.9469758828211776
0.9469758828211776
0.9494209685995968
0.9509361201147482
0.9509361201147482
0.9509361201147482
0.9523865215651496
0.9531080222866504
0.9531080222866504
0.9538850230636513
0.9538850230636513
0.9545584237370519
0.9559052250838533
0.9565365382151665
0.959061790740419
0.959061790740419
0.959061790740419
0.9605121921908206
0.9605121921908206
0.9629377636953395
0.9639478647054405
0.9666414673990432
0.9666414673990432
0.9674832182407941
0.9674832182407941
0.9681145313721071
0.9681145313721071
0.9681145313721071
0.9687458445034203
0.9687458445034203
0.9687458445034203
0.9687458445034203
0.9687458445034203
0.9687458445034203
0.9687458445034203
0.9687458445034203
0.9687458445034203
0.9692268449844207
0.9692268449844207
0.9698581581157338
0.9698581581157338
0.9698581581157338
0.9706351588927347
0.9706351588927347
0.9716452599028357
0.9724870107445865
0.9724870107445865
0.9724870107445865
0.9724870107445865
0.9747236629812387
0.9763153373001857
0.9763153373001857
0.9763153373001857
0.9763153373001857
0.9763153373001857
0.9763153373001857
0.9763153373001857
0.9763153373001857
0.9769887379735863
0.9769887379735863
0.9769887379735863
0.9769887379735863
0.9788405898254382
0.9788405898254382
0.9796823406671892
0.9796823406671892
0.9796823406671892
0.9796823406671892
0.9796823406671892
0.9796823406671892
0.9796823406671892
0.9803136537985022
0.9810906545755029
0.9810906545755029
0.9810906545755029
0.9820089282210493
0.9826402413523625
0.9826402413523625
0.9826402413523625
0.9826402413523625
0.9826402413523625
0.9835585149979089
0.9835585149979089
0.9835585149979089
0.9835585149979089
0.9842319156713096
0.9842319156713096
0.9842319156713096
0.9842319156713096
0.9842319156713096
0.9842319156713096
0.9842319156713096
0.9842319156713096
0.9842319156713096
0.9842319156713096
0.9842319156713096
0.9850089164483105
0.9879971319365259
0.9879971319365259
0.9879971319365259
0.9879971319365259
0.9879971319365259
0.9879971319365259
0.9887741327135268
0.9887741327135268
0.9887741327135268
0.9887741327135268
0.9887741327135268
0.9887741327135268
0.9887741327135268
0.9887741327135268
0.9887741327135268
0.9887741327135268
0.9887741327135268
0.9887741327135268
0.9895511334905276
0.9895511334905276
0.9906734679461954
0.9906734679461954
0.991346868619596
0.991346868619596
0.991346868619596
0.991346868619596
0.991346868619596
0.991346868619596
0.991346868619596
0.991346868619596
0.991346868619596
0.992356969629697
0.992356969629697
0.992356969629697
0.992356969629697
0.992356969629697
0.992356969629697
0.992356969629697
0.992356969629697
0.9928379701106975
0.9928379701106975
0.9936149708876983
0.994288371561099
0.994288371561099
0.994288371561099
0.994288371561099
0.9952984725711999
0.9952984725711999
0.9952984725711999
0.9952984725711999
0.9952984725711999
0.9952984725711999
0.9952984725711999
0.9952984725711999
0.9952984725711999
0.9952984725711999
0.9952984725711999
0.9952984725711999
0.9952984725711999
0.9952984725711999
0.9952984725711999
0.9952984725711999
0.9952984725711999
0.9952984725711999
0.9952984725711999
0.9952984725711999
0.9952984725711999
0.9952984725711999
0.9952984725711999
0.9952984725711999
0.9952984725711999
0.9952984725711999
0.9952984725711999
0.9952984725711999
0.9952984725711999
0.9952984725711999
0.9952984725711999
0.9952984725711999
0.9952984725711999
0.9952984725711999
0.9952984725711999
0.9952984725711999
0.9952984725711999
0.9952984725711999
0.9952984725711999
0.9952984725711999
0.9952984725711999
0.9952984725711999
0.9952984725711999
0.9952984725711999
0.9952984725711999
0.9952984725711999
0.9961402234129507
0.9961402234129507
0.9961402234129507
0.9961402234129507
0.9961402234129507
0.9961402234129507
0.9961402234129507
0.9961402234129507
0.9961402234129507
0.9961402234129507
0.9961402234129507
0.9961402234129507
0.9961402234129507
0.9961402234129507
0.9961402234129507
0.9961402234129507
0.9961402234129507
0.9961402234129507
0.9961402234129507
0.9961402234129507
0.9961402234129507
0.9961402234129507
0.9961402234129507
0.9961402234129507
0.9961402234129507
0.9961402234129507
0.9961402234129507
0.9961402234129507
0.9961402234129507
0.9961402234129507
0.9961402234129507
0.9961402234129507
0.9961402234129507
0.9961402234129507
0.9961402234129507
0.9961402234129507
0.9961402234129507
0.9961402234129507
0.9961402234129507
0.9961402234129507
0.9961402234129507
0.9961402234129507
0.9961402234129507
0.9961402234129507
0.9961402234129507
0.9961402234129507
0.9961402234129507
0.9966212238939512
0.9966212238939512
0.9966212238939512
0.9966212238939512
0.997462974735702
0.997462974735702
0.997462974735702
0.997462974735702
0.997462974735702
0.997462974735702
0.997462974735702
0.997462974735702
0.997462974735702
0.997462974735702
0.997462974735702
0.997462974735702
0.997462974735702
0.997462974735702
0.997462974735702
0.997462974735702
0.997462974735702
0.997462974735702
0.997462974735702
0.997462974735702
0.997462974735702
0.997462974735702
0.997462974735702
0.997462974735702
0.997462974735702
0.997462974735702
0.997462974735702
0.997462974735702
0.997462974735702
0.997462974735702
0.997462974735702
0.997462974735702
0.997462974735702
0.997462974735702
0.997462974735702
0.997462974735702
0.997462974735702
0.997462974735702
0.997462974735702
0.997462974735702
0.997462974735702
0.997462974735702
0.997462974735702
0.997462974735702
0.997462974735702
0.997462974735702
0.997462974735702
0.997462974735702
0.997462974735702
0.997462974735702
0.997462974735702
0.997462974735702
0.997462974735702
0.997462974735702
0.997462974735702
0.997462974735702
0.997462974735702
0.997462974735702
0.997462974735702
0.997462974735702
0.997462974735702
0.997462974735702
0.997462974735702
0.997462974735702
0.997462974735702
0.997462974735702
0.997462974735702
0.997462974735702
0.997462974735702
0.997462974735702
0.997462974735702
0.997462974735702
0.997462974735702
0.997462974735702
0.997462974735702
0.997462974735702
0.997462974735702
0.997462974735702
0.997462974735702
0.997462974735702
0.997462974735702
0.997462974735702
0.997462974735702
0.997462974735702
0.997462974735702
0.997462974735702
0.997462974735702
0.997462974735702
0.997462974735702
0.997462974735702
0.997462974735702
0.997462974735702
0.997462974735702
0.997462974735702
0.997462974735702
0.997462974735702
0.9982399755127028
0.9982399755127028
0.9982399755127028
0.9982399755127028
0.9982399755127028
0.9982399755127028
0.9982399755127028
0.9982399755127028
0.9982399755127028
0.9982399755127028
0.9982399755127028
0.9982399755127028
0.9982399755127028
0.9982399755127028
0.9982399755127028
0.9982399755127028
0.9982399755127028
0.9982399755127028
0.9982399755127028
0.9982399755127028
0.9982399755127028
0.9982399755127028
0.9982399755127028
0.9982399755127028
0.9982399755127028
0.9982399755127028
0.9982399755127028
0.9982399755127028
0.9982399755127028
0.9982399755127028
0.9982399755127028
0.9982399755127028
0.9982399755127028
0.9982399755127028
0.9982399755127028
0.9982399755127028
0.9982399755127028
0.999158249158249
0.999158249158249
0.999158249158249
0.999158249158249
0.999158249158249
0.999158249158249
0.999158249158249
0.999158249158249
0.999158249158249
0.999158249158249
0.999158249158249
0.999158249158249
0.999158249158249
0.999158249158249
0.999158249158249
0.999158249158249
0.999158249158249
0.999158249158249
0.999158249158249
0.999158249158249
0.999158249158249
0.999158249158249
0.999158249158249
0.999158249158249
0.999158249158249
0.999158249158249
0.999158249158249
0.999158249158249
0.999158249158249
0.999158249158249
0.999158249158249
0.999158249158249
0.999158249158249
0.999158249158249
0.999158249158249
0.999158249158249
0.999158249158249
0.999158249158249
0.999158249158249
0.999158249158249
0.999158249158249
0.999158249158249
0.999158249158249
0.999158249158249
0.999158249158249
0.999158249158249
0.999158249158249
0.999158249158249
0.999158249158249
0.999158249158249
0.999158249158249
0.999158249158249
0.999158249158249
0.999158249158249
0.999158249158249
0.999158249158249
0.999158249158249
0.999158249158249
0.999158249158249
0.999158249158249
0.999158249158249
0.999158249158249
0.999158249158249
0.999158249158249
0.999158249158249
0.999158249158249
0.999158249158249
0.999158249158249
0.999158249158249
0.999158249158249
0.999158249158249
0.999158249158249
0.999158249158249
0.999158249158249
0.999158249158249
0.999158249158249
0.999158249158249
0.999158249158249
0.999158249158249
0.999158249158249
0.999158249158249
0.999158249158249
0.999158249158249
0.999158249158249
0.999158249158249
0.999158249158249
0.999158249158249
0.999158249158249
0.999158249158249
0.999158249158249
0.999158249158249
0.999158249158249
0.999158249158249
0.999158249158249
0.999158249158249
0.999158249158249
0.999158249158249
0.999158249158249
0.999158249158249
0.999158249158249
0.999158249158249
0.999158249158249
0.999158249158249
0.999158249158249
0.999158249158249
0.999158249158249
0.999158249158249
0.999158249158249
0.999158249158249
0.999158249158249
0.999158249158249
1.0
1.0
