0.007288966132325342
0.014309838071221218
0.021212245317018867
0.02841890314270193
0.034685777931368844
0.04186418933150723
0.04978348690161802
0.057131093537419235
0.0638610279176933
0.07080413357326894
0.07829086978843204
0.08484700423526666
0.094540400405809
0.09818242234355168
0.10161729780307704
0.1053202499733198
0.10871193917188732
0.11188078493773933
0.1153034666973609
0.11865038937439516
0.12163706754292761
0.12510990155478818
0.12824526380285547
0.12991970037848632
0.1387555909904955
0.1420488929506855
0.14560985056241937
0.14904293411833144
0.15285082266328914
0.15600835252339662
0.15937138194249212
0.1628975953863964
0.1660897391148588
0.1699141443425063
0.17322679628009474
0.17509525492052164
0.1838314232802083
0.18693429008837956
0.19064036131786893
0.19397376926275015
0.19701723247804198
0.20093547006009785
0.20443462098463455
0.20875606855189485
0.21216299337027938
0.21587948339558827
0.21910133225644796
0.22091455552493167
0.22976408583611554
0.23355113432013203
0.23657555589694548
0.23991436005321187
0.24306421478370696
0.2462073356665041
0.24987490429479076
0.2535060675465748
0.2572448606316249
0.26169801791513103
0.26505909034114944
0.26685681876149003
0.27552212986023195
0.2792079534538669
0.28264170602566807
0.28585835426264805
0.2897803098478869
0.29363280332593056
0.29765293179642377
0.3011943168238589
0.304691201472402
0.3078663778172384
0.3111593125816097
0.31289959741998113
0.3226666955708528
0.32663105781130003
0.3298870998768066
0.3332989029984551
0.3365436425036645
0.3406578320588505
0.34397315314568044
0.3470788297301818
0.35100582831268284
0.354767713752972
0.358432432087021
0.3602430297420041
0.3692233689177095
0.37261462124397104
0.3762422246677206
0.3794625769261878
0.38310673048315413
0.3862838873394462
0.38957564916150283
0.3931076072781544
0.39646050064813504
0.3996871067417189
0.40297222885494005
0.4048815268399815
0.41340326445910125
0.4162593919597242
0.4195813938218284
0.4230424009341384
0.426467247916576
0.4302945643691966
0.433389133673158
0.4369067338110863
0.44065491234501586
0.44388646340051763
0.4467608324333242
0.44861102252217266
0.45755202794380767
0.4608520127531086
0.4644463977046527
0.46808436932110026
0.47166963012592766
0.47501389413439987
0.4783756325584742
0.48180244607067174
0.4853461944654481
0.48862243450768417
0.4921896894902756
0.4942251206261127
0.5028499881861073
0.5061181933657584
0.5096941382451282
0.5130956206063015
0.5166713503416172
0.5200010907333713
0.5239150319565705
0.527824438070763
0.5313587469125219
0.5345831877832898
0.537822750182998
0.5396538651828411
0.5479713396730426
0.5499008322215148
0.5522490826757583
0.5548983255488579
0.5573639311539227
0.5597752796858501
0.5624505802432996
0.5652033447154678
0.5675655772068642
0.5704161804235296
0.5725503254756552
0.5737379301246883
0.5774344307984722
0.5778697123012484
0.579241666769946
0.581139699299299
0.5829252175687378
0.584664540712367
0.5864023005949498
0.5880105116268073
0.5899903711761072
0.591642488483399
0.5930088319921226
0.5943250137119246
0.5970906164375107
0.5976012972899016
0.5979979846749806
0.599269067071954
0.6009120262334711
0.6024730373045015
0.6039655574997618
0.6055890721495525
0.6072172629962522
0.6090243913956989
0.6105310613399433
0.6117105300732137
0.61486783168622
0.6161114748313243
0.6167263894389485
0.6173260749456053
0.6186574282489381
0.6202880936013705
0.6218033768515909
0.6234082196810897
0.6251552448860086
0.6266489114873716
0.6282151571813397
0.6293881207094791
0.6329161626130746
0.634841772552083
0.6362781266618824
0.6367182759872433
0.637186523648214
0.6383252905584078
0.6400560007915265
0.6416525631163443
0.643745790652808
0.6454190468232781
0.647314763022047
0.6483604775790475
0.6511560781158838
0.6529618514840233
0.654616049565017
0.6560103403015827
0.6563256005221294
0.6567166769472345
0.657961365445264
0.6597516575514905
0.6612585361209394
0.6632521190275971
0.6651069417776136
0.6661375953409434
0.6693926525887947
0.6712275360418768
0.6733875234812329
0.6752902893294659
0.6765687140547566
0.6769245750452025
0.6773212624302815
0.6783568409381671
0.6800958047442892
0.6818390579296048
0.683634960995805
0.6846879773632151
0.688150039913664
0.6899487200965984
0.6917548531977105
0.6934904448396438
0.6951952960814687
0.6964854806521905
0.696891392841698
0.6973052493212923
0.6989150746127833
0.7005418668924349
0.7024222699365879
0.703864295541631
0.7072027328975443
0.7088750617677955
0.7101830239136522
0.7121102001315402
0.7136774506605261
0.7155779842318236
0.7168838147584565
0.7174733642159985
0.7180804090505015
0.7191296939162157
0.7207734636647071
0.7222500356885203
0.7256660917210019
0.7275656469934938
0.7293822084271081
0.7310028653198151
0.7328042415836684
0.7343424895997386
0.736022697779794
0.7372278478603785
0.7376762772949546
0.7379047481386418
0.7392499929066294
0.7404499488821836
0.7437950830689035
0.7455465898272224
0.747333781947568
0.749186170314294
0.7509692211453808
0.7528520010553879
0.754627420292603
0.7565038426919481
0.7577484406174795
0.7581685365550292
0.7585900711820691
0.759464832994317
0.7616799377529097
0.7629113302292047
0.7641323784266457
0.7656786953043588
0.7671987558046658
0.7684515161821717
0.7701460462680556
0.7716753886947622
0.7730740698636989
0.7739594951698656
0.7742871067169337
0.7744560763278628
0.7754895066124614
0.7761517392336195
0.7774550687183077
0.7788960655744892
0.7806330557834709
0.7823051655478384
0.7839666723535568
0.78535454193864
0.787121721189082
0.7883630480036022
0.7895967738100103
0.7901845013267108
0.7911124003422053
0.7913397012614114
0.7917517423190137
0.792293241106312
0.7932507711327038
0.7940448584544915
0.794887030445581
0.7956392865377181
0.7964685892941651
0.7976754707430929
0.7985196092639422
0.7991294308197137
0.8010264986364912
0.8013813142740119
0.8016851844673138
0.8021804275935329
0.8029672971585595
0.8038420014533707
0.8047848032873872
0.8055504560589709
0.8065633725650738
0.8073439621542374
0.8082645018418858
0.8089485092870499
0.8105870683264477
0.8111431507172029
0.8115558202727868
0.8117621130237548
0.8121383536844574
0.8129891485182056
0.8138222232942558
0.8150641956062866
0.8159528314881946
0.817091655915825
0.8179566344976155
0.8186905515707559
0.8201288251735581
0.8207035558662267
0.8214324874595418
0.8217499799570238
0.821964267052669
0.8223213990207737
0.8231297371447233
0.823886434272353
0.8248093743442337
0.8258687952590629
0.8266945107072668
0.8273027925203708
0.8284727441658252
0.8290340206616106
0.8299131829914432
0.8306268619654121
0.8310768546610348
0.8313233718448656
0.8318080185312853
0.8325573733305978
0.8334763667567286
0.8343233225167541
0.8353533911178433
0.8361089418393703
0.8374889647742454
0.8384860907355187
0.8391911734030406
0.8401111281284483
0.8406655632045087
0.8410237575250677
0.8411389209168612
0.8415828252622961
0.8422214407057789
0.8431281399273595
0.8440536385586216
0.8447796688591117
0.8463481903657564
0.8471647715820299
0.8479352251220788
0.8489039100142985
0.8497208444446951
0.850336175907263
0.8508072002895023
0.8509823253047384
0.851397227137258
0.8523214987220675
0.8530713309115936
0.8538500815603869
0.8554680928222307
0.8565684912394607
0.8576755864874974
0.8586465301928645
0.8594411014237155
0.8602923971660559
0.8609748478690233
0.8615518543743684
0.8618047120693321
0.8623178603600752
0.8628376819632462
0.8634232847750383
0.8651446456321723
0.8660089551980736
0.8668314335343243
0.8677633227313097
0.8686769804813255
0.8694327833637979
0.8703492753525188
0.8711049336460729
0.871511992241683
0.8716814392428258
0.8720486232063969
0.8726330390941787
0.8738052835518385
0.8745902971769657
0.8755476590960604
0.8762442765475409
0.8771624328504857
0.8779428543323523
0.8784837511578811
0.8793685915018071
0.8801814782332763
0.8805950420340174
0.880873271397913
0.8811844839195324
0.8818569601618322
0.8825281654264734
0.8832322092599196
0.8838859531466576
0.8846420718308964
0.8853755049949739
0.8858459444149724
0.8867652236056414
0.8875156642757868
0.8879322804771206
0.8883879681863655
0.8884497857497076
0.8889916173383012
0.8893300169508441
0.8898054823685759
0.8903833089975783
0.8909692881464064
0.8920386600035242
0.8927687210034129
0.8934217118206133
0.8941750302652047
0.8946641850412363
0.8951710768744949
0.8955521183036628
0.8962803573627098
0.8964748837493969
0.8966681561579541
0.8968496452027017
0.897355108431684
0.8977200431187904
0.8981848045246958
0.8984227424016087
0.8988411910244636
0.8991880793714264
0.8995003542454999
0.8998256494619838
0.9006056946068145
0.9008715556446598
0.9009746599933195
0.9011431286956565
0.901462184454185
0.9019002426782299
0.9024280351076996
0.9027545843023134
0.9031025585201091
0.9036138073352118
0.9039720016557709
0.9043171586343902
0.9051197346905979
0.9055755064534913
0.9057865159192755
0.9061012146959602
0.906255348542487
0.9064526516504428
0.9069089913760476
0.9073749227064343
0.907828294085095
0.9085176702614359
0.9089270857055377
0.9092893277250241
0.9103996770845428
0.9109086531048024
0.9113519724879968
0.9118120171790857
0.9119424096718465
0.9121856492258167
0.9125365012180584
0.9129031672735084
0.9132109170584408
0.9136127985485499
0.9140480395334185
0.9144329605542166
0.915371314833891
0.9157816915772695
0.9160782194422543
0.91647836956402
0.9169261705006145
0.9170078498260922
0.9171093909137054
0.917417809714527
0.917988142907444
0.9184506550368848
0.918809501373804
0.9192559472790913
0.9201463985829912
0.9206174399647595
0.9209832117750523
0.9213674637799613
0.9217303748153368
0.9219401973571109
0.9220581374701728
0.9222088926336613
0.9225177047710481
0.9230278847148469
0.9235578253676038
0.9239674255230659
0.9249191764821868
0.9253005942483905
0.9256610038463562
0.9259603659500462
0.926372366489741
0.9267976395327917
0.9271716479165589
0.9274635836382832
0.9275594297122741
0.9280077750932019
0.9283359716025104
0.9287940596959877
0.9295996881527882
0.9302051527267158
0.9307436056322711
0.931174990543888
0.9314878333806731
0.9319873593672358
0.9322627950103338
0.9324374596348854
0.9326833918564756
0.9328268887452956
0.9332248736442451
0.9334805485783851
0.9345227098262007
0.9349523228515665
0.9353480319378396
0.9358333071222408
0.9362407825727945
0.9365569370384984
0.9368511050371583
0.9372240340689422
0.9375011340262642
0.9377936547102292
0.9379354202307058
0.9382098105208785
0.938899664087433
0.9391009308406676
0.9394778405172592
0.9397957934054262
0.9402011206326929
0.940594513388382
0.9409650590354622
0.9412644211391523
0.9416380361863544
0.9419219605638725
0.942022748581948
0.9421938428977856
0.9425220394070943
0.9426881077251988
0.9430292170048908
0.9433292481244702
0.9438905246202556
0.9442261475115299
0.9447153022875614
0.9450389501893505
0.9453389813089297
0.9457749148280661
0.9459771598801063
0.9460315510614827
0.9463853043465493
0.9465326808269996
0.9466001934039641
0.9468665723499305
0.9471107732031776
0.9474650709325771
0.9477491634173921
0.9480643225847611
0.9483251746244025
0.9486433361377739
0.9487719972621913
0.9489403819108798
0.9491874605385728
0.9492418517199492
0.9492814911905718
0.9494322463540603
0.9495915573060882
0.9497491368897729
0.9499866814301209
0.9502994572127865
0.950470158192059
0.9506504337765843
0.950923654142276
0.951168507011883
0.9516661335228055
0.9519822039348609
0.952061482876106
0.9521034386773126
0.9522048957112773
0.9523903484013038
0.9526090765324414
0.9528999499017115
0.9530830022075054
0.9532462768048123
0.9535758449494918
0.9537424982298369
0.9542408107561775
0.954382576276654
0.9545882840653811
0.9547559996981805
0.9547996868677304
0.9548937175197295
0.9550388617232441
0.9552387904447005
0.9554608972588763
0.9556563849448401
0.9558921981168447
0.9561585770628112
0.9564902363088066
0.9565950720258095
0.9567418635440191
0.9569266472181565
0.9570394942793659
0.9571040215098571
0.9572632484082366
0.9573647054422013
0.9575779471849212
0.9577241537408901
0.9580137731320304
0.9581350919281306
0.958655975883756
0.9589264025286499
0.9591457996756766
0.9593754169254667
0.9596594253566332
0.9597880864810506
0.9598277259516732
0.9599111366454942
0.9600637072309748
0.9604129959621701
0.9605319984276863
0.960821032856586
0.9612278392912507
0.9614291060444852
0.9615941120101354
0.9618248151307583
0.9619500975721376
0.962126409511384
0.9622312452283869
0.9623565276697661
0.9624607784245285
0.9626274317048737
0.9628552335326719
0.9630014400886407
0.9633857356292906
0.9635319421852596
0.9637009117961889
0.9638715287218129
0.9640925731835346
0.9642485054525243
0.9644373368255891
0.9645744696848974
0.964612461840825
0.9647814314517542
0.9651791811892874
0.9653424557865942
0.9657632207400331
0.9659757934668638
0.9662415874505895
0.9664082407309348
0.9667580303707223
0.9668447356939333
0.9669916112657913
0.9671145773765865
0.9672012826997973
0.9672822930093858
0.9674711243824505
0.9676139522553813
0.9679273970539362
0.9681053563078774
0.9683258998610068
0.9684647640886586
0.9685878142531021
0.9687822565861408
0.9688830446042163
0.968966371244389
0.9691528022332212
0.9692798160429437
0.9693013251197741
0.9693409645903966
0.9695570000539142
0.969687392546675
0.9699339937841546
0.9700933047361825
0.9703534877599345
0.9705977726668298
0.9708040654177977
0.9709128647800795
0.9711117311490817
0.9711678536988015
0.9712726894158045
0.9712908198095966
0.9714624990876749
0.9715928745809067
0.9717282760718717
0.9719617559137632
0.9720848060782068
0.9721913731635532
0.9722968778964454
0.9724397057693761
0.9725802173117227
0.9727910586702102
0.9729164251652378
0.972998020437067
0.9731363232208567
0.9731561849829923
0.9732542633339187
0.9733772294447138
0.9735375186955475
0.9735936412452674
0.9736537274402661
0.973849901141648
0.9740290738558115
0.9743056559050123
0.9744230110558337
0.9745143490402127
0.9746322050996261
0.9747064580431382
0.9747699229211751
0.9748079150771028
0.9748890094403398
0.9750012545397796
0.9751753342020905
0.975213326358018
0.9753402561140921
0.9754178877406424
0.9755085567091322
0.9756701839917443
0.9758435776386369
0.9759609327894584
0.9760476381126691
0.9760476381126691
0.9760872775832917
0.9761888186709049
0.9762687666280393
0.9763503618998685
0.9765845277571781
0.9766446139521768
0.9768945938726946
0.9769342333433171
0.9771859446321782
0.9773128743882524
0.9773905900684512
0.9773905900684512
0.9773905900684512
0.9774449812498276
0.9774886684193775
0.9776552376460743
0.9778201595580761
0.9779630714846552
0.9780265363626923
0.9781076307259293
0.9785547456471057
0.9786562026810703
0.9787536120161077
0.978853337681729
0.9788913298376568
0.9789525624387583
0.9789978969230031
0.9790614458546887
0.9791266421010691
0.9792139323865205
0.9793369825509642
0.9794021787973447
0.979582497917611
0.9796476941639913
0.9796890650029573
0.9797451875526771
0.9798013101023969
0.9799225448448488
0.9799678793290937
0.979989388405924
0.980033075575474
0.9801146708473033
0.9802938435614668
0.980415162357567
0.9805172043537724
0.980616345057153
0.9807591729300837
0.9807988124007064
0.9809637343127081
0.9810815903721217
0.9811235461733283
0.981161538329256
0.981161538329256
0.9812624104009801
0.9813689774863265
0.9814556828095372
0.9817566922279222
0.9819607527019544
0.9821246122615019
0.9822715718870086
0.9823112113576311
0.9824018803261209
0.9825651549234279
0.9826088420929778
0.9826689282879766
0.9827431812314886
0.9828010351495519
0.9828645840812373
0.9830295900468876
0.983195658364992
0.9833820893538243
0.9836122075122065
0.9837517407557475
0.9838752918287832
0.9839619971519942
0.9841111050007878
0.9842358024799264
0.9842573115567568
0.9842754419505488
0.9843173977517555
0.984378630352857
0.9844387165478558
0.9844998650953087
0.9845650613416892
0.9846772393870094
0.9848331046018796
0.9849147839273573
0.9849748701223561
0.9850541490636012
0.985110271613321
0.9851720891766632
0.9852315904094213
0.9853347788117295
0.9853767346129361
0.98547760668466
0.9856068527713182
0.9857701273686252
0.9858658893889676
0.985945837346102
0.9860382206834061
0.986079591522372
0.9861034169297864
0.986127242337201
0.9861510677446154
0.9862525247785802
0.9862525247785802
0.9862740338554106
0.9863136733260331
0.9863754908893754
0.9864588175295479
0.9866248017940038
0.9866610625815881
0.9867222111290411
0.9868271308996927
0.9868651230556204
0.9869326356325848
0.9869740064715508
0.9870136459421733
0.9870573331117233
0.987095325267651
0.987139012437201
0.987198513669959
0.9872818403101318
0.9873510002017911
0.9874762826431702
0.9875601942455836
0.9876230741613798
0.9877007057879302
0.9878203772693356
0.9878402390314711
0.987881609870437
0.9879031189472675
0.9879031189472675
0.9879393797348518
0.9879608888116822
0.9879823978885126
0.9880657245286852
0.9881110590129301
0.9881688288773448
0.9883173517638979
0.9884188087978626
0.9884624959674125
0.9884806263612047
0.9885044517686192
0.9885259608454496
0.9885440912392417
0.9886052397866947
0.9886432319426224
0.9886613623364146
0.9887441040143464
0.9887860598155531
0.988864276404344
0.9889623547552705
0.9890202086733337
0.9891035353135065
0.9891454911147131
0.989186861953679
0.9892231227412633
0.9892446318180936
0.9892446318180936
0.9893041330508519
0.9893041330508519
0.9893858123763295
0.9894708703848454
0.9895575757080562
0.9896052265228853
0.9896670440862274
0.989730593017913
0.9897867155676328
0.9898286713688395
0.9898501804456697
0.9898501804456697
0.9898938676152198
0.9899550161626728
0.9900202124090531
0.9900599359333242
0.9901654406662164
0.9902073964674231
0.9902635190171428
0.9903666233658025
0.9903666233658025
0.9903666233658025
0.990386485127938
0.9904079942047685
0.9904295032815988
0.9904708741205648
0.9905105135911874
0.99063752740091
0.9908189323920091
0.9908966480722078
0.9909601129502449
0.9910014837892108
0.9910660110197022
0.9910841414134942
0.9911022718072864
0.9911221335694219
0.9911832821168749
0.991246746994912
0.9912847391508397
0.991364687107974
0.9914696068786254
0.991530839479727
0.9915852306611034
0.9916486955391405
0.9916849563267248
0.9918103228217524
0.9918103228217524
0.9918103228217524
0.991849962292375
0.9919078162104382
0.9919491870494042
0.9919491870494042
0.9919491870494042
0.9920291350065384
0.9920887202929451
0.9921736942478128
0.9921918246416048
0.9922717725987391
0.9923278951484589
0.992408989511696
0.992408989511696
0.992408989511696
0.992427119905488
0.9925070678626224
0.992546707333245
0.9925682164100754
0.9925920418174898
0.9925920418174898
0.9926396926323188
0.9927377709832452
0.9928159875720362
0.9928590057256971
0.9928805148025275
0.9929258492867724
0.9929926928478476
0.9930323323184702
0.9930521940806057
0.9930737031574361
0.9931150739964022
0.9931547975206733
0.9931547975206733
0.9931984846902232
0.9932381241608458
0.9932743849484301
0.9933321548128449
0.9933973510592252
0.9934172128213608
0.9934172128213608
0.9934172128213608
0.9934370745834964
0.9934370745834964
0.9934914657648728
0.9935129748417033
0.9935129748417033
0.9936574500293287
0.993675580423121
0.9936954421852564
0.9937169512620869
0.9937565907327095
0.9937565907327095
0.9937928515202938
0.9938365386898438
0.9938580477666743
0.9938580477666743
0.9938795568435046
0.9938795568435046
0.9939191963141272
0.9939390580762628
0.9939787816005339
0.9940224687700839
0.9940644245712905
0.9941550935397803
0.9942145947725384
0.9942145947725384
0.9942327251663305
0.9942723646369531
0.9942723646369531
0.9942961900443676
0.994317699121198
0.994317699121198
0.9943392081980285
0.994381163999235
0.9944231198004416
0.9944611119563693
0.9944849373637838
0.9945427072281986
0.994610219805163
0.994610219805163
0.994651590644129
0.994651590644129
0.994651590644129
0.9946754160515434
0.994695277813679
0.9947389649832289
0.9947627903906434
0.9947627903906434
0.99480474619185
0.9948262552686804
0.9948262552686804
0.9948262552686804
0.9948262552686804
0.9948500806760949
0.9948500806760949
0.9948500806760949
0.9948914515150609
0.9949129605918914
0.9949129605918914
0.994950952747819
0.9949690831416111
0.9950500934511997
0.9950500934511997
0.9950682238449918
0.9950897329218222
0.9951095946839578
0.9951095946839578
0.9951095946839578
0.9951095946839578
0.9951334200913723
0.9951549291682027
0.9951549291682027
0.9952150153632014
0.9952150153632014
0.9952587025327514
0.9952587025327514
0.9952587025327514
0.9953238987791319
0.9953867786949282
0.9953867786949282
0.9954082877717587
0.9954281495338944
0.9954480112960298
0.9954718367034443
0.9954956621108588
0.9954956621108588
0.9954956621108588
0.9955336542667865
0.9955336542667865
0.9955336542667865
0.9955773414363365
0.9955773414363365
0.9955773414363365
0.9955988505131668
0.9956187122753024
0.9956402213521328
0.9956997225848909
0.9956997225848909
0.9957450570691357
0.9957688824765503
0.9957688824765503
0.9957688824765503
0.9958119006302112
0.9958119006302112
0.995857235114456
0.9958770968765915
0.9958770968765915
0.9958770968765915
0.995898605953422
0.9959167363472141
0.9959167363472141
0.9959167363472141
0.9959564598714852
0.9959944520274129
0.9959944520274129
0.9960143137895484
0.9960381391969628
0.9960596482737933
0.9960596482737933
0.9960596482737933
0.9961423899517252
0.9961605203455173
0.9961605203455173
0.9961605203455173
0.9961786507393094
0.9962454943003848
0.9962454943003848
0.9962454943003848
0.9962454943003848
0.9962851337710074
0.9962851337710074
0.9962851337710074
0.9963089591784219
0.9963089591784219
0.9963089591784219
0.9963899694880104
0.9964098312501459
0.9964098312501459
0.9964098312501459
0.9964098312501459
0.9964313403269763
0.9964494707207685
0.9964931578903184
0.9964931578903184
0.9964931578903184
0.9965112882841106
0.9965509277547332
0.9965509277547332
0.9965724368315637
0.9965724368315637
0.9965905672253558
0.9965905672253558
0.9966120763021863
0.9966302066959783
0.9966863292456982
0.9967277000846642
0.9967277000846642
0.9967277000846642
0.9967277000846642
0.9967277000846642
0.9967492091614946
0.9967492091614946
0.9967492091614946
0.9967673395552867
0.9967854699490789
0.9968432398134937
0.9968851956147002
0.9968851956147002
0.9969906162939439
0.9969906162939439
0.9970302557645665
0.9970302557645665
0.9970302557645665
0.9970483861583587
0.9970665165521507
0.9971084723533574
0.9971957626388089
0.9971957626388089
0.9971957626388089
0.9972377184400155
0.9972558488338077
0.9972773579106381
0.9972988669874685
0.997322692394883
0.997322692394883
0.997322692394883
0.997322692394883
0.997322692394883
0.997322692394883
0.9973425541570186
0.9973878886412635
0.9974077504033991
0.9974276121655345
0.9974276121655345
0.9974491212423651
0.9974672516361571
0.9975068911067797
0.9975068911067797
0.99752840018361
0.99752840018361
0.99752840018361
0.9975680396542326
0.9975918650616471
0.9976117268237827
0.9976315885859182
0.9976554139933327
0.9976735443871247
0.9977155001883313
0.9977591873578815
0.9977591873578815
0.9977773177516736
0.9977773177516736
0.9977773177516736
0.9977773177516736
0.9977971795138091
0.9977971795138091
0.9978369030380801
0.9978369030380801
0.9978369030380801
0.9978584121149107
0.9978782738770462
0.9978782738770462
0.9978782738770462
0.9978782738770462
0.9979219610465963
0.9979457864540107
0.9979639168478028
0.9979639168478028
0.9979854259246332
0.9979854259246332
0.9979854259246332
0.9980052876867688
0.9980432798426965
0.9980869670122465
0.9981050974060386
0.9981050974060386
0.9981050974060386
0.9981413581936229
0.9981413581936229
0.9981413581936229
0.9981413581936229
0.9981413581936229
0.9981594885874151
0.9981776189812073
0.9981776189812073
0.9981776189812073
0.9981991280580377
0.9981991280580377
0.9982172584518298
0.9982172584518298
0.9982410838592443
0.9982410838592443
0.9982410838592443
0.9982410838592443
0.9982625929360747
0.9982864183434892
0.9982864183434892
0.9982864183434892
0.9983062801056247
0.9983062801056247
0.9983062801056247
0.9983244104994168
0.9983244104994168
0.9983720613142457
0.9984100534701734
0.9984100534701734
0.9984100534701734
0.9984100534701734
0.998429915232309
0.998429915232309
0.998429915232309
0.998429915232309
0.998429915232309
0.998429915232309
0.998429915232309
0.9984497769944445
0.9984679073882367
0.9984679073882367
0.9984679073882367
0.9984679073882367
0.9984679073882367
0.9984679073882367
0.9984679073882367
0.9984679073882367
0.9984679073882367
0.9984679073882367
0.9984679073882367
0.9984679073882367
0.9984860377820288
0.9984860377820288
0.9984860377820288
0.9985098631894433
0.9985098631894433
0.9985098631894433
0.9985098631894433
0.9985313722662738
0.9985313722662738
0.9985528813431042
0.9985528813431042
0.9985528813431042
0.9985982158273491
0.9986180775894846
0.9986180775894846
0.9986180775894846
0.998639586666315
0.998639586666315
0.998639586666315
0.9986610957431454
0.9986610957431454
0.9986610957431454
0.9986610957431454
0.998680957505281
0.9987008192674165
0.9987008192674165
0.9987223283442469
0.9987223283442469
0.9987223283442469
0.9987223283442469
0.9987223283442469
0.9987223283442469
0.9987223283442469
0.9987404587380391
0.9987642841454535
0.9987642841454535
0.9987642841454535
0.9987857932222839
0.9988039236160761
0.9988039236160761
0.9988039236160761
0.9988039236160761
0.9988039236160761
0.9988039236160761
0.9988039236160761
0.9988039236160761
0.9988039236160761
0.9988237853782116
0.9988237853782116
0.9988237853782116
0.9988237853782116
0.9988452944550421
0.9988452944550421
0.9988452944550421
0.9988452944550421
0.9988452944550421
0.9988452944550421
0.9988634248488342
0.9989053806500408
0.9989416414376251
0.9989615031997607
0.9989615031997607
0.9989615031997607
0.9989615031997607
0.9989830122765913
0.9989830122765913
0.9989830122765913
0.9990227358008623
0.9990227358008623
0.9990227358008623
0.9990227358008623
0.9990227358008623
0.9990227358008623
0.999082821995861
0.999082821995861
0.999082821995861
0.999082821995861
0.999082821995861
0.999082821995861
0.999082821995861
0.999082821995861
0.999082821995861
0.999082821995861
0.999082821995861
0.999082821995861
0.999082821995861
0.999082821995861
0.999082821995861
0.9991066474032755
0.9991066474032755
0.9991066474032755
0.9991066474032755
0.9991066474032755
0.9991066474032755
0.9991066474032755
0.9991247777970675
0.9991247777970675
0.9991247777970675
0.9991247777970675
0.9991247777970675
0.9991247777970675
0.9991247777970675
0.9991684649666175
0.9991684649666175
0.9991684649666175
0.9991684649666175
0.9991684649666175
0.9991684649666175
0.9991684649666175
0.999189974043448
0.999189974043448
0.9992137994508625
0.9992137994508625
0.9992137994508625
0.999237624858277
0.9992591339351073
0.9992591339351073
0.9992591339351073
0.9992591339351073
0.9992591339351073
0.9992591339351073
0.9992772643288994
0.9992772643288994
0.9992772643288994
0.9992772643288994
0.9992772643288994
0.9992772643288994
0.9992987734057299
0.9992987734057299
0.9992987734057299
0.9992987734057299
0.9992987734057299
0.9992987734057299
0.9992987734057299
0.9992987734057299
0.9992987734057299
0.9992987734057299
0.9992987734057299
0.9992987734057299
0.9992987734057299
0.9992987734057299
0.9992987734057299
0.9992987734057299
0.9992987734057299
0.9992987734057299
0.9992987734057299
0.9992987734057299
0.999316903799522
0.999316903799522
0.999316903799522
0.999316903799522
0.999316903799522
0.999316903799522
0.999316903799522
0.999316903799522
0.999316903799522
0.999316903799522
0.999316903799522
0.999316903799522
0.999316903799522
0.999316903799522
0.999316903799522
0.9993350341933143
0.9993350341933143
0.9993588596007288
0.9993588596007288
0.9993588596007288
0.9993588596007288
0.9993588596007288
0.9993588596007288
0.9993588596007288
0.9993588596007288
0.9993588596007288
0.9993588596007288
0.9993588596007288
0.9993588596007288
0.9993588596007288
0.9993588596007288
0.9993588596007288
0.9993588596007288
0.9993588596007288
0.9993588596007288
0.9993803686775591
0.9993803686775591
0.9993803686775591
0.9993803686775591
0.9993803686775591
0.9993803686775591
0.9993803686775591
0.9993803686775591
0.9993803686775591
0.9993803686775591
0.9993803686775591
0.9993803686775591
0.9993803686775591
0.9994041940849736
0.9994257031618039
0.9994257031618039
0.9994257031618039
0.9994257031618039
0.9994257031618039
0.9994257031618039
0.9994257031618039
0.9994257031618039
0.9994257031618039
0.9994257031618039
0.9994257031618039
0.9994257031618039
0.9994257031618039
0.9994257031618039
0.9994257031618039
0.9994257031618039
0.9994257031618039
0.9994257031618039
0.9994257031618039
0.9994257031618039
0.9994257031618039
0.9994257031618039
0.9994257031618039
0.9994257031618039
0.9994257031618039
0.9994257031618039
0.9994257031618039
0.9994257031618039
0.9994472122386344
0.9994472122386344
0.9994472122386344
0.9994710376460489
0.9994710376460489
0.9994710376460489
0.9994710376460489
0.9994710376460489
0.9994710376460489
0.9994710376460489
0.9994710376460489
0.9994710376460489
0.9994710376460489
0.9994710376460489
0.9994710376460489
0.9994908994081846
0.9994908994081846
0.9995124084850149
0.9995124084850149
0.9995124084850149
0.9995124084850149
0.9995124084850149
0.9995124084850149
0.9995124084850149
0.9995124084850149
0.9995124084850149
0.9995124084850149
0.9995124084850149
0.9995124084850149
0.9995322702471504
0.9995322702471504
0.9995322702471504
0.9995322702471504
0.9995322702471504
0.9995322702471504
0.9995504006409426
0.9995504006409426
0.9995504006409426
0.9995504006409426
0.9995504006409426
0.9995504006409426
0.9995504006409426
0.9995504006409426
0.9995504006409426
0.9995504006409426
0.9995504006409426
0.9995504006409426
0.9995504006409426
0.9995504006409426
0.9995504006409426
0.9995702624030781
0.9995702624030781
0.9995702624030781
0.9995702624030781
0.9995702624030781
0.9995702624030781
0.9995702624030781
0.9995702624030781
0.9995702624030781
0.9995702624030781
0.9995702624030781
0.9995702624030781
0.9995702624030781
0.9995702624030781
0.9995702624030781
0.9995702624030781
0.9995702624030781
0.9995702624030781
0.9995702624030781
0.9995702624030781
0.9995702624030781
0.9995702624030781
0.9995702624030781
0.9995702624030781
0.9995702624030781
0.9995702624030781
0.9995940878104925
0.9995940878104925
0.9996139495726281
0.9996139495726281
0.9996139495726281
0.9996139495726281
0.9996139495726281
0.9996139495726281
0.9996502103602124
0.9996502103602124
0.9996683407540047
0.9996683407540047
0.9996683407540047
0.9996683407540047
0.9996683407540047
0.9996683407540047
0.9996683407540047
0.9996683407540047
0.9996683407540047
0.9996683407540047
0.9996683407540047
0.9996683407540047
0.9996683407540047
0.9996898498308351
0.9996898498308351
0.9997136752382495
0.999733537000385
0.9997516673941772
0.9997516673941772
0.9997516673941772
0.9997516673941772
0.9997516673941772
0.9997516673941772
0.9997516673941772
0.9997516673941772
0.9997516673941772
0.9997516673941772
0.9997516673941772
0.9997516673941772
0.9997516673941772
0.9997516673941772
0.9997516673941772
0.9997516673941772
0.9997516673941772
0.9997516673941772
0.9997516673941772
0.9997715291563127
0.9997953545637271
0.9997953545637271
0.9997953545637271
0.9997953545637271
0.9998168636405576
0.9998168636405576
0.9998168636405576
0.9998168636405576
0.9998168636405576
0.9998168636405576
0.9998168636405576
0.9998168636405576
0.9998168636405576
0.9998168636405576
0.9998168636405576
0.9998168636405576
0.9998168636405576
0.9998168636405576
0.9998168636405576
0.9998168636405576
0.9998168636405576
0.9998168636405576
0.9998168636405576
0.9998168636405576
0.9998168636405576
0.9998406890479721
0.9998406890479721
0.9998406890479721
0.9998621981248025
0.9998621981248025
0.9998621981248025
0.9998621981248025
0.9998621981248025
0.9998621981248025
0.9998621981248025
0.9998803285185947
0.9998803285185947
0.9999001902807302
0.9999001902807302
0.9999001902807302
0.9999001902807302
0.9999001902807302
0.9999001902807302
0.9999001902807302
0.9999001902807302
0.9999001902807302
0.9999001902807302
0.9999001902807302
0.9999001902807302
0.9999001902807302
0.9999001902807302
0.9999001902807302
0.9999001902807302
0.9999001902807302
0.9999001902807302
0.9999001902807302
0.9999001902807302
0.9999001902807302
0.9999001902807302
0.9999001902807302
0.9999001902807302
0.9999001902807302
0.9999001902807302
0.9999001902807302
0.9999001902807302
0.9999001902807302
0.9999001902807302
0.9999001902807302
0.9999001902807302
0.9999001902807302
0.9999001902807302
0.9999001902807302
0.9999001902807302
0.9999001902807302
0.9999001902807302
0.9999001902807302
0.9999001902807302
0.9999001902807302
0.9999001902807302
0.9999001902807302
0.9999001902807302
0.9999001902807302
0.9999001902807302
0.9999200520428657
0.9999200520428657
0.9999200520428657
0.9999200520428657
0.9999200520428657
0.9999200520428657
0.9999200520428657
0.9999200520428657
0.9999200520428657
0.9999200520428657
0.9999200520428657
0.9999200520428657
0.9999200520428657
0.9999200520428657
0.9999200520428657
0.9999200520428657
0.9999200520428657
0.9999200520428657
0.9999200520428657
0.9999200520428657
0.9999200520428657
0.9999200520428657
0.9999200520428657
0.9999200520428657
0.9999200520428657
0.9999200520428657
0.9999200520428657
0.9999200520428657
0.9999200520428657
0.9999200520428657
0.9999200520428657
0.9999200520428657
0.9999200520428657
0.9999200520428657
0.9999200520428657
0.9999200520428657
0.9999200520428657
0.9999200520428657
0.9999200520428657
0.9999200520428657
0.9999200520428657
0.9999200520428657
0.9999200520428657
0.9999200520428657
0.9999200520428657
0.9999200520428657
0.9999200520428657
0.9999200520428657
0.9999200520428657
0.9999200520428657
0.9999200520428657
0.9999200520428657
0.9999200520428657
0.9999200520428657
0.9999200520428657
0.9999200520428657
0.9999200520428657
0.9999200520428657
0.9999200520428657
0.9999200520428657
0.9999200520428657
0.9999200520428657
0.9999200520428657
0.9999200520428657
0.9999200520428657
0.9999200520428657
0.9999381824366579
0.9999381824366579
0.9999381824366579
0.9999381824366579
0.9999381824366579
0.9999381824366579
0.9999381824366579
0.9999381824366579
0.9999381824366579
0.9999381824366579
0.9999620078440723
0.9999620078440723
0.9999620078440723
0.9999620078440723
0.9999620078440723
0.9999620078440723
0.9999620078440723
0.9999620078440723
0.9999620078440723
0.9999620078440723
0.9999620078440723
0.9999620078440723
0.9999620078440723
0.9999620078440723
0.9999620078440723
0.9999620078440723
0.9999620078440723
0.9999620078440723
0.9999620078440723
0.9999620078440723
0.9999620078440723
0.9999620078440723
0.9999620078440723
0.9999620078440723
0.9999620078440723
0.9999620078440723
0.9999620078440723
0.9999620078440723
0.9999620078440723
0.9999620078440723
0.9999620078440723
0.9999620078440723
0.9999620078440723
0.9999620078440723
0.9999620078440723
0.9999620078440723
0.9999620078440723
0.9999620078440723
0.9999620078440723
0.9999620078440723
0.9999620078440723
0.9999620078440723
0.9999620078440723
0.9999620078440723
0.9999620078440723
0.9999620078440723
0.9999620078440723
0.9999620078440723
0.9999620078440723
0.9999620078440723
0.9999620078440723
0.9999620078440723
0.9999620078440723
0.9999620078440723
0.9999620078440723
0.9999620078440723
0.9999620078440723
0.9999620078440723
0.9999620078440723
0.9999620078440723
0.9999620078440723
0.9999620078440723
0.9999620078440723
0.9999620078440723
0.9999620078440723
0.9999620078440723
0.9999620078440723
0.9999620078440723
0.9999620078440723
0.9999620078440723
0.9999620078440723
0.9999620078440723
0.9999620078440723
0.9999620078440723
0.9999620078440723
0.9999620078440723
0.9999620078440723
0.9999620078440723
0.9999620078440723
0.9999620078440723
0.9999620078440723
0.9999620078440723
0.9999620078440723
0.9999620078440723
0.9999620078440723
0.9999620078440723
0.9999620078440723
0.9999620078440723
0.9999620078440723
0.9999620078440723
0.9999620078440723
0.9999818696062078
0.9999818696062078
0.9999818696062078
0.9999818696062078
0.9999818696062078
0.9999818696062078
0.9999818696062078
0.9999818696062078
0.9999818696062078
0.9999818696062078
0.9999818696062078
0.9999818696062078
0.9999818696062078
0.9999818696062078
0.9999818696062078
0.9999818696062078
0.9999818696062078
0.9999818696062078
0.9999818696062078
0.9999818696062078
0.9999818696062078
0.9999818696062078
0.9999818696062078
0.9999818696062078
0.9999818696062078
0.9999818696062078
0.9999818696062078
0.9999818696062078
0.9999818696062078
0.9999818696062078
0.9999818696062078
0.9999818696062078
0.9999818696062078
0.9999818696062078
0.9999818696062078
0.9999818696062078
0.9999818696062078
0.9999818696062078
0.9999818696062078
0.9999818696062078
0.9999818696062078
0.9999818696062078
0.9999818696062078
0.9999818696062078
0.9999818696062078
0.9999818696062078
0.9999818696062078
0.9999818696062078
0.9999818696062078
0.9999818696062078
0.9999818696062078
0.9999818696062078
0.9999818696062078
0.9999818696062078
0.9999818696062078
0.9999818696062078
0.9999818696062078
0.9999818696062078
0.9999818696062078
0.9999818696062078
0.9999818696062078
0.9999818696062078
0.9999818696062078
0.9999818696062078
0.9999818696062078
0.9999818696062078
0.9999818696062078
0.9999818696062078
0.9999818696062078
0.9999818696062078
0.9999818696062078
0.9999818696062078
0.9999818696062078
0.9999818696062078
0.9999818696062078
0.9999818696062078
0.9999818696062078
0.9999818696062078
0.9999818696062078
0.9999818696062078
0.9999818696062078
0.9999818696062078
0.9999818696062078
0.9999818696062078
0.9999818696062078
0.9999818696062078
0.9999818696062078
0.9999818696062078
0.9999818696062078
0.9999818696062078
0.9999818696062078
0.9999818696062078
0.9999818696062078
0.9999818696062078
0.9999818696062078
0.9999818696062078
0.9999818696062078
0.9999818696062078
0.9999818696062078
0.9999818696062078
0.9999818696062078
0.9999818696062078
0.9999818696062078
0.9999818696062078
0.9999818696062078
0.9999818696062078
0.9999818696062078
0.9999818696062078
0.9999818696062078
0.9999818696062078
0.9999818696062078
0.9999818696062078
0.9999818696062078
0.9999818696062078
0.9999818696062078
1.0
1.0
