0.00392015392015392
0.008152341485674819
0.011347757181090514
0.01830510959298838
0.026776183973153667
0.03171985141682111
0.03855745825442796
0.04858531804305329
0.05361917307690832
0.06297110061065402
0.06863761423171309
0.07144345037088257
0.08399583389615285
0.08578293568325462
0.09216473614400246
0.0977017496355614
0.10184575377956553
0.10409581852963029
0.10899575865684315
0.11176151142259591
0.11579867795976245
0.11995445484281206
0.1252061055490082
0.1252061055490082
0.13426309793933394
0.13842174793131726
0.14162040112997046
0.1436610092311846
0.1436610092311846
0.14960676101026976
0.15305568301979783
0.15368699615111095
0.1556510814485296
0.15710098720465543
0.16003946287040383
0.16095773651595022
0.16910598969539764
0.17335359394300187
0.17550005858946652
0.17945906254847044
0.18182773764441829
0.1837591395758202
0.1863609149048683
0.19072271472121358
0.19389183280261238
0.19603829744907703
0.20270267684072912
0.20522792936598164
0.21365397301929803
0.21529374738634519
0.22185889940604267
0.22520422131197068
0.2305470827154381
0.2361685235641517
0.23876392199288343
0.24189732943251094
0.24475928229446378
0.250543060805515
0.2553043489001364
0.25608134967713725
0.26213707846013873
0.2638971029474359
0.27091169329535963
0.27709630554057796
0.27854670699097944
0.28114848232002754
0.2862725566626027
0.28774562063566667
0.29128097417102017
0.29521290083021956
0.297008635959288
0.297008635959288
0.30344209159060465
0.3074972956458087
0.31145629960481264
0.31338467426045996
0.31758541179453076
0.3232632024603598
0.3265640682612255
0.3321400298977932
0.3355771791682758
0.33629867988977646
0.3389485552669246
0.34499115596193175
0.3497271606979364
0.35387852280384396
0.3582556271809484
0.3645914952146773
0.36884645742418487
0.3725976445087053
0.3767620547337216
0.3802430434419831
0.3824283581272978
0.3859674677270133
0.38910137086091645
0.3907201224796681
0.3963335466536983
0.3994674497876014
0.40223757528499965
0.4044094774569018
0.4081191936666181
0.41604803014409897
0.4188452329413018
0.420949610045679
0.4236432127392816
0.42967350399684556
0.43114656796990947
0.43114656796990947
0.4386105306923392
0.4464138945563093
0.4532106321298551
0.4557205800943485
0.46124283561660423
0.46450136160240285
0.46619663602495
0.4698786582675783
0.47149740988633
0.474610248226441
0.4794965235672617
0.4800281556778412
0.4887590431966075
0.4946193445114544
0.49553761815700076
0.5005881232075058
0.5035536761730588
0.5048116774310601
0.5110320003180495
0.5144471037331532
0.5144471037331532
0.5184227577088072
0.524178397889581
0.524178397889581
0.5332096584359931
0.5346455863425092
0.5376197726500289
0.5397014872317435
0.5404229879532442
0.5421064896367459
0.5455844510692527
0.5490668272789017
0.5541061991244938
0.5581146485874886
0.5592690497418897
0.5592690497418897
0.5644772674501075
0.5655996019057753
0.5655996019057753
0.5671912762247223
0.5689513007120196
0.5701563334959997
0.5722380480777143
0.5731563217232607
0.5751969298244748
0.5766052437327888
0.5788553084828535
0.5797735821283998
0.5857120880669058
0.5857120880669058
0.5863434011982189
0.5863434011982189
0.5880269028817207
0.5903185594795973
0.5913286604896983
0.5930886849769956
0.5959506378389484
0.5967923886806993
0.6005930212692108
0.6040636247398141
0.6074650633685255
0.6083833370140718
0.6083833370140718
0.6083833370140718
0.609778238408973
0.6107883394190742
0.6138390485303893
0.6147573221759356
0.6153886353072487
0.6168390367576502
0.6205902238421706
0.6205902238421706
0.624160012639232
0.625427590377398
0.625427590377398
0.6268779918277995
0.6288981938480015
0.6305816955315032
0.6305816955315032
0.6321312823083627
0.6321312823083627
0.6321312823083627
0.6362078355827769
0.6362078355827769
0.6388841715924463
0.6412410739493486
0.6433648760731507
0.6433648760731507
0.6433648760731507
0.6433648760731507
0.6433648760731507
0.6468568287629644
0.6487006639401328
0.6525166010894032
0.6535267020995043
0.6544449757450507
0.6582233611023833
0.6606191134981357
0.6614608643398867
0.6630241159031383
0.6645152173942398
0.6645152173942398
0.6655253184043408
0.6661987190777414
0.6688004944067896
0.6704957688293367
0.6713375196710876
0.6721792705128383
0.6737425220760899
0.6746607957216362
0.676173246431948
0.6804793359653101
0.6820980875840618
0.6835484890344632
0.6835484890344632
0.6835484890344632
0.6860855142987612
0.687937366150613
0.6897244679377147
0.6897244679377147
0.6921578930984127
0.6929996439401636
0.6945628955034153
0.6951942086347285
0.7003964138369335
0.7003964138369335
0.7013146874824798
0.702324788492581
0.702324788492581
0.702324788492581
0.7036715898393822
0.7043449905127829
0.7093004306954958
0.7093004306954958
0.7110604551827929
0.7110604551827929
0.7145039813535919
0.7183112851608958
0.7207070375566482
0.7227476456578623
0.723469146379363
0.7243108972211137
0.7257608029772397
0.7273240545404912
0.7307238533948356
0.7353933141249024
0.7371533386121996
0.7389133630994967
0.7405050374184438
0.7437918740386139
0.745431648405661
0.7478003235016089
0.752856224390843
0.7534875375221561
0.7546098719778239
0.7546098719778239
0.7563698964651211
0.7589987490939737
0.7643067308725437
0.76522500451809
0.7691445417709607
0.7716277067541257
0.7748824766755623
0.7758007503211085
0.7765777510981093
0.7781273378749687
0.7786083383559692
0.7786083383559692
0.780444885647062
0.7812218864240629
0.7835787887809651
0.784420539622716
0.7862076414098178
0.7868810420832184
0.7897276903844122
0.7897276903844122
0.7897276903844122
0.791579542236264
0.791579542236264
0.791579542236264
0.7921737193010292
0.7921737193010292
0.7921737193010292
0.7921737193010292
0.7932860329133429
0.7941277837550939
0.7949047845320947
0.7959148855421956
0.7969249865522965
0.7978432601978429
0.798853361207944
0.7998634622180449
0.8020279643825472
0.803781611969528
0.803781611969528
0.8044129251008412
0.8050442382321543
0.806166572687822
0.807806347054869
0.8084376601861821
0.8090689733174952
0.8090689733174952
0.809742373990896
0.8121757991515938
0.8135226004983952
0.8152061021818969
0.8152061021818969
0.8152061021818969
0.8161243758274433
0.8161243758274433
0.8161243758274433
0.8161243758274433
0.8167556889587565
0.8167556889587565
0.8167556889587565
0.8175974398005073
0.8184391906422582
0.8184391906422582
0.819561525097926
0.8211802767166778
0.8211802767166778
0.8231443620140962
0.8231443620140962
0.8257461373431443
0.8266644109886906
0.8266644109886906
0.8266644109886906
0.8266644109886906
0.8309994278237074
0.8309994278237074
0.8316728284971082
0.8325911021426546
0.8335093757882008
0.8335093757882008
0.8335093757882008
0.8343511266299518
0.8343511266299518
0.8359925407713659
0.8368342916131168
0.8376760424548676
0.8376760424548676
0.8385177932966186
0.8385177932966186
0.8399261072049323
0.8407678580466831
0.8407678580466831
0.8416861316922295
0.8416861316922295
0.84305951464456
0.8445580161430615
0.8451893292743746
0.8451893292743746
0.8475580043703225
0.8483997552120732
0.8500832568955748
0.8510933579056758
0.8519351087474267
0.8519351087474267
0.8527768595891775
0.8527768595891775
0.8536951332347238
0.8545368840764745
0.8545368840764745
0.8570739093407727
0.8578509101177734
0.8578509101177734
0.8578509101177734
0.8589732445734412
0.8596045577047543
0.8606146587148554
0.861391659491856
0.861391659491856
0.861391659491856
0.861391659491856
0.8621131602133569
0.8639650120652088
0.8663549242590426
0.8663549242590426
0.8681149487463398
0.8681149487463398
0.8689566995880906
0.8694883316986702
0.8704984327087711
0.8704984327087711
0.8704984327087711
0.8704984327087711
0.8704984327087711
0.8704984327087711
0.8704984327087711
0.8712754334857719
0.8719488341591725
0.8727905850009233
0.8727905850009233
0.8734218981322364
0.8734218981322364
0.8763960844397561
0.8789331097040541
0.8789331097040541
0.8789331097040541
0.8789331097040541
0.8789331097040541
0.8789331097040541
0.8789331097040541
0.879943210714155
0.879943210714155
0.879943210714155
0.879943210714155
0.8819634127343571
0.8827404135113578
0.8827404135113578
0.8827404135113578
0.8837505145214589
0.8848728489771267
0.8848728489771267
0.8848728489771267
0.8848728489771267
0.8872641865957371
0.888386521051405
0.8906139232788071
0.8906139232788071
0.8906139232788071
0.8915321969243535
0.8925422979344546
0.8925422979344546
0.8925422979344546
0.8925422979344546
0.8925422979344546
0.8925422979344546
0.8925422979344546
0.8925422979344546
0.8942738996660563
0.8942738996660563
0.8949954003875571
0.8949954003875571
0.8949954003875571
0.8958371512293078
0.8958371512293078
0.8958371512293078
0.8958371512293078
0.8974559028480595
0.8974559028480595
0.8974559028480595
0.8991511772706066
0.8991511772706066
0.9017886632414259
0.9026304140831768
0.9031114145641771
0.9031114145641771
0.9037848152375779
0.9044582159109785
0.9044582159109785
0.9052999667527294
0.9052999667527294
0.9052999667527294
0.9052999667527294
0.9072640520501478
0.909024076537445
0.909024076537445
0.909024076537445
0.909024076537445
0.9107075782209466
0.9120787560627126
0.9120787560627126
0.9120787560627126
0.9120787560627126
0.9120787560627126
0.9129205069044636
0.9138387805500098
0.9138387805500098
0.9138387805500098
0.9138387805500098
0.9145121812234104
0.9145121812234104
0.9153539320651612
0.9153539320651612
0.9161309328421621
0.9161309328421621
0.9161309328421621
0.9170492064877084
0.9170492064877084
0.9170492064877084
0.9177707072092092
0.9177707072092092
0.9184922079307098
0.9194104815762563
0.9194104815762563
0.9194104815762563
0.9194104815762563
0.9204205825863572
0.9214306835964583
0.9214306835964583
0.9221040842698589
0.9230223579154053
0.9230223579154053
0.9230223579154053
0.9240324589255065
0.9240324589255065
0.9240324589255065
0.9250425599356075
0.9250425599356075
0.9250425599356075
0.9250425599356075
0.9258843107773583
0.9258843107773583
0.9258843107773583
0.9258843107773583
0.9273573747504223
0.9273573747504223
0.9297260498463702
0.9304475505678709
0.9318424519627724
0.9318424519627724
0.9318424519627724
0.9318424519627724
0.9318424519627724
0.9318424519627724
0.9318424519627724
0.9318424519627724
0.9326842028045231
0.9335259536462741
0.934536054656375
0.9351673677876882
0.9351673677876882
0.9351673677876882
0.9351673677876882
0.9358888685091891
0.93689896951929
0.93689896951929
0.93689896951929
0.93689896951929
0.93689896951929
0.93689896951929
0.9376204702407905
0.9376204702407905
0.9376204702407905
0.9386305712508917
0.9386305712508917
0.9386305712508917
0.9386305712508917
0.9394723220926424
0.9394723220926424
0.9394723220926424
0.9394723220926424
0.9405946565483103
0.9413716573253109
0.9413716573253109
0.9421486581023117
0.9421486581023117
0.9421486581023117
0.9421486581023117
0.9421486581023117
0.9438321597858134
0.9446091605628143
0.945282561236215
0.945282561236215
0.945282561236215
0.946292662246316
0.946292662246316
0.947134413088067
0.9482567475437348
0.9482567475437348
0.9492668485538357
0.9492668485538357
0.9492668485538357
0.9502769495639367
0.9510539503409375
0.9510539503409375
0.9510539503409375
0.9510539503409375
0.9510539503409375
0.9510539503409375
0.9510539503409375
0.9510539503409375
0.9510539503409375
0.9510539503409375
0.9510539503409375
0.9510539503409375
0.952603537117797
0.952603537117797
0.9532348502491101
0.954011851026111
0.954011851026111
0.954011851026111
0.954011851026111
0.954011851026111
0.9550219520362121
0.9558637028779629
0.9558637028779629
0.9558637028779629
0.9558637028779629
0.9558637028779629
0.9558637028779629
0.9558637028779629
0.9558637028779629
0.9558637028779629
0.9558637028779629
0.9558637028779629
0.9558637028779629
0.9558637028779629
0.9565852035994635
0.9565852035994635
0.9565852035994635
0.9577075380551314
0.9584290387766321
0.9596315399791333
0.9596315399791333
0.9596315399791333
0.9596315399791333
0.9596315399791333
0.9596315399791333
0.9596315399791333
0.9596315399791333
0.9596315399791333
0.9596315399791333
0.9596315399791333
0.9596315399791333
0.9596315399791333
0.9596315399791333
0.9605498136246797
0.9605498136246797
0.9605498136246797
0.9605498136246797
0.9605498136246797
0.9605498136246797
0.9605498136246797
0.9616721480803475
0.9616721480803475
0.9616721480803475
0.9616721480803475
0.9616721480803475
0.9616721480803475
0.9616721480803475
0.9616721480803475
0.9616721480803475
0.9616721480803475
0.9616721480803475
0.9616721480803475
0.9634321725676448
0.9634321725676448
0.9634321725676448
0.9641055732410455
0.9641055732410455
0.9641055732410455
0.9648270739625462
0.9648270739625462
0.9648270739625462
0.9648270739625462
0.9648270739625462
0.9648270739625462
0.9648270739625462
0.9648270739625462
0.9658371749726471
0.9658371749726471
0.9658371749726471
0.9658371749726471
0.9658371749726471
0.9658371749726471
0.9658371749726471
0.966558675694148
0.9675687767042489
0.9675687767042489
0.9675687767042489
0.9675687767042489
0.9675687767042489
0.9675687767042489
0.9682421773776496
0.9682421773776496
0.9693645118333174
0.9693645118333174
0.9693645118333174
0.9703746128434183
0.971151613620419
0.971151613620419
0.971151613620419
0.971151613620419
0.971151613620419
0.9727930277618332
0.9734243408931463
0.9734243408931463
0.9734243408931463
0.9734243408931463
0.9734243408931463
0.9742660917348973
0.9742660917348973
0.9742660917348973
0.9742660917348973
0.9742660917348973
0.9742660917348973
0.9742660917348973
0.9742660917348973
0.9742660917348973
0.9742660917348973
0.9742660917348973
0.9742660917348973
0.9750430925118981
0.9750430925118981
0.9757164931852987
0.9757164931852987
0.9757164931852987
0.9757164931852987
0.9757164931852987
0.9757164931852987
0.9757164931852987
0.9757164931852987
0.9757164931852987
0.9757164931852987
0.9757164931852987
0.9757164931852987
0.9757164931852987
0.9757164931852987
0.9757164931852987
0.9757164931852987
0.9757164931852987
0.9757164931852987
0.9757164931852987
0.9757164931852987
0.9757164931852987
0.9757164931852987
0.9757164931852987
0.9757164931852987
0.9757164931852987
0.9757164931852987
0.9765582440270495
0.9765582440270495
0.9773352448040503
0.9783453458141513
0.9783453458141513
0.9783453458141513
0.9789395228789166
0.9789395228789166
0.9789395228789166
0.9789395228789166
0.9789395228789166
0.9789395228789166
0.9789395228789166
0.9789395228789166
0.9789395228789166
0.9789395228789166
0.9789395228789166
0.9789395228789166
0.9789395228789166
0.9789395228789166
0.9789395228789166
0.9789395228789166
0.9797165236559174
0.9797165236559174
0.9808388581115852
0.9816158588885859
0.9823373596100868
0.9823373596100868
0.9823373596100868
0.9823373596100868
0.9823373596100868
0.9823373596100868
0.9823373596100868
0.9823373596100868
0.9823373596100868
0.9823373596100868
0.9823373596100868
0.9823373596100868
0.9823373596100868
0.9823373596100868
0.9823373596100868
0.9823373596100868
0.9823373596100868
0.9823373596100868
0.9823373596100868
0.9823373596100868
0.9823373596100868
0.9823373596100868
0.9823373596100868
0.9823373596100868
0.9823373596100868
0.9823373596100868
0.9823373596100868
0.9823373596100868
0.9823373596100868
0.9823373596100868
0.9823373596100868
0.9823373596100868
0.9823373596100868
0.9823373596100868
0.9831791104518377
0.9831791104518377
0.9831791104518377
0.9839006111733383
0.9839006111733383
0.9839006111733383
0.9839006111733383
0.9839006111733383
0.9839006111733383
0.9839006111733383
0.9845740118467389
0.9845740118467389
0.9845740118467389
0.9852955125682397
0.9852955125682397
0.9852955125682397
0.9852955125682397
0.9852955125682397
0.9860725133452404
0.9860725133452404
0.9860725133452404
0.9860725133452404
0.9860725133452404
0.9860725133452404
0.9860725133452404
0.9860725133452404
0.9860725133452404
0.9860725133452404
0.9860725133452404
0.9860725133452404
0.9860725133452404
0.9869907869907868
0.9869907869907868
0.9869907869907868
0.9869907869907868
0.9869907869907868
0.9869907869907868
0.9869907869907868
0.9869907869907868
0.9869907869907868
0.9869907869907868
0.9869907869907868
0.9869907869907868
0.9869907869907868
0.9869907869907868
0.9869907869907868
0.9869907869907868
0.9869907869907868
0.9869907869907868
0.9869907869907868
0.9869907869907868
0.9869907869907868
0.9869907869907868
0.9869907869907868
0.9869907869907868
0.9869907869907868
0.9869907869907868
0.9869907869907868
0.9869907869907868
0.9869907869907868
0.9869907869907868
0.9869907869907868
0.9869907869907868
0.9869907869907868
0.9869907869907868
0.9869907869907868
0.9869907869907868
0.9878325378325378
0.9878325378325378
0.9878325378325378
0.9878325378325378
0.9878325378325378
0.9878325378325378
0.9878325378325378
0.9885540385540385
0.9896763730097062
0.9896763730097062
0.9896763730097062
0.9896763730097062
0.9896763730097062
0.9896763730097062
0.9896763730097062
0.9896763730097062
0.9896763730097062
0.9896763730097062
0.9896763730097062
0.9896763730097062
0.9896763730097062
0.9896763730097062
0.9896763730097062
0.9896763730097062
0.9896763730097062
0.9896763730097062
0.9896763730097062
0.9896763730097062
0.9896763730097062
0.9896763730097062
0.9896763730097062
0.990397873731207
0.990397873731207
0.990397873731207
0.990397873731207
0.9911748745082077
0.9911748745082077
0.9911748745082077
0.9911748745082077
0.9911748745082077
0.9911748745082077
0.9911748745082077
0.9911748745082077
0.9911748745082077
0.9911748745082077
0.9911748745082077
0.9911748745082077
0.9911748745082077
0.9911748745082077
0.9911748745082077
0.9911748745082077
0.9911748745082077
0.9911748745082077
0.9911748745082077
0.9911748745082077
0.9911748745082077
0.9911748745082077
0.9911748745082077
0.9911748745082077
0.9911748745082077
0.9911748745082077
0.9911748745082077
0.9911748745082077
0.9911748745082077
0.9911748745082077
0.9911748745082077
0.9911748745082077
0.9911748745082077
0.9911748745082077
0.9911748745082077
0.9911748745082077
0.9911748745082077
0.9911748745082077
0.9911748745082077
0.9911748745082077
0.9911748745082077
0.9911748745082077
0.9911748745082077
0.9911748745082077
0.9911748745082077
0.9911748745082077
0.9911748745082077
0.9920166253499586
0.9930267263600597
0.9930267263600597
0.9930267263600597
0.9930267263600597
0.9930267263600597
0.9930267263600597
0.9930267263600597
0.9930267263600597
0.9930267263600597
0.9930267263600597
0.9930267263600597
0.9930267263600597
0.9930267263600597
0.9930267263600597
0.9930267263600597
0.9930267263600597
0.9930267263600597
0.9930267263600597
0.9930267263600597
0.9930267263600597
0.9930267263600597
0.9930267263600597
0.9930267263600597
0.9930267263600597
0.9930267263600597
0.9930267263600597
0.9930267263600597
0.9930267263600597
0.9930267263600597
0.9930267263600597
0.9930267263600597
0.9930267263600597
0.9930267263600597
0.9930267263600597
0.9930267263600597
0.9930267263600597
0.9930267263600597
0.9930267263600597
0.9930267263600597
0.9930267263600597
0.9930267263600597
0.9930267263600597
0.9930267263600597
0.9930267263600597
0.9930267263600597
0.9930267263600597
0.9930267263600597
0.9930267263600597
0.9930267263600597
0.9930267263600597
0.9930267263600597
0.9938684772018105
0.9938684772018105
0.9938684772018105
0.9938684772018105
0.9938684772018105
0.9938684772018105
0.9938684772018105
0.9938684772018105
0.9938684772018105
0.9938684772018105
0.9938684772018105
0.9938684772018105
0.9938684772018105
0.9938684772018105
0.9938684772018105
0.9938684772018105
0.9938684772018105
0.9938684772018105
0.9938684772018105
0.9938684772018105
0.9938684772018105
0.9938684772018105
0.9938684772018105
0.9938684772018105
0.9938684772018105
0.9938684772018105
0.9938684772018105
0.9938684772018105
0.9938684772018105
0.9938684772018105
0.9948785782119114
0.9948785782119114
0.9948785782119114
0.9948785782119114
0.9948785782119114
0.9948785782119114
0.9948785782119114
0.9960009126675791
0.9960009126675791
0.9960009126675791
0.9960009126675791
0.9960009126675791
0.9960009126675791
0.9960009126675791
0.9960009126675791
0.9960009126675791
0.9960009126675791
0.9960009126675791
0.9960009126675791
0.9960009126675791
0.9960009126675791
0.9960009126675791
0.9960009126675791
0.9960009126675791
0.9960009126675791
0.9960009126675791
0.9960009126675791
0.9960009126675791
0.9960009126675791
0.9960009126675791
0.9960009126675791
0.9960009126675791
0.9960009126675791
0.9960009126675791
0.9960009126675791
0.9960009126675791
0.9960009126675791
0.9960009126675791
0.9960009126675791
0.9960009126675791
0.9960009126675791
0.9960009126675791
0.9960009126675791
0.9960009126675791
0.9960009126675791
0.9960009126675791
0.9960009126675791
0.9960009126675791
0.9960009126675791
0.9960009126675791
0.9960009126675791
0.9960009126675791
0.9960009126675791
0.9960009126675791
0.9960009126675791
0.9960009126675791
0.9960009126675791
0.9960009126675791
0.9960009126675791
0.9960009126675791
0.9960009126675791
0.9960009126675791
0.9960009126675791
0.9960009126675791
0.9960009126675791
0.9960009126675791
0.9960009126675791
0.9960009126675791
0.9960009126675791
0.9960009126675791
0.9960009126675791
0.9960009126675791
0.9960009126675791
0.997123247123247
0.997123247123247
0.997123247123247
0.997123247123247
0.997123247123247
0.9979002479002479
0.9979002479002479
0.9979002479002479
0.9979002479002479
0.9979002479002479
0.9979002479002479
0.9979002479002479
0.9979002479002479
0.9979002479002479
0.9979002479002479
0.9979002479002479
0.9979002479002479
0.9979002479002479
0.9979002479002479
0.9979002479002479
0.9979002479002479
0.9979002479002479
0.9979002479002479
0.9979002479002479
0.9979002479002479
0.9979002479002479
0.9979002479002479
0.9979002479002479
0.9979002479002479
0.9979002479002479
0.9979002479002479
0.9979002479002479
0.9979002479002479
0.9979002479002479
0.9979002479002479
0.9979002479002479
0.9979002479002479
0.9979002479002479
0.9979002479002479
0.9979002479002479
0.9979002479002479
0.9979002479002479
0.9979002479002479
0.9979002479002479
0.9979002479002479
0.9979002479002479
0.9979002479002479
0.9979002479002479
0.9979002479002479
0.9979002479002479
0.9979002479002479
0.9979002479002479
0.9979002479002479
0.9979002479002479
0.9979002479002479
0.9979002479002479
0.9979002479002479
0.9979002479002479
0.9979002479002479
0.9979002479002479
0.9979002479002479
0.9979002479002479
0.9979002479002479
0.9979002479002479
0.9979002479002479
0.9979002479002479
0.9979002479002479
0.9979002479002479
0.9979002479002479
0.9986772486772485
0.9986772486772485
0.9986772486772485
0.9986772486772485
0.9986772486772485
0.9986772486772485
0.9986772486772485
0.9986772486772485
0.9986772486772485
0.9986772486772485
0.9986772486772485
0.9986772486772485
0.9986772486772485
0.9986772486772485
0.9986772486772485
0.9986772486772485
0.9986772486772485
0.9986772486772485
0.9986772486772485
0.9986772486772485
0.9986772486772485
0.9986772486772485
0.9986772486772485
0.9986772486772485
0.9986772486772485
0.9986772486772485
0.9986772486772485
0.9986772486772485
0.9986772486772485
0.9986772486772485
0.9986772486772485
0.9986772486772485
0.9986772486772485
0.9986772486772485
0.9986772486772485
0.9986772486772485
0.9986772486772485
0.9986772486772485
0.9986772486772485
0.9986772486772485
0.9986772486772485
0.9986772486772485
0.9986772486772485
0.9986772486772485
0.9986772486772485
0.9986772486772485
0.9986772486772485
0.9986772486772485
0.9986772486772485
0.9986772486772485
0.9986772486772485
0.9986772486772485
0.9986772486772485
0.9986772486772485
0.9986772486772485
0.9986772486772485
0.9986772486772485
0.9986772486772485
0.9986772486772485
0.9986772486772485
0.9986772486772485
0.9986772486772485
0.9986772486772485
0.9986772486772485
0.9986772486772485
0.9986772486772485
0.9986772486772485
0.9986772486772485
0.9986772486772485
0.9986772486772485
0.9986772486772485
0.9986772486772485
0.9986772486772485
0.9986772486772485
0.9986772486772485
0.9986772486772485
0.9986772486772485
0.9986772486772485
0.9986772486772485
0.9986772486772485
0.9986772486772485
0.9986772486772485
0.9986772486772485
0.9986772486772485
0.9986772486772485
0.9986772486772485
0.9986772486772485
0.9986772486772485
0.9986772486772485
0.9986772486772485
0.9986772486772485
0.9986772486772485
0.9986772486772485
0.9986772486772485
0.9986772486772485
0.9986772486772485
0.9986772486772485
0.9986772486772485
0.9986772486772485
0.9986772486772485
0.9986772486772485
0.9986772486772485
0.9986772486772485
0.9986772486772485
0.9986772486772485
0.9986772486772485
0.9986772486772485
0.9986772486772485
0.9986772486772485
0.9986772486772485
0.9986772486772485
0.9986772486772485
0.9986772486772485
0.9986772486772485
0.9986772486772485
0.9986772486772485
0.9986772486772485
0.9986772486772485
0.9986772486772485
0.9986772486772485
0.9986772486772485
0.9986772486772485
0.9986772486772485
0.9986772486772485
0.9986772486772485
0.9986772486772485
0.9986772486772485
0.9986772486772485
0.9986772486772485
0.9986772486772485
0.9986772486772485
0.9986772486772485
0.9986772486772485
0.9995189995189995
0.9995189995189995
0.9995189995189995
0.9995189995189995
0.9995189995189995
0.9995189995189995
0.9995189995189995
0.9995189995189995
0.9995189995189995
0.9995189995189995
0.9995189995189995
0.9995189995189995
0.9995189995189995
0.9995189995189995
0.9995189995189995
0.9995189995189995
0.9995189995189995
0.9995189995189995
0.9995189995189995
0.9995189995189995
0.9995189995189995
0.9995189995189995
0.9995189995189995
0.9995189995189995
0.9995189995189995
0.9995189995189995
0.9995189995189995
0.9995189995189995
0.9995189995189995
0.9995189995189995
0.9995189995189995
0.9995189995189995
0.9995189995189995
0.9995189995189995
0.9995189995189995
1.0
1.0
