0.005681495338930753
0.014329744966560289
0.023611674719875415
0.03041469463322933
0.035404907921117314
0.04072075438504446
0.04621748560039168
0.05197241910381391
0.058708501588353425
0.06482631990822603
0.07167839223183234
0.07737621444795263
0.07917956331669951
0.08132180637074155
0.08159889143585654
0.08183784006190194
0.08183784006190194
0.08447673906449311
0.08586399203731516
0.08665118845390839
0.09012784368336582
0.09383916371515542
0.09722712269527023
0.09972544837284994
0.10176586641856425
0.10340792787943102
0.10534633132103996
0.10679917192342221
0.10887458984001311
0.11094660385610772
0.11289495559402535
0.11477114085011553
0.11713674725395713
0.1193676645036113
0.12226780181446847
0.12357091042171249
0.12610357968084368
0.12672149637513386
0.12925083894010206
0.13326069208708965
0.1346866484869437
0.1380355413436634
0.1404227768639426
0.14281937874895453
0.14573405653997618
0.1460542614711321
0.14822059704561485
0.1488606688164657
0.15067686180600295
0.1518921320022716
0.15298794594865261
0.15633369982267736
0.16019452347034216
0.16319732927975625
0.16456590076245325
0.16485753097534334
0.16585669611059928
0.1681888078749112
0.17168219646105706
0.17605488554075818
0.1797624273958987
0.18179346872702642
0.18479353724899536
0.18617802366185948
0.1870587603701485
0.19006588027048035
0.19067771541452638
0.19315171763257588
0.19607740280570385
0.20024301082974627
0.2011429960161228
0.2038811515200295
0.20480176340442527
0.2062850090165819
0.2089017522690869
0.21172397366962226
0.21378301521065954
0.21426091246275034
0.21942631870155827
0.22034858046500505
0.22194269722900892
0.22411192019043366
0.2263448520058661
0.22722421049422337
0.2278215004904943
0.23179824097969742
0.23408744946891982
0.23671029282930306
0.2387938942467659
0.2413485876353793
0.2435248230221268
0.24691147865219135
0.24994338547203418
0.2529886956366157
0.25585862064950804
0.2599331963689064
0.2624666830402388
0.2644835097946585
0.26490759800500624
0.2667314397657129
0.26861244985262506
0.27204683291507553
0.27563662113109544
0.2776622959957173
0.28093729622149527
0.28408048855470963
0.28550575646609166
0.28740690706378613
0.28933286730824775
0.2911724158457097
0.2944526241270427
0.2960248574736051
0.2976051726464737
0.29860835262357
0.3006801754532156
0.30290566732441604
0.30523971585908244
0.30849193236804573
0.311113272472017
0.31471809673014406
0.3190460740595553
0.3228719808359551
0.3273355178876087
0.3303829282618415
0.33303512413032527
0.3357846061504725
0.3381968324168584
0.33921821062347707
0.3401769589469425
0.3404540440120575
0.3438778626529131
0.3451346579043395
0.34605181474030533
0.3506202544565318
0.3517046907387386
0.3517046907387386
0.35560743445460585
0.358584321320081
0.36159802991040146
0.36376091110997977
0.3663796891541145
0.36891615127076377
0.37062698767073565
0.3744367629260169
0.3765116643290536
0.37812667945019585
0.3808756449567887
0.3817278069468119
0.384588612190383
0.3862038721659603
0.3873829426935138
0.3886062748901449
0.3911496333249781
0.3938224474539414
0.396730980803424
0.3979877760548504
0.4009326041634899
0.40532159201250384
0.407978612038284
0.4106721632401165
0.4125308967499584
0.41479917039573877
0.41828283805051897
0.4199041513128569
0.42126027959840656
0.42270851257533093
0.4235799230434416
0.4238570081085566
0.42409595673460193
0.42527650715665294
0.4264390957660769
0.42942876392016044
0.43044172220901195
0.4318812743830413
0.4350583093424937
0.43719697652112166
0.43862891876636545
0.44139902748453186
0.4429046645901445
0.4460518577578557
0.447399585951582
0.44865757441672305
0.4509330190248626
0.4521272609259435
0.45346862747276667
0.4550950202580831
0.45631016895384224
0.45964300710462397
0.4615300023634003
0.46404019766604104
0.46907370671512194
0.47223632168059915
0.4737209455126876
0.4758109848471168
0.4785761101383119
0.4830200551095116
0.48748433236703304
0.48957110873626675
0.4901316405133999
0.4906540358514634
0.4906540358514634
0.49131707268785657
0.49131707268785657
0.4919413510290498
0.4935119344965612
0.4945760944777599
0.4960049574760872
0.49876028462958316
0.5012072434345425
0.502769643401182
0.5046411253269597
0.5078303388285025
0.5085460572517403
0.5105261257870224
0.5123053163765123
0.5154523342185339
0.5170387746214103
0.5192660967841191
0.5223255546689292
0.5238720947735692
0.5251523598157806
0.5264987097895751
0.5284212149856068
0.5293149020307877
0.5303362802374063
0.5309399318805805
0.5315068253046167
0.5335721649868498
0.5355603793129511
0.5364411160212401
0.538815474156904
0.5405841667571407
0.5411862235894316
0.5424442120545726
0.5433537589617529
0.544626292574669
0.5463309839186891
0.5478933838853286
0.5501564852299101
0.5527309371629898
0.5530143838750079
0.5536468457170731
0.5553242190622495
0.5561985941236354
0.5582592304755559
0.5582592304755559
0.5584981791016013
0.5593981642879778
0.5617345074850815
0.5632984358302625
0.5648780074464912
0.5653940411376516
0.5656774878496698
0.5678423967201768
0.5691722647758417
0.5719905787936261
0.5730928752138943
0.5752796085898948
0.5766271003667258
0.5782962902110304
0.5801943504470222
0.5824629621842635
0.585082873593895
0.5876192142100346
0.5887581480224565
0.5901209260892006
0.5921358932795993
0.5930740149050455
0.5947396096624047
0.5958452654262483
0.5964489170694224
0.5970094488465555
0.5990957533182686
0.6005515669514659
0.6013210944164468
0.6019183844127177
0.6049497310983555
0.6062303342320279
0.6066544224423757
0.6079499211208339
0.6106029898104813
0.6128776908619812
0.6159386771253325
0.6177053694495073
0.6177053694495073
0.618607354911946
0.6195108202688819
0.6222149648824491
0.6236402327938312
0.625196334619275
0.6281128794947118
0.6296179580499017
0.6308250447452984
0.6319418863133417
0.6330040460184783
0.6350397991174581
0.6373302649996282
0.6382110017079172
0.6388082917041883
0.639854904234284
0.640740407778593
0.642041516109775
0.64231860117489
0.6429587944462505
0.6449493609707857
0.645188309596831
0.6469317678735907
0.647490921430792
0.6489188781067081
0.649396775358799
0.6512321791163713
0.6518952159527643
0.6532765785617912
0.6540185333357719
0.6540185333357719
0.6561208162433597
0.6567326513874057
0.658393421313943
0.6586850515268331
0.660996352260434
0.6614204404707817
0.6620322756148277
0.663762201282325
0.66611010714982
0.6676887021432855
0.6705460338004209
0.6712499736358415
0.6732951585175759
0.6741010005676576
0.6762561656223487
0.6772114588973843
0.678232837104003
0.6793813326372287
0.6813765725460378
0.6816155211720832
0.6821696913023132
0.6825708144471186
0.6832032762891838
0.6832032762891838
0.6832032762891838
0.6852605778501962
0.6872422327588218
0.6880562583097753
0.6889803503647306
0.6917374507512032
0.6936308656516847
0.6955470727065207
0.6968546641851155
0.6981501628635739
0.6996535824286476
0.7032558377209566
0.7045209313896407
0.7060264535788675
0.7067526699913584
0.7067526699913584
0.7075966484805097
0.708667291609121
0.7093283281694522
0.7099401633134982
0.7108150539521684
0.7118565869592857
0.7125577602347485
0.7135831617207473
0.7135831617207473
0.7146167467076181
0.7155568686091263
0.7162988233831069
0.7179151532184734
0.7184457320574088
0.7196464571059024
0.7206512318938819
0.7213439852515775
0.7223664801391031
0.7230510499959266
0.7249396784491642
0.7258568352851299
0.7271805328803408
0.7303007835099271
0.7324706572497713
0.7343500917373316
0.7361945601960573
0.7368063953401035
0.7395966581852431
0.7416418430669772
0.7424495069710277
0.7433366053262199
0.7443439539623478
0.7449905088806114
0.7452675939457264
0.7456307021519719
0.7456307021519719
0.7475212931712191
0.7481995013811394
0.7491376230065856
0.749538746151391
0.7502544645746287
0.7510621284786791
0.7518616088818577
0.7528689575179857
0.7531605877308756
0.7540174530512113
0.7556298608229576
0.7556298608229576
0.7568355692984226
0.7568355692984226
0.7575137775083429
0.7580729310655444
0.7580729310655444
0.7593990047383308
0.7597621129445762
0.7600455596565943
0.7604086678628398
0.7617162593414345
0.7633502008071369
0.7637133090133824
0.7637133090133824
0.7639967557254005
0.7639967557254005
0.7655979776929472
0.7665631427314836
0.7673181250486896
0.7681176054518679
0.7696465974318798
0.7700097056381252
0.7704108287829308
0.7710512386452426
0.771290187271288
0.7715672723364029
0.7715672723364029
0.7728554938364007
0.7740942338234542
0.774572131075545
0.7749352392817905
0.7752186859938086
0.7758652409120723
0.7761423259771872
0.7761423259771872
0.7783941177048379
0.7798196983031787
0.7808610147193445
0.7811812196505004
0.7811812196505004
0.782892508122049
0.7837557350892879
0.785218015911964
0.78670638560402
0.7885141509117759
0.7885141509117759
0.7888772591180213
0.7888772591180213
0.7888772591180213
0.7894745491142923
0.7899905828054526
0.790229531431498
0.7905129781435162
0.7918974645563802
0.7924134982475406
0.7924134982475406
0.7926905833126556
0.793053691518901
0.793053691518901
0.7934167997251466
0.7940000601509266
0.7942916903638166
0.7945687754289317
0.7951708322612228
0.7964526921143171
0.7971454454720126
0.7981731853255344
0.8001531389444306
0.8007710556387209
0.8011721787835263
0.8020592771387185
0.8026184306959199
0.8028573793219652
0.804175154577494
0.804940074417017
0.8054624697550805
0.8061255065914736
0.8069631234337218
0.8079218717571871
0.8082135019700771
0.8100730125962281
0.8113377007997334
0.8119924392188689
0.8125148345569326
0.813045413395868
0.8137611318191058
0.8149501398689766
0.815590333140337
0.8159534413465824
0.8162450715594726
0.8168056033366056
0.8182759621175779
0.8186770852623835
0.8190782084071889
0.8199350737275244
0.8204656525664599
0.8210454328216804
0.8223409315001389
0.8229000850573401
0.8235631218937334
0.8245990452481271
0.8250231334584748
0.8250231334584748
0.8250231334584748
0.8252620820845202
0.825686170294868
0.8259778005077582
0.8263409087140036
0.8272650007689588
0.8272650007689588
0.8279050725398096
0.8285071293721005
0.8298858846317315
0.8307110959868846
0.8309881810519997
0.8318752794071919
0.83215872611921
0.83215872611921
0.8336942012466346
0.8340350328758098
0.8346815877940734
0.8350017927252293
0.8352852394372474
0.8355686861492656
0.8355686861492656
0.8365530697198512
0.8373752787716767
0.837934432328878
0.8383355554736834
0.8389757487450439
0.8389757487450439
0.8399374036669826
0.8405839585852461
0.8405839585852461
0.8411381287154761
0.8417132056403844
0.8420334105715404
0.8420334105715404
0.8429333957579168
0.8429333957579168
0.8435799506761804
0.8435799506761804
0.8442645205330039
0.844556150745894
0.844556150745894
0.844556150745894
0.84487635567705
0.8452774788218554
0.8452774788218554
0.8455164274479008
0.8461488892899661
0.8461488892899661
0.8461488892899661
0.8464897209191413
0.8467813511320315
0.8470584361971464
0.8473355212622614
0.8482514298163447
0.8485348765283629
0.8492130847382833
0.849917024573704
0.850485739851709
0.8516025814197524
0.8522062330629263
0.8530853749603323
0.8536890266035062
0.8536890266035062
0.8536890266035062
0.8540521348097516
0.854839331226345
0.8554429828695189
0.8559971529997489
0.8563173579309049
0.8566375628620609
0.8572348528583318
0.8572348528583318
0.8579997726978547
0.8582914029107447
0.8586545111169903
0.8586545111169903
0.8592086812472203
0.8592086812472203
0.8595003114601103
0.8609199697187688
0.8621463048922529
0.8626768837311882
0.8626768837311882
0.8640706895373627
0.8640706895373627
0.8644947777477103
0.8650920677439813
0.8650920677439813
0.8653310163700267
0.8655699649960721
0.8659940532064199
0.8659940532064199
0.866830291828736
0.8674339434719103
0.8679563388099738
0.8679563388099738
0.8679563388099738
0.8679563388099738
0.8679563388099738
0.8682765437411297
0.8687006319514775
0.869101755096283
0.869393385309173
0.8709654020647838
0.8709654020647838
0.8718016406871002
0.8724052923302743
0.8730518472485378
0.8732907958745832
0.8744200429297214
0.875423222906818
0.8762981135454881
0.8768668288234931
0.8768668288234931
0.8771502755355112
0.8780947588078605
0.8787065939519063
0.8790474255810815
0.8799411126262624
0.8807932746162858
0.8807932746162858
0.8807932746162858
0.8822157759677098
0.882556607596885
0.8839188174326789
0.8841577660587243
0.8841577660587243
0.8845588892035298
0.8850812845415933
0.8853729147544834
0.8859702047507542
0.8868205448868086
0.8874606166576595
0.8877377017227747
0.8880579066539305
0.8884210148601759
0.8887412197913319
0.88902466650335
0.88902466650335
0.8894257896481554
0.8898498778585032
0.8902129860647486
0.8915607142584752
0.8919848024688228
0.892543956026024
0.8929070642322695
0.8929070642322695
0.8929070642322695
0.8933311524426174
0.8936942606488629
0.8936942606488629
0.8943408155671264
0.8949444672103005
0.8949444672103005
0.8949444672103005
0.8949444672103005
0.8949444672103005
0.8952360974231905
0.8952360974231905
0.8952360974231905
0.8961152393205963
0.8971616606642433
0.8971616606642433
0.8974818655953991
0.8980937007394451
0.8983707858045601
0.8983707858045601
0.8993781344406879
0.899669764653578
0.899946849718693
0.899946849718693
0.9006681777946545
0.9013721176300751
0.9013721176300751
0.9013721176300751
0.9017129492592502
0.9017129492592502
0.9017129492592502
0.9017129492592502
0.9019518978852958
0.9023759860956435
0.9026149347216889
0.9026149347216889
0.9026149347216889
0.9029065649345789
0.9036707962856299
0.9039097449116752
0.9049287847507708
0.9049287847507708
0.9049287847507708
0.9064711800755213
0.9071639334332168
0.9071639334332168
0.9071639334332168
0.9071639334332168
0.907504765062392
0.907504765062392
0.9085261432690106
0.9088892514752561
0.9101792948292226
0.9107016901672862
0.9112704054452911
0.9118009842842265
0.9118009842842265
0.9118009842842265
0.9120926144971168
0.9120926144971168
0.9126723947523373
0.9133354315887305
0.9136985397949758
0.9140393714241513
0.9140393714241513
0.9142783200501966
0.9148819716933705
0.9148819716933705
0.9148819716933705
0.9151654184053888
0.9151654184053888
0.9155285266116342
0.9161083068668547
0.9161083068668547
0.9161083068668547
0.9163472554929002
0.9163472554929002
0.9163472554929002
0.9166388857057903
0.9173170939157108
0.9179571656865616
0.9179571656865616
0.9179571656865616
0.9186417355433851
0.9186417355433851
0.9186417355433851
0.9186417355433851
0.9190048437496307
0.9199493270219798
0.9202695319531359
0.9209096037239868
0.9211930504360049
0.9214846806488948
0.9214846806488948
0.9214846806488948
0.9214846806488948
0.9222003990721327
0.9222003990721327
0.9225412307013079
0.9225412307013079
0.9231385206975788
0.9231385206975788
0.9231385206975788
0.9231385206975788
0.9234156057626939
0.9234156057626939
0.9241598989041976
0.9243988475302428
0.9247396791594181
0.9247396791594181
0.9247396791594181
0.9247396791594181
0.9247396791594181
0.9247396791594181
0.9247396791594181
0.9247396791594181
0.9250167642245332
0.9250167642245332
0.9250167642245332
0.9256410425657263
0.9256410425657263
0.9259244892777444
0.9259244892777444
0.9262446942089004
0.9267752730478358
0.9267752730478358
0.9267752730478358
0.9267752730478358
0.9270142216738813
0.9270142216738813
0.9279237685810613
0.9283248917258669
0.9283248917258669
0.9283248917258669
0.9286450966570228
0.9290082048632683
0.9294093280080737
0.9298104511528792
0.9302115742976846
0.9302115742976846
0.9302115742976846
0.9302115742976846
0.9302115742976846
0.9302115742976846
0.9302115742976846
0.9302115742976846
0.9302115742976846
0.9302115742976846
0.9302115742976846
0.9302115742976846
0.9304505229237301
0.9304505229237301
0.931535647694409
0.9318558526255649
0.933041169883636
0.9337854630251395
0.9337854630251395
0.9340689097371578
0.9340689097371578
0.9347319465735509
0.9347319465735509
0.9350950547797964
0.9355729520318872
0.9355729520318872
0.9363981633870403
0.9363981633870403
0.9366816100990586
0.9369586951641735
0.9379514986525262
0.9381904472785716
0.9381904472785716
0.9388147256197649
0.9388147256197649
0.9388147256197649
0.9388147256197649
0.9394549188911253
0.9394549188911253
0.9397320039562405
0.9397320039562405
0.9397320039562405
0.9397320039562405
0.9397320039562405
0.9397320039562405
0.9403721972276009
0.9406492822927159
0.9412161757167521
0.9414932607818671
0.9414932607818671
0.9414932607818671
0.9418563689881125
0.9418563689881125
0.9418563689881125
0.9418563689881125
0.9421765739192686
0.9421765739192686
0.9424155225453139
0.9424155225453139
0.9424155225453139
0.9424155225453139
0.9426544711713594
0.9429379178833774
0.9429379178833774
0.9432150029484924
0.9432150029484924
0.9432150029484924
0.9434984496605104
0.9439225378708583
0.9439225378708583
0.9439225378708583
0.9439225378708583
0.9442059845828764
0.9442059845828764
0.9444976147957664
0.944736563421812
0.9452525971129724
0.9452525971129724
0.9452525971129724
0.9452525971129724
0.9458498871092433
0.9458498871092433
0.9458498871092433
0.9458498871092433
0.9458498871092433
0.9458498871092433
0.9458498871092433
0.9458498871092433
0.9458498871092433
0.9458498871092433
0.9458498871092433
0.9458498871092433
0.9460888357352888
0.9460888357352888
0.9460888357352888
0.9460888357352888
0.9460888357352888
0.9460888357352888
0.9460888357352888
0.9460888357352888
0.9460888357352888
0.9463659208004037
0.9463659208004037
0.9466430058655187
0.9472035376426517
0.9472035376426517
0.9476046607874573
0.9476046607874573
0.9476046607874573
0.9476046607874573
0.9482448540588178
0.9484838026848631
0.9487227513109084
0.9487227513109084
0.9487227513109084
0.9487227513109084
0.9487227513109084
0.9490429562420645
0.9494440793868699
0.9494440793868699
0.9494440793868699
0.9497275260988882
0.9497275260988882
0.9500109728109063
0.9500109728109063
0.9500109728109063
0.9502944195229244
0.95082499836186
0.95082499836186
0.9514368335059058
0.9514368335059058
0.9517284637187959
0.9517284637187959
0.9517284637187959
0.9517284637187959
0.952011910430814
0.9523035406437041
0.9526443722728793
0.9530074804791249
0.9530074804791249
0.953832691834278
0.953832691834278
0.953832691834278
0.953832691834278
0.954124322047168
0.9544159522600579
0.954693037325173
0.954693037325173
0.954693037325173
0.954693037325173
0.954693037325173
0.954693037325173
0.9549764840371913
0.9552599307492093
0.9554988793752547
0.9554988793752547
0.9554988793752547
0.9557759644403697
0.9557759644403697
0.9557759644403697
0.9557759644403697
0.9557759644403697
0.9557759644403697
0.9557759644403697
0.9557759644403697
0.9557759644403697
0.9561390726466151
0.9561390726466151
0.9561390726466151
0.9564225193586332
0.9564225193586332
0.9567427242897892
0.9567427242897892
0.9567427242897892
0.9567427242897892
0.9571438474345947
0.9571438474345947
0.9571438474345947
0.9575679356449425
0.9575679356449425
0.9575679356449425
0.9578513823569605
0.9578513823569605
0.958214490563206
0.958214490563206
0.9585775987694514
0.9588692289823416
0.9588692289823416
0.9588692289823416
0.9588692289823416
0.9588692289823416
0.9588692289823416
0.9588692289823416
0.9588692289823416
0.9588692289823416
0.9600146452686508
0.9603348501998066
0.9606182969118247
0.9611774504690261
0.9614163990950715
0.9614163990950715
0.9614163990950715
0.9614163990950715
0.9617080293079615
0.9617080293079615
0.9620711375142069
0.9626316692913401
0.9626316692913401
0.9626316692913401
0.9626316692913401
0.9626316692913401
0.9626316692913401
0.9626316692913401
0.9626316692913401
0.9629725009205153
0.9632927058516714
0.9635761525636894
0.9635761525636894
0.9635761525636894
0.9635761525636894
0.9635761525636894
0.9635761525636894
0.9638532376288045
0.9638532376288045
0.9638532376288045
0.9638532376288045
0.9642163458350499
0.9642163458350499
0.9642163458350499
0.9647323795262103
0.9647323795262103
0.9647323795262103
0.9647323795262103
0.9647323795262103
0.9647323795262103
0.9652915330834114
0.9652915330834114
0.9652915330834114
0.9656546412896572
0.9656546412896572
0.9656546412896572
0.9656546412896572
0.9656546412896572
0.9656546412896572
0.9656546412896572
0.9662151730667902
0.9670591515559414
0.9670591515559414
0.967581546894005
0.9681613271492258
0.9687937889912909
0.9687937889912909
0.9687937889912909
0.9695013239136568
0.9695013239136568
0.9695013239136568
0.9695013239136568
0.9695013239136568
0.9695013239136568
0.9695013239136568
0.9695013239136568
0.9695013239136568
0.97006185569079
0.97006185569079
0.97006185569079
0.97006185569079
0.97006185569079
0.97006185569079
0.97006185569079
0.97006185569079
0.97006185569079
0.97006185569079
0.97006185569079
0.97006185569079
0.9703389407559049
0.9705778893819503
0.9705778893819503
0.9705778893819503
0.9705778893819503
0.9705778893819503
0.9705778893819503
0.9705778893819503
0.9705778893819503
0.9705778893819503
0.9705778893819503
0.9705778893819503
0.9705778893819503
0.9705778893819503
0.9705778893819503
0.9705778893819503
0.9705778893819503
0.9705778893819503
0.9705778893819503
0.9705778893819503
0.9705778893819503
0.9705778893819503
0.9705778893819503
0.9705778893819503
0.9705778893819503
0.9705778893819503
0.9705778893819503
0.9705778893819503
0.9705778893819503
0.9705778893819503
0.9705778893819503
0.9705778893819503
0.9705778893819503
0.9705778893819503
0.9705778893819503
0.9705778893819503
0.9705778893819503
0.9705778893819503
0.9705778893819503
0.9705778893819503
0.9705778893819503
0.9705778893819503
0.9705778893819503
0.9705778893819503
0.9705778893819503
0.9705778893819503
0.9705778893819503
0.9705778893819503
0.9705778893819503
0.9708168380079957
0.971055786634041
0.971055786634041
0.9712947352600865
0.9712947352600865
0.9712947352600865
0.9712947352600865
0.9712947352600865
0.9712947352600865
0.9712947352600865
0.9715336838861318
0.9715336838861318
0.9715336838861318
0.9715336838861318
0.9715336838861318
0.9715336838861318
0.9715336838861318
0.9717726325121772
0.9717726325121772
0.9717726325121772
0.9717726325121772
0.9717726325121772
0.9720115811382226
0.9720115811382226
0.9720115811382226
0.9722950278502408
0.9722950278502408
0.9726581360564863
0.9726581360564863
0.9726581360564863
0.9726581360564863
0.9726581360564863
0.9726581360564863
0.9726581360564863
0.9726581360564863
0.9726581360564863
0.9726581360564863
0.9726581360564863
0.9729989676856614
0.9729989676856614
0.9729989676856614
0.9729989676856614
0.9729989676856614
0.9729989676856614
0.9729989676856614
0.9729989676856614
0.9729989676856614
0.9729989676856614
0.9729989676856614
0.9729989676856614
0.9729989676856614
0.9729989676856614
0.9735740446105697
0.9735740446105697
0.9735740446105697
0.9735740446105697
0.974198322951763
0.974198322951763
0.974198322951763
0.974198322951763
0.974198322951763
0.9744372715778084
0.9744372715778084
0.9744372715778084
0.9744372715778084
0.9747143566429233
0.9747143566429233
0.9747143566429233
0.9747143566429233
0.9749978033549416
0.9754218915652894
0.9757627231944644
0.9757627231944644
0.9757627231944644
0.9757627231944644
0.9760461699064827
0.9763296166185008
0.9763296166185008
0.9765685652445462
0.9765685652445462
0.9765685652445462
0.9765685652445462
0.9765685652445462
0.9765685652445462
0.9765685652445462
0.9768456503096612
0.9768456503096612
0.9768456503096612
0.9768456503096612
0.9768456503096612
0.9768456503096612
0.9768456503096612
0.9768456503096612
0.9768456503096612
0.9768456503096612
0.9768456503096612
0.9768456503096612
0.9768456503096612
0.9768456503096612
0.9768456503096612
0.9774781121517263
0.9774781121517263
0.9774781121517263
0.9774781121517263
0.9774781121517263
0.9774781121517263
0.9774781121517263
0.9774781121517263
0.9774781121517263
0.9774781121517263
0.9774781121517263
0.9774781121517263
0.9781626820085498
0.9781626820085498
0.9781626820085498
0.9781626820085498
0.9781626820085498
0.9781626820085498
0.9784543122214401
0.9784543122214401
0.9784543122214401
0.9784543122214401
0.9784543122214401
0.9784543122214401
0.9784543122214401
0.9784543122214401
0.9784543122214401
0.9784543122214401
0.9784543122214401
0.9787459424343301
0.97903757264722
0.97903757264722
0.97903757264722
0.97903757264722
0.97903757264722
0.9794616608575678
0.9794616608575678
0.979745107569586
0.979745107569586
0.979745107569586
0.979745107569586
0.979745107569586
0.979745107569586
0.979745107569586
0.979745107569586
0.979745107569586
0.979745107569586
0.979745107569586
0.979745107569586
0.979745107569586
0.979745107569586
0.979745107569586
0.979745107569586
0.979745107569586
0.979745107569586
0.979745107569586
0.9804490474050067
0.9804490474050067
0.9804490474050067
0.9804490474050067
0.981081509247072
0.981081509247072
0.981081509247072
0.9813204578731174
0.9813204578731174
0.9813204578731174
0.9813204578731174
0.9813204578731174
0.9813204578731174
0.9817215810179228
0.9817215810179228
0.9817215810179228
0.9817215810179228
0.9817215810179228
0.9817215810179228
0.9817215810179228
0.982288474441959
0.982288474441959
0.982288474441959
0.982288474441959
0.982288474441959
0.982288474441959
0.982288474441959
0.982288474441959
0.982288474441959
0.982288474441959
0.982288474441959
0.982288474441959
0.982288474441959
0.982288474441959
0.982288474441959
0.9827125626523069
0.9830327675834627
0.9830327675834627
0.9830327675834627
0.9830327675834627
0.9830327675834627
0.9830327675834627
0.9830327675834627
0.9830327675834627
0.9830327675834627
0.9830327675834627
0.9830327675834627
0.9830327675834627
0.9830327675834627
0.9830327675834627
0.9830327675834627
0.9830327675834627
0.9830327675834627
0.9830327675834627
0.9830327675834627
0.9830327675834627
0.9830327675834627
0.9830327675834627
0.9830327675834627
0.9830327675834627
0.9830327675834627
0.9830327675834627
0.9830327675834627
0.9830327675834627
0.9830327675834627
0.9830327675834627
0.9830327675834627
0.9830327675834627
0.9830327675834627
0.9830327675834627
0.9830327675834627
0.9830327675834627
0.9830327675834627
0.9830327675834627
0.9830327675834627
0.9830327675834627
0.9830327675834627
0.9830327675834627
0.9830327675834627
0.9833098526485777
0.9833098526485777
0.9833098526485777
0.9833098526485777
0.9833098526485777
0.9833098526485777
0.9833098526485777
0.9833098526485777
0.9833098526485777
0.9833098526485777
0.9833098526485777
0.9835869377136928
0.9835869377136928
0.9835869377136928
0.9835869377136928
0.9835869377136928
0.9835869377136928
0.9835869377136928
0.9835869377136928
0.9835869377136928
0.9835869377136928
0.9835869377136928
0.983870384425711
0.983870384425711
0.983870384425711
0.983870384425711
0.983870384425711
0.983870384425711
0.983870384425711
0.983870384425711
0.9842334926319565
0.9842334926319565
0.9842334926319565
0.9842334926319565
0.9842334926319565
0.9842334926319565
0.9842334926319565
0.9842334926319565
0.9842334926319565
0.9842334926319565
0.9842334926319565
0.9842334926319565
0.9842334926319565
0.9842334926319565
0.9842334926319565
0.9842334926319565
0.9842334926319565
0.9842334926319565
0.9842334926319565
0.9842334926319565
0.9842334926319565
0.9842334926319565
0.9842334926319565
0.9842334926319565
0.9842334926319565
0.9842334926319565
0.9842334926319565
0.9842334926319565
0.9842334926319565
0.9842334926319565
0.9842334926319565
0.9842334926319565
0.9842334926319565
0.9842334926319565
0.9842334926319565
0.9842334926319565
0.9842334926319565
0.9849374324673771
0.9849374324673771
0.9849374324673771
0.9849374324673771
0.9849374324673771
0.9849374324673771
0.9849374324673771
0.9849374324673771
0.9849374324673771
0.9849374324673771
0.9849374324673771
0.9849374324673771
0.9849374324673771
0.9849374324673771
0.9851763810934224
0.9851763810934224
0.9854153297194679
0.9854153297194679
0.9854153297194679
0.9859904066443761
0.9859904066443761
0.9859904066443761
0.9859904066443761
0.9859904066443761
0.9859904066443761
0.9859904066443761
0.9859904066443761
0.9859904066443761
0.9859904066443761
0.9859904066443761
0.9859904066443761
0.9859904066443761
0.9859904066443761
0.9859904066443761
0.9859904066443761
0.9859904066443761
0.9859904066443761
0.9859904066443761
0.9859904066443761
0.9859904066443761
0.9859904066443761
0.9866308165066879
0.9866308165066879
0.9869939247129333
0.9869939247129333
0.9869939247129333
0.9869939247129333
0.9869939247129333
0.9869939247129333
0.9869939247129333
0.9869939247129333
0.9869939247129333
0.9869939247129333
0.9869939247129333
0.9869939247129333
0.9869939247129333
0.9869939247129333
0.9869939247129333
0.9869939247129333
0.9869939247129333
0.9869939247129333
0.9869939247129333
0.9869939247129333
0.9869939247129333
0.9869939247129333
0.9869939247129333
0.9869939247129333
0.9869939247129333
0.9869939247129333
0.9869939247129333
0.9869939247129333
0.9869939247129333
0.9869939247129333
0.9872710097780484
0.9872710097780484
0.9872710097780484
0.9872710097780484
0.9872710097780484
0.9872710097780484
0.9872710097780484
0.9872710097780484
0.9872710097780484
0.9872710097780484
0.9872710097780484
0.9872710097780484
0.9872710097780484
0.9872710097780484
0.9872710097780484
0.9875099584040937
0.9875099584040937
0.9875099584040937
0.9875099584040937
0.9875099584040937
0.9875099584040937
0.9875099584040937
0.9875099584040937
0.9875099584040937
0.9875099584040937
0.9875099584040937
0.9875099584040937
0.9875099584040937
0.9875099584040937
0.9875099584040937
0.9875099584040937
0.9875099584040937
0.9875099584040937
0.9875099584040937
0.9875099584040937
0.9877489070301392
0.9877489070301392
0.9877489070301392
0.9877489070301392
0.9877489070301392
0.9880897386593143
0.9880897386593143
0.9880897386593143
0.9880897386593143
0.9880897386593143
0.9880897386593143
0.9880897386593143
0.9880897386593143
0.9880897386593143
0.9880897386593143
0.9880897386593143
0.9880897386593143
0.9880897386593143
0.9880897386593143
0.9880897386593143
0.9880897386593143
0.9880897386593143
0.9880897386593143
0.9880897386593143
0.9880897386593143
0.9880897386593143
0.9880897386593143
0.9880897386593143
0.9883286872853598
0.9883286872853598
0.9883286872853598
0.9883286872853598
0.9883286872853598
0.9883286872853598
0.9883286872853598
0.9883286872853598
0.9883286872853598
0.9883286872853598
0.9883286872853598
0.9883286872853598
0.9883286872853598
0.9883286872853598
0.9883286872853598
0.9886488922165158
0.9886488922165158
0.9886488922165158
0.9886488922165158
0.9886488922165158
0.9889897238456908
0.9889897238456908
0.9889897238456908
0.9889897238456908
0.9889897238456908
0.9889897238456908
0.9889897238456908
0.9889897238456908
0.9889897238456908
0.9889897238456908
0.9889897238456908
0.9889897238456908
0.9889897238456908
0.9889897238456908
0.9889897238456908
0.9889897238456908
0.9889897238456908
0.9889897238456908
0.9889897238456908
0.9889897238456908
0.9889897238456908
0.9892731705577089
0.9892731705577089
0.9892731705577089
0.9892731705577089
0.9892731705577089
0.9892731705577089
0.989550255622824
0.9898273406879389
0.9898273406879389
0.9898273406879389
0.9898273406879389
0.9898273406879389
0.9898273406879389
0.9898273406879389
0.9898273406879389
0.9898273406879389
0.9898273406879389
0.9898273406879389
0.9898273406879389
0.9898273406879389
0.9898273406879389
0.9898273406879389
0.9898273406879389
0.9901681723171143
0.9901681723171143
0.9901681723171143
0.9901681723171143
0.9901681723171143
0.9901681723171143
0.9901681723171143
0.9901681723171143
0.9901681723171143
0.9901681723171143
0.9901681723171143
0.9901681723171143
0.9901681723171143
0.9901681723171143
0.9901681723171143
0.9901681723171143
0.9901681723171143
0.9904452573822292
0.9904452573822292
0.9904452573822292
0.9904452573822292
0.9904452573822292
0.9904452573822292
0.9904452573822292
0.9904452573822292
0.9904452573822292
0.9904452573822292
0.9904452573822292
0.9904452573822292
0.9904452573822292
0.9904452573822292
0.9904452573822292
0.9904452573822292
0.9904452573822292
0.9907223424473443
0.9907223424473443
0.9907223424473443
0.9907223424473443
0.9907223424473443
0.9907223424473443
0.9907223424473443
0.9907223424473443
0.9907223424473443
0.9910057891593623
0.9910057891593623
0.9910057891593623
0.9910057891593623
0.9910057891593623
0.9910057891593623
0.9910057891593623
0.9910057891593623
0.9910057891593623
0.9910057891593623
0.9910057891593623
0.9910057891593623
0.9910057891593623
0.9910057891593623
0.9910057891593623
0.9910057891593623
0.9912828742244773
0.9912828742244773
0.9912828742244773
0.9912828742244773
0.9915218228505227
0.9915218228505227
0.9915218228505227
0.9915218228505227
0.9915218228505227
0.9915218228505227
0.9915218228505227
0.9915218228505227
0.9915218228505227
0.9915218228505227
0.9915218228505227
0.9915218228505227
0.9915218228505227
0.9915218228505227
0.9915218228505227
0.9915218228505227
0.9915218228505227
0.9915218228505227
0.9915218228505227
0.9915218228505227
0.9915218228505227
0.9915218228505227
0.9915218228505227
0.9915218228505227
0.9915218228505227
0.9915218228505227
0.9915218228505227
0.9915218228505227
0.9915218228505227
0.9915218228505227
0.9915218228505227
0.9915218228505227
0.9915218228505227
0.9915218228505227
0.9915218228505227
0.9915218228505227
0.9915218228505227
0.9915218228505227
0.9915218228505227
0.9915218228505227
0.9915218228505227
0.9915218228505227
0.9915218228505227
0.9915218228505227
0.9915218228505227
0.9915218228505227
0.9915218228505227
0.9915218228505227
0.9915218228505227
0.9915218228505227
0.9915218228505227
0.9915218228505227
0.9915218228505227
0.9915218228505227
0.9915218228505227
0.9915218228505227
0.9915218228505227
0.9915218228505227
0.9915218228505227
0.9915218228505227
0.9915218228505227
0.9915218228505227
0.9915218228505227
0.9915218228505227
0.9915218228505227
0.9915218228505227
0.9915218228505227
0.9915218228505227
0.9915218228505227
0.9915218228505227
0.9915218228505227
0.9915218228505227
0.9915218228505227
0.9915218228505227
0.9915218228505227
0.9915218228505227
0.9915218228505227
0.9915218228505227
0.9915218228505227
0.9915218228505227
0.9915218228505227
0.9915218228505227
0.9915218228505227
0.9915218228505227
0.9915218228505227
0.9915218228505227
0.9917989079156376
0.9917989079156376
0.9917989079156376
0.9917989079156376
0.9917989079156376
0.9917989079156376
0.9917989079156376
0.9917989079156376
0.9917989079156376
0.9917989079156376
0.9917989079156376
0.9917989079156376
0.9917989079156376
0.9917989079156376
0.9917989079156376
0.9917989079156376
0.9917989079156376
0.9917989079156376
0.9917989079156376
0.9917989079156376
0.9917989079156376
0.9917989079156376
0.9917989079156376
0.9917989079156376
0.9917989079156376
0.9921397395448128
0.9921397395448128
0.9921397395448128
0.9921397395448128
0.9921397395448128
0.9921397395448128
0.9921397395448128
0.9921397395448128
0.9921397395448128
0.9921397395448128
0.9921397395448128
0.9921397395448128
0.9924231862568311
0.9924231862568311
0.9924231862568311
0.9924231862568311
0.9927066329688492
0.9927066329688492
0.9927066329688492
0.9927066329688492
0.9927066329688492
0.9927066329688492
0.9927066329688492
0.9927066329688492
0.9927066329688492
0.9927066329688492
0.9927066329688492
0.9927066329688492
0.9927066329688492
0.9927066329688492
0.9927066329688492
0.9927066329688492
0.9927066329688492
0.9927066329688492
0.9927066329688492
0.9927066329688492
0.9927066329688492
0.9927066329688492
0.9927066329688492
0.9927066329688492
0.9927066329688492
0.9927066329688492
0.9927066329688492
0.9927066329688492
0.9927066329688492
0.9927066329688492
0.9927066329688492
0.9927066329688492
0.9927066329688492
0.9927066329688492
0.9927066329688492
0.9930474645980243
0.9930474645980243
0.9930474645980243
0.9930474645980243
0.9930474645980243
0.9930474645980243
0.9930474645980243
0.9930474645980243
0.9930474645980243
0.9930474645980243
0.9930474645980243
0.9930474645980243
0.9930474645980243
0.9930474645980243
0.9930474645980243
0.9930474645980243
0.9930474645980243
0.9933245496631393
0.9933245496631393
0.9933245496631393
0.9933245496631393
0.9933245496631393
0.9933245496631393
0.9933245496631393
0.9933245496631393
0.9933245496631393
0.9933245496631393
0.9933245496631393
0.9933245496631393
0.9933245496631393
0.9935634982891847
0.9935634982891847
0.9935634982891847
0.9935634982891847
0.9935634982891847
0.9935634982891847
0.9935634982891847
0.9935634982891847
0.9935634982891847
0.9935634982891847
0.9935634982891847
0.9935634982891847
0.9935634982891847
0.9935634982891847
0.9935634982891847
0.9935634982891847
0.9935634982891847
0.9935634982891847
0.9935634982891847
0.9935634982891847
0.993846945001203
0.993846945001203
0.993846945001203
0.993846945001203
0.994130391713221
0.994130391713221
0.994130391713221
0.994130391713221
0.994130391713221
0.994130391713221
0.994130391713221
0.994130391713221
0.994130391713221
0.994130391713221
0.994130391713221
0.994130391713221
0.994130391713221
0.994130391713221
0.9944074767783361
0.9944074767783361
0.9944074767783361
0.9944074767783361
0.9944074767783361
0.9944074767783361
0.9944074767783361
0.9944074767783361
0.9944074767783361
0.9944074767783361
0.9944074767783361
0.9944074767783361
0.9944074767783361
0.9944074767783361
0.9944074767783361
0.9944074767783361
0.9944074767783361
0.9944074767783361
0.9946909234903542
0.9946909234903542
0.9946909234903542
0.9946909234903542
0.9946909234903542
0.9946909234903542
0.9946909234903542
0.9946909234903542
0.9949298721163995
0.9949298721163995
0.9949298721163995
0.9949298721163995
0.9952500770475555
0.9952500770475555
0.9952500770475555
0.9952500770475555
0.9952500770475555
0.9952500770475555
0.9952500770475555
0.9952500770475555
0.9952500770475555
0.9952500770475555
0.9952500770475555
0.9952500770475555
0.9952500770475555
0.9952500770475555
0.9952500770475555
0.9952500770475555
0.9952500770475555
0.9952500770475555
0.9952500770475555
0.9952500770475555
0.9952500770475555
0.9952500770475555
0.9952500770475555
0.9952500770475555
0.9955909086767307
0.9955909086767307
0.9955909086767307
0.9955909086767307
0.9955909086767307
0.9955909086767307
0.9955909086767307
0.9955909086767307
0.9955909086767307
0.9955909086767307
0.9955909086767307
0.9955909086767307
0.9955909086767307
0.9955909086767307
0.9955909086767307
0.9955909086767307
0.9955909086767307
0.9955909086767307
0.9955909086767307
0.9955909086767307
0.9955909086767307
0.9955909086767307
0.9955909086767307
0.9955909086767307
0.9955909086767307
0.9955909086767307
0.9955909086767307
0.9955909086767307
0.9955909086767307
0.9955909086767307
0.9955909086767307
0.9955909086767307
0.9955909086767307
0.9955909086767307
0.9955909086767307
0.9955909086767307
0.9955909086767307
0.9955909086767307
0.9955909086767307
0.9955909086767307
0.9955909086767307
0.9955909086767307
0.9955909086767307
0.9955909086767307
0.9955909086767307
0.9955909086767307
0.9955909086767307
0.9955909086767307
0.9955909086767307
0.9955909086767307
0.9955909086767307
0.9955909086767307
0.9955909086767307
0.9955909086767307
0.9955909086767307
0.9955909086767307
0.9955909086767307
0.9955909086767307
0.9955909086767307
0.9955909086767307
0.9955909086767307
0.9955909086767307
0.9955909086767307
0.9955909086767307
0.9955909086767307
0.9955909086767307
0.9955909086767307
0.9955909086767307
0.9955909086767307
0.9955909086767307
0.9955909086767307
0.9955909086767307
0.9955909086767307
0.9955909086767307
0.9955909086767307
0.9955909086767307
0.9955909086767307
0.9958825388896206
0.9958825388896206
0.9958825388896206
0.9958825388896206
0.9958825388896206
0.9958825388896206
0.9958825388896206
0.9958825388896206
0.9958825388896206
0.9958825388896206
0.9958825388896206
0.9958825388896206
0.9958825388896206
0.9958825388896206
0.9958825388896206
0.9958825388896206
0.9958825388896206
0.9958825388896206
0.9958825388896206
0.9958825388896206
0.9958825388896206
0.9958825388896206
0.9958825388896206
0.9958825388896206
0.9958825388896206
0.9958825388896206
0.9958825388896206
0.9958825388896206
0.9958825388896206
0.9958825388896206
0.9958825388896206
0.9958825388896206
0.9958825388896206
0.9958825388896206
0.9958825388896206
0.9958825388896206
0.9958825388896206
0.9958825388896206
0.9958825388896206
0.9958825388896206
0.9958825388896206
0.9958825388896206
0.9958825388896206
0.9958825388896206
0.9958825388896206
0.9958825388896206
0.9958825388896206
0.9958825388896206
0.9958825388896206
0.9958825388896206
0.9958825388896206
0.9958825388896206
0.9958825388896206
0.9958825388896206
0.9958825388896206
0.9958825388896206
0.9958825388896206
0.9958825388896206
0.9958825388896206
0.9958825388896206
0.9958825388896206
0.9958825388896206
0.9958825388896206
0.9958825388896206
0.9958825388896206
0.9958825388896206
0.9958825388896206
0.9958825388896206
0.9958825388896206
0.9958825388896206
0.9958825388896206
0.9958825388896206
0.9958825388896206
0.9958825388896206
0.9958825388896206
0.9958825388896206
0.9958825388896206
0.9961596239547357
0.9961596239547357
0.9961596239547357
0.9961596239547357
0.9961596239547357
0.9961596239547357
0.9961596239547357
0.9961596239547357
0.9961596239547357
0.9961596239547357
0.9961596239547357
0.9961596239547357
0.9961596239547357
0.9961596239547357
0.9961596239547357
0.9961596239547357
0.9961596239547357
0.9961596239547357
0.9961596239547357
0.9961596239547357
0.9961596239547357
0.9961596239547357
0.9961596239547357
0.9961596239547357
0.9965837121650836
0.9965837121650836
0.9965837121650836
0.9965837121650836
0.9965837121650836
0.9965837121650836
0.9965837121650836
0.9965837121650836
0.9965837121650836
0.9965837121650836
0.9965837121650836
0.9965837121650836
0.9965837121650836
0.9965837121650836
0.9965837121650836
0.9965837121650836
0.9965837121650836
0.9965837121650836
0.9965837121650836
0.9965837121650836
0.9965837121650836
0.9968226607911288
0.9968226607911288
0.9968226607911288
0.9968226607911288
0.9968226607911288
0.9968226607911288
0.9968226607911288
0.9968226607911288
0.9968226607911288
0.9968226607911288
0.9968226607911288
0.9968226607911288
0.9968226607911288
0.9968226607911288
0.9968226607911288
0.9968226607911288
0.9968226607911288
0.9968226607911288
0.9968226607911288
0.9968226607911288
0.9968226607911288
0.9968226607911288
0.9968226607911288
0.9968226607911288
0.9968226607911288
0.9968226607911288
0.9968226607911288
0.9968226607911288
0.9968226607911288
0.9968226607911288
0.9968226607911288
0.9968226607911288
0.9968226607911288
0.9968226607911288
0.9968226607911288
0.9968226607911288
0.9968226607911288
0.9968226607911288
0.9968226607911288
0.9968226607911288
0.9968226607911288
0.9968226607911288
0.9968226607911288
0.9968226607911288
0.9968226607911288
0.9968226607911288
0.9968226607911288
0.9968226607911288
0.9968226607911288
0.9968226607911288
0.9968226607911288
0.9968226607911288
0.9968226607911288
0.9968226607911288
0.9968226607911288
0.9968226607911288
0.9968226607911288
0.9968226607911288
0.9968226607911288
0.9968226607911288
0.9968226607911288
0.9968226607911288
0.9970997458562437
0.9970997458562437
0.9970997458562437
0.9970997458562437
0.9970997458562437
0.9970997458562437
0.9970997458562437
0.9970997458562437
0.9970997458562437
0.9970997458562437
0.9970997458562437
0.9970997458562437
0.9970997458562437
0.9970997458562437
0.9970997458562437
0.9970997458562437
0.9970997458562437
0.9970997458562437
0.9970997458562437
0.9970997458562437
0.9970997458562437
0.9970997458562437
0.9970997458562437
0.9970997458562437
0.9970997458562437
0.9970997458562437
0.9970997458562437
0.9970997458562437
0.9970997458562437
0.9970997458562437
0.9970997458562437
0.9970997458562437
0.9970997458562437
0.9970997458562437
0.9970997458562437
0.9970997458562437
0.9970997458562437
0.9970997458562437
0.9970997458562437
0.9970997458562437
0.9970997458562437
0.9970997458562437
0.9970997458562437
0.9970997458562437
0.9970997458562437
0.9970997458562437
0.9970997458562437
0.9970997458562437
0.9970997458562437
0.9970997458562437
0.9970997458562437
0.9970997458562437
0.9970997458562437
0.9970997458562437
0.9970997458562437
0.9970997458562437
0.9970997458562437
0.9970997458562437
0.9970997458562437
0.9970997458562437
0.9970997458562437
0.9970997458562437
0.9970997458562437
0.9970997458562437
0.9970997458562437
0.9970997458562437
0.9970997458562437
0.9970997458562437
0.9970997458562437
0.9970997458562437
0.9970997458562437
0.9970997458562437
0.9970997458562437
0.9970997458562437
0.9970997458562437
0.9970997458562437
0.9970997458562437
0.9970997458562437
0.9970997458562437
0.9970997458562437
0.9970997458562437
0.9970997458562437
0.9970997458562437
0.9970997458562437
0.9970997458562437
0.9970997458562437
0.9970997458562437
0.9970997458562437
0.9970997458562437
0.9970997458562437
0.9970997458562437
0.9970997458562437
0.9970997458562437
0.9970997458562437
0.9970997458562437
0.9970997458562437
0.9970997458562437
0.9970997458562437
0.9970997458562437
0.9970997458562437
0.9970997458562437
0.9970997458562437
0.9970997458562437
0.9970997458562437
0.9970997458562437
0.9970997458562437
0.9970997458562437
0.9970997458562437
0.9970997458562437
0.9970997458562437
0.9970997458562437
0.9970997458562437
0.9970997458562437
0.9970997458562437
0.9970997458562437
0.9970997458562437
0.9970997458562437
0.9970997458562437
0.9970997458562437
0.9970997458562437
0.9970997458562437
0.9970997458562437
0.9973768309213588
0.9973768309213588
0.9973768309213588
0.9973768309213588
0.9973768309213588
0.9973768309213588
0.9973768309213588
0.9973768309213588
0.9973768309213588
0.9973768309213588
0.9973768309213588
0.9973768309213588
0.9973768309213588
0.9973768309213588
0.9973768309213588
0.9973768309213588
0.9973768309213588
0.9973768309213588
0.9973768309213588
0.9973768309213588
0.9973768309213588
0.9973768309213588
0.9973768309213588
0.9973768309213588
0.9973768309213588
0.9973768309213588
0.9973768309213588
0.9973768309213588
0.9973768309213588
0.9973768309213588
0.9973768309213588
0.9973768309213588
0.9973768309213588
0.9973768309213588
0.9973768309213588
0.9973768309213588
0.9973768309213588
0.9973768309213588
0.9973768309213588
0.9976602776333768
0.9976602776333768
0.9976602776333768
0.9976602776333768
0.9976602776333768
0.9976602776333768
0.9976602776333768
0.9976602776333768
0.9976602776333768
0.9976602776333768
0.9976602776333768
0.9976602776333768
0.9976602776333768
0.9976602776333768
0.9976602776333768
0.9976602776333768
0.9976602776333768
0.9976602776333768
0.9976602776333768
0.9976602776333768
0.9976602776333768
0.9976602776333768
0.9976602776333768
0.9976602776333768
0.9976602776333768
0.9976602776333768
0.9976602776333768
0.9976602776333768
0.9976602776333768
0.9976602776333768
0.9976602776333768
0.9976602776333768
0.9976602776333768
0.9976602776333768
0.9976602776333768
0.9976602776333768
0.9976602776333768
0.9976602776333768
0.9976602776333768
0.9976602776333768
0.9976602776333768
0.9976602776333768
0.9976602776333768
0.9976602776333768
0.9976602776333768
0.9976602776333768
0.9976602776333768
0.9976602776333768
0.9976602776333768
0.9976602776333768
0.9976602776333768
0.9976602776333768
0.9976602776333768
0.9976602776333768
0.9976602776333768
0.9976602776333768
0.9976602776333768
0.9976602776333768
0.9976602776333768
0.9976602776333768
0.9976602776333768
0.9976602776333768
0.9976602776333768
0.9976602776333768
0.9976602776333768
0.9976602776333768
0.9976602776333768
0.9976602776333768
0.9976602776333768
0.9976602776333768
0.9976602776333768
0.9976602776333768
0.9976602776333768
0.9976602776333768
0.9976602776333768
0.9976602776333768
0.9976602776333768
0.9976602776333768
0.9976602776333768
0.9976602776333768
0.9976602776333768
0.9976602776333768
0.9976602776333768
0.9976602776333768
0.9976602776333768
0.9976602776333768
0.9976602776333768
0.9976602776333768
0.9976602776333768
0.9976602776333768
0.9976602776333768
0.9976602776333768
0.9976602776333768
0.9976602776333768
0.9976602776333768
0.9976602776333768
0.9976602776333768
0.9976602776333768
0.9976602776333768
0.9976602776333768
0.9976602776333768
0.9976602776333768
0.9976602776333768
0.9976602776333768
0.9976602776333768
0.9976602776333768
0.9976602776333768
0.9976602776333768
0.9976602776333768
0.9976602776333768
0.9976602776333768
0.9976602776333768
0.9976602776333768
0.9976602776333768
0.9976602776333768
0.9976602776333768
0.997951907846267
0.997951907846267
0.997951907846267
0.997951907846267
0.997951907846267
0.997951907846267
0.997951907846267
0.997951907846267
0.997951907846267
0.997951907846267
0.997951907846267
0.997951907846267
0.997951907846267
0.997951907846267
0.997951907846267
0.997951907846267
0.9983150160525125
0.9983150160525125
0.9983150160525125
0.9983150160525125
0.9983150160525125
0.9983150160525125
0.9983150160525125
0.9983150160525125
0.9983150160525125
0.9983150160525125
0.9983150160525125
0.9983150160525125
0.9983150160525125
0.9983150160525125
0.9983150160525125
0.9983150160525125
0.9983150160525125
0.9983150160525125
0.9983150160525125
0.9983150160525125
0.9983150160525125
0.9983150160525125
0.9983150160525125
0.9983150160525125
0.9983150160525125
0.9983150160525125
0.9983150160525125
0.9983150160525125
0.9983150160525125
0.9983150160525125
0.9983150160525125
0.9983150160525125
0.9983150160525125
0.9983150160525125
0.9983150160525125
0.9983150160525125
0.9983150160525125
0.9983150160525125
0.9983150160525125
0.9983150160525125
0.9983150160525125
0.9983150160525125
0.9983150160525125
0.9983150160525125
0.9983150160525125
0.9983150160525125
0.9983150160525125
0.9983150160525125
0.9983150160525125
0.9983150160525125
0.9983150160525125
0.9983150160525125
0.9983150160525125
0.9983150160525125
0.9983150160525125
0.9983150160525125
0.9983150160525125
0.9983150160525125
0.9983150160525125
0.9983150160525125
0.9983150160525125
0.9983150160525125
0.9983150160525125
0.9983150160525125
0.9983150160525125
0.9983150160525125
0.9983150160525125
0.9983150160525125
0.9983150160525125
0.9983150160525125
0.9983150160525125
0.9983150160525125
0.9983150160525125
0.9983150160525125
0.9983150160525125
0.9983150160525125
0.9983150160525125
0.9983150160525125
0.9983150160525125
0.9983150160525125
0.9983150160525125
0.9983150160525125
0.9983150160525125
0.9983150160525125
0.9983150160525125
0.9983150160525125
0.9983150160525125
0.9983150160525125
0.9983150160525125
0.9983150160525125
0.9983150160525125
0.9983150160525125
0.9983150160525125
0.9983150160525125
0.9983150160525125
0.9983150160525125
0.9983150160525125
0.9983150160525125
0.9983150160525125
0.9983150160525125
0.9983150160525125
0.9983150160525125
0.9983150160525125
0.9983150160525125
0.9983150160525125
0.9983150160525125
0.9983150160525125
0.9983150160525125
0.9983150160525125
0.9983150160525125
0.9983150160525125
0.9983150160525125
0.9983150160525125
0.9983150160525125
0.9983150160525125
0.9983150160525125
0.9983150160525125
0.9983150160525125
0.9983150160525125
0.9983150160525125
0.9983150160525125
0.9983150160525125
0.9983150160525125
0.9983150160525125
0.9983150160525125
0.9983150160525125
0.9985984627645306
0.9985984627645306
0.9985984627645306
0.9985984627645306
0.9985984627645306
0.9985984627645306
0.9985984627645306
0.9985984627645306
0.9985984627645306
0.9985984627645306
0.9985984627645306
0.9985984627645306
0.9985984627645306
0.9985984627645306
0.9985984627645306
0.9985984627645306
0.9985984627645306
0.9985984627645306
0.9985984627645306
0.9985984627645306
0.9985984627645306
0.9985984627645306
0.9985984627645306
0.9985984627645306
0.9985984627645306
0.9985984627645306
0.9985984627645306
0.9985984627645306
0.9985984627645306
0.9985984627645306
0.9985984627645306
0.9985984627645306
0.9985984627645306
0.9985984627645306
0.9985984627645306
0.9985984627645306
0.9985984627645306
0.9985984627645306
0.9985984627645306
0.9985984627645306
0.9985984627645306
0.9985984627645306
0.9985984627645306
0.9985984627645306
0.9985984627645306
0.9985984627645306
0.9985984627645306
0.9985984627645306
0.9985984627645306
0.9985984627645306
0.9985984627645306
0.9988755478296455
0.9988755478296455
0.9988755478296455
0.9988755478296455
0.9988755478296455
0.9988755478296455
0.9988755478296455
0.9988755478296455
0.9988755478296455
0.9988755478296455
0.9988755478296455
0.9988755478296455
0.9988755478296455
0.9988755478296455
0.9988755478296455
0.9988755478296455
0.9988755478296455
0.9988755478296455
0.9988755478296455
0.9988755478296455
0.9988755478296455
0.9988755478296455
0.9988755478296455
0.9988755478296455
0.9988755478296455
0.9988755478296455
0.9988755478296455
0.9988755478296455
0.9988755478296455
0.9988755478296455
0.9988755478296455
0.9988755478296455
0.9988755478296455
0.9988755478296455
0.9988755478296455
0.9988755478296455
0.9988755478296455
0.9988755478296455
0.9988755478296455
0.9988755478296455
0.9988755478296455
0.9988755478296455
0.9988755478296455
0.9988755478296455
0.9988755478296455
0.9988755478296455
0.9988755478296455
0.9988755478296455
0.9988755478296455
0.9988755478296455
0.9988755478296455
0.9988755478296455
0.9988755478296455
0.9988755478296455
0.9988755478296455
0.9988755478296455
0.9988755478296455
0.9988755478296455
0.9988755478296455
0.9988755478296455
0.9988755478296455
0.9988755478296455
0.9988755478296455
0.9988755478296455
0.9988755478296455
0.9988755478296455
0.9991589945416638
0.9991589945416638
0.9991589945416638
0.9991589945416638
0.9991589945416638
0.9991589945416638
0.9991589945416638
0.9991589945416638
0.9991589945416638
0.9991589945416638
0.9991589945416638
0.9991589945416638
0.9991589945416638
0.9991589945416638
0.9991589945416638
0.9991589945416638
0.9991589945416638
0.9991589945416638
0.9991589945416638
0.9991589945416638
0.9991589945416638
0.9991589945416638
0.9991589945416638
0.9991589945416638
0.9991589945416638
0.9991589945416638
0.9991589945416638
0.9991589945416638
0.9991589945416638
0.9991589945416638
0.9991589945416638
0.9991589945416638
0.9991589945416638
0.9991589945416638
0.9991589945416638
0.9991589945416638
0.9991589945416638
0.9991589945416638
0.9991589945416638
0.9991589945416638
0.9991589945416638
0.9991589945416638
0.9991589945416638
0.9991589945416638
0.9991589945416638
0.9991589945416638
0.9991589945416638
0.9991589945416638
0.9991589945416638
0.9991589945416638
0.9991589945416638
0.9991589945416638
0.9991589945416638
0.9991589945416638
0.9991589945416638
0.9991589945416638
0.9991589945416638
0.9991589945416638
0.9991589945416638
0.9991589945416638
0.9991589945416638
0.9991589945416638
0.9991589945416638
0.9991589945416638
0.9991589945416638
0.9991589945416638
0.9991589945416638
0.9991589945416638
0.9991589945416638
0.9991589945416638
0.9991589945416638
0.9991589945416638
0.9991589945416638
0.9991589945416638
0.9991589945416638
0.9991589945416638
0.9991589945416638
0.9991589945416638
0.9991589945416638
0.9991589945416638
0.9991589945416638
0.9991589945416638
0.9991589945416638
0.9991589945416638
0.9991589945416638
0.9991589945416638
0.9991589945416638
0.9991589945416638
0.9991589945416638
0.9991589945416638
0.9991589945416638
0.9991589945416638
0.9991589945416638
0.9991589945416638
0.9991589945416638
0.9991589945416638
0.9991589945416638
0.9991589945416638
0.9991589945416638
0.9991589945416638
0.9991589945416638
0.9991589945416638
0.9991589945416638
0.9991589945416638
0.9991589945416638
0.9991589945416638
0.9991589945416638
0.9991589945416638
0.9991589945416638
0.9991589945416638
0.9991589945416638
0.9991589945416638
0.9991589945416638
0.9991589945416638
0.9991589945416638
0.9991589945416638
0.9991589945416638
0.9993979431677091
0.9993979431677091
0.9993979431677091
0.9993979431677091
0.9993979431677091
0.9993979431677091
0.9993979431677091
0.9993979431677091
0.9993979431677091
0.9993979431677091
0.9993979431677091
0.9993979431677091
0.9993979431677091
0.9993979431677091
0.9993979431677091
0.9993979431677091
0.9993979431677091
0.9993979431677091
0.9993979431677091
0.9993979431677091
0.9993979431677091
0.9993979431677091
0.9993979431677091
0.9993979431677091
0.9993979431677091
0.9993979431677091
0.9993979431677091
0.9993979431677091
0.9993979431677091
0.9993979431677091
0.9993979431677091
0.9993979431677091
0.9993979431677091
0.9993979431677091
0.9993979431677091
0.9993979431677091
0.9993979431677091
0.9993979431677091
0.9993979431677091
0.9993979431677091
0.9993979431677091
0.9993979431677091
0.9993979431677091
0.9993979431677091
0.9993979431677091
0.9993979431677091
0.9993979431677091
0.9993979431677091
0.9993979431677091
0.9993979431677091
0.9993979431677091
0.9993979431677091
0.9993979431677091
0.9993979431677091
0.9993979431677091
0.9993979431677091
0.9993979431677091
0.9993979431677091
0.9993979431677091
0.9993979431677091
0.9993979431677091
0.9993979431677091
0.9993979431677091
0.9993979431677091
0.9993979431677091
0.9993979431677091
0.9993979431677091
0.9993979431677091
0.9993979431677091
0.9993979431677091
0.9993979431677091
0.9993979431677091
0.9993979431677091
0.9993979431677091
0.9993979431677091
0.9993979431677091
0.9993979431677091
0.9993979431677091
0.9993979431677091
0.9993979431677091
0.9993979431677091
0.9993979431677091
0.9993979431677091
0.9993979431677091
0.9993979431677091
0.9993979431677091
0.9993979431677091
0.9993979431677091
0.9993979431677091
0.9993979431677091
0.9993979431677091
0.9993979431677091
0.9993979431677091
0.9993979431677091
0.9993979431677091
0.9993979431677091
0.9993979431677091
0.9993979431677091
0.9993979431677091
0.9993979431677091
0.9993979431677091
0.9993979431677091
0.9993979431677091
0.9993979431677091
0.9993979431677091
0.9993979431677091
0.9993979431677091
0.9993979431677091
0.9993979431677091
0.9993979431677091
0.9993979431677091
0.9993979431677091
0.9993979431677091
0.9993979431677091
0.9993979431677091
0.9993979431677091
0.9993979431677091
0.9993979431677091
0.9993979431677091
0.9993979431677091
0.9993979431677091
0.9993979431677091
0.9993979431677091
0.9993979431677091
0.9993979431677091
0.9993979431677091
0.9993979431677091
0.9993979431677091
0.9993979431677091
0.9993979431677091
0.9993979431677091
0.9993979431677091
0.9993979431677091
0.9993979431677091
0.9993979431677091
0.9993979431677091
0.9993979431677091
0.9993979431677091
0.9993979431677091
0.9993979431677091
0.9993979431677091
0.9993979431677091
0.9993979431677091
0.9993979431677091
0.9993979431677091
0.9993979431677091
0.9993979431677091
0.9993979431677091
0.9993979431677091
0.9993979431677091
0.9993979431677091
0.9993979431677091
0.9993979431677091
0.9993979431677091
0.9993979431677091
0.9993979431677091
0.9993979431677091
0.9993979431677091
0.9993979431677091
0.9993979431677091
0.9993979431677091
0.9993979431677091
0.9993979431677091
0.9993979431677091
0.9993979431677091
0.9993979431677091
0.9993979431677091
0.9993979431677091
0.9993979431677091
0.9993979431677091
0.9993979431677091
0.9993979431677091
0.9993979431677091
0.9993979431677091
0.9993979431677091
0.9993979431677091
0.9993979431677091
0.9993979431677091
0.9993979431677091
0.9993979431677091
0.9993979431677091
0.9993979431677091
0.9993979431677091
0.9993979431677091
0.9993979431677091
0.9993979431677091
0.9993979431677091
0.9993979431677091
0.9993979431677091
0.9993979431677091
0.9993979431677091
0.9993979431677091
0.9993979431677091
0.9993979431677091
0.9993979431677091
0.9993979431677091
0.9993979431677091
0.9993979431677091
0.9993979431677091
0.9996368917937546
0.9996368917937546
0.9996368917937546
0.9996368917937546
0.9996368917937546
0.9996368917937546
0.9996368917937546
0.9996368917937546
0.9996368917937546
0.9996368917937546
0.9996368917937546
0.9996368917937546
0.9996368917937546
0.9996368917937546
0.9996368917937546
0.9996368917937546
0.9996368917937546
0.9996368917937546
0.9996368917937546
0.9996368917937546
0.9996368917937546
0.9996368917937546
0.9996368917937546
0.9996368917937546
0.9996368917937546
0.9996368917937546
0.9996368917937546
0.9996368917937546
0.9996368917937546
0.9996368917937546
0.9996368917937546
0.9996368917937546
0.9996368917937546
0.9996368917937546
0.9996368917937546
0.9996368917937546
0.9996368917937546
0.9996368917937546
0.9996368917937546
0.9996368917937546
0.9996368917937546
0.9996368917937546
0.9996368917937546
0.9996368917937546
0.9996368917937546
0.9996368917937546
0.9996368917937546
0.9996368917937546
0.9996368917937546
0.9996368917937546
0.9996368917937546
0.9996368917937546
0.9996368917937546
0.9996368917937546
0.9996368917937546
0.9996368917937546
0.9996368917937546
0.9996368917937546
0.9996368917937546
0.9996368917937546
0.9996368917937546
0.9996368917937546
0.9996368917937546
0.9996368917937546
0.9996368917937546
0.9996368917937546
0.9996368917937546
0.9996368917937546
0.9996368917937546
0.9996368917937546
0.9996368917937546
0.9996368917937546
0.9996368917937546
0.9996368917937546
0.9996368917937546
0.9996368917937546
0.9996368917937546
0.9996368917937546
0.9996368917937546
0.9996368917937546
0.9996368917937546
0.9996368917937546
0.9996368917937546
0.9996368917937546
0.9996368917937546
0.9996368917937546
0.9996368917937546
0.9996368917937546
0.9996368917937546
0.9996368917937546
0.9996368917937546
0.9996368917937546
0.9996368917937546
0.9996368917937546
0.9996368917937546
0.9996368917937546
0.9996368917937546
0.9996368917937546
0.9996368917937546
0.9996368917937546
0.9996368917937546
0.9996368917937546
0.9996368917937546
0.9996368917937546
0.9996368917937546
0.9996368917937546
0.9996368917937546
0.9996368917937546
0.9996368917937546
0.9996368917937546
0.9996368917937546
0.9996368917937546
0.9996368917937546
0.9996368917937546
0.9996368917937546
0.9996368917937546
0.9996368917937546
0.9996368917937546
0.9996368917937546
0.9996368917937546
0.9996368917937546
0.9996368917937546
0.9996368917937546
0.9996368917937546
0.9996368917937546
0.9996368917937546
0.9996368917937546
0.9996368917937546
0.9996368917937546
0.9996368917937546
0.9996368917937546
0.9996368917937546
0.9996368917937546
0.9996368917937546
0.9996368917937546
0.9996368917937546
0.9996368917937546
0.9996368917937546
0.9996368917937546
0.9996368917937546
0.9996368917937546
0.9996368917937546
0.9996368917937546
0.9996368917937546
0.9996368917937546
0.9996368917937546
0.9996368917937546
0.9996368917937546
0.9996368917937546
0.9996368917937546
0.9996368917937546
0.9996368917937546
0.9996368917937546
0.9996368917937546
0.9996368917937546
0.9996368917937546
0.9996368917937546
0.9996368917937546
0.9996368917937546
0.9996368917937546
0.9996368917937546
0.9996368917937546
0.9996368917937546
0.9996368917937546
0.9996368917937546
0.9996368917937546
0.9996368917937546
0.9996368917937546
0.9996368917937546
0.9996368917937546
0.9996368917937546
0.9996368917937546
0.9996368917937546
0.9996368917937546
0.9996368917937546
0.9996368917937546
0.9996368917937546
0.9996368917937546
0.9996368917937546
0.9996368917937546
0.9996368917937546
0.9996368917937546
0.9996368917937546
0.9996368917937546
0.9996368917937546
0.9996368917937546
0.9996368917937546
0.9996368917937546
0.9996368917937546
0.9996368917937546
0.9996368917937546
0.9996368917937546
0.9996368917937546
0.9996368917937546
0.9996368917937546
0.9996368917937546
0.9996368917937546
0.9996368917937546
0.9996368917937546
0.9996368917937546
0.9996368917937546
0.9996368917937546
0.9996368917937546
0.9996368917937546
0.9996368917937546
0.9996368917937546
0.9996368917937546
0.9996368917937546
0.9996368917937546
0.9996368917937546
0.9996368917937546
0.9996368917937546
0.9996368917937546
0.9996368917937546
0.9996368917937546
0.9996368917937546
0.9996368917937546
0.9996368917937546
0.9996368917937546
0.9996368917937546
0.9996368917937546
0.9996368917937546
1.0
1.0
