0.0
0.0
0.0
0.0
0.0
0.0
0.009389367512992242
0.009389367512992242
0.009389367512992242
0.017652868389727527
0.02786409359482486
0.02786409359482486
0.03125390324457772
0.05648734958722411
0.07681737915026739
0.07681737915026739
0.082183221306744
0.082183221306744
0.08685748124869459
0.10439515753280755
0.1317489406515308
0.14755468414573894
0.14755468414573894
0.14755468414573894
0.17210755412440157
0.18593900252566317
0.18593900252566317
0.1992935905783977
0.20020433739078386
0.22408718865355792
0.22408718865355792
0.22408718865355792
0.24552699844419154
0.24723731097091514
0.2807878926618126
0.2807878926618126
0.2807878926618126
0.2833267919934751
0.2957175294639426
0.3240420142689289
0.3240420142689289
0.3414613300042571
0.3414613300042571
0.356767265218081
0.3778267847790404
0.3786622066670939
0.3786622066670939
0.3786622066670939
0.3863128115848229
0.4170496725574976
0.4215454336856084
0.4285252412192759
0.4285252412192759
0.4285252412192759
0.47082068903049556
0.4957492719576018
0.49874234643371096
0.49965309324609714
0.49965309324609714
0.520669192633808
0.520669192633808
0.520669192633808
0.5382037208466041
0.5382037208466041
0.5641950742791614
0.5764453509872206
0.5764453509872206
0.5773202416258907
0.5798524118447195
0.6139389309900236
0.6139389309900236
0.6139389309900236
0.6139389309900236
0.6139389309900236
0.6413200229058215
0.644733812876154
0.6680193854441048
0.669840879068877
0.669840879068877
0.6736761045458735
0.6736761045458735
0.6736761045458735
0.6736761045458735
0.6823335390146872
0.6976266394047566
0.6976266394047566
0.6976266394047566
0.7098116600502515
0.7098116600502515
0.712451788860915
0.7322827783483058
0.7331441047910275
0.7331441047910275
0.7331441047910275
0.7457394992410116
0.7457394992410116
0.7457394992410116
0.7523829613381303
0.7660658097106761
0.7688413066930155
0.7688413066930155
0.7714196747752948
0.7714196747752948
0.7752316768808414
0.7903068365102789
0.7903068365102789
0.7903068365102789
0.7903068365102789
0.7903068365102789
0.8057045191551222
0.8057045191551222
0.8152984497060631
0.8152984497060631
0.8161733403447333
0.8187808354878948
0.8187808354878948
0.819655726126565
0.819655726126565
0.8214018948270045
0.8316625897164127
0.835652545280185
0.835652545280185
0.835652545280185
0.835652545280185
0.835652545280185
0.8365632920925712
0.8365632920925712
0.8365632920925712
0.8365632920925712
0.852485144748252
0.852485144748252
0.8542639471161938
0.8569176401228056
0.8569176401228056
0.8611360365774972
0.8628327849082725
0.8628327849082725
0.8628327849082725
0.8628327849082725
0.8748378022755923
0.8748378022755923
0.8748378022755923
0.881596867467063
0.881596867467063
0.8833689407221708
0.8833689407221708
0.8856686905947363
0.8856686905947363
0.8856686905947363
0.8917912540459229
0.8917912540459229
0.8939230020793101
0.895863077173596
0.9044125530505751
0.9044125530505751
0.9074123566395179
0.9074123566395179
0.9074123566395179
0.9074123566395179
0.9100728847292445
0.9211474814654541
0.9211474814654541
0.9211474814654541
0.9211474814654541
0.9268131631348014
0.9268131631348014
0.9268131631348014
0.9268131631348014
0.928591965502743
0.9311241357215719
0.93289620897668
0.93289620897668
0.93289620897668
0.93289620897668
0.9401076799074808
0.9453724806341549
0.9453724806341549
0.9453724806341549
0.9453724806341549
0.9453724806341549
0.9453724806341549
0.9479564599623203
0.9479564599623203
0.948817786405042
0.948817786405042
0.948817786405042
0.9528142846083826
0.9528142846083826
0.9528142846083826
0.954599922059439
0.954599922059439
0.954599922059439
0.954599922059439
0.954599922059439
0.9575638694746659
0.9575638694746659
0.9575638694746659
0.9584319250302215
0.9584319250302215
0.9584319250302215
0.9584319250302215
0.9584319250302215
0.9584319250302215
0.9593068156688916
0.9593068156688916
0.9593068156688916
0.9593068156688916
0.9636572570062787
0.9636572570062787
0.9636572570062787
0.9636572570062787
0.9636572570062787
0.9636572570062787
0.9636572570062787
0.9636572570062787
0.9636572570062787
0.9636572570062787
0.9636572570062787
0.9636572570062787
0.9664789518520686
0.9693967014038452
0.9693967014038452
0.9693967014038452
0.9693967014038452
0.9693967014038452
0.9693967014038452
0.9693967014038452
0.9693967014038452
0.9693967014038452
0.9693967014038452
0.9703074482162312
0.9703074482162312
0.9703074482162312
0.9720177607429549
0.9720177607429549
0.9720177607429549
0.9720177607429549
0.9720177607429549
0.9720177607429549
0.9720177607429549
0.9720177607429549
0.9759719141792166
0.9759719141792166
0.9759719141792166
0.9768826609916028
0.9768826609916028
0.9844481269805255
0.9844481269805255
0.9844481269805255
0.9844481269805255
0.9844481269805255
0.9844481269805255
0.9874020251495642
0.9874020251495642
0.9874020251495642
0.9874020251495642
0.9874020251495642
0.9874020251495642
0.9874020251495642
0.9874020251495642
0.9874020251495642
0.9874020251495642
0.9874020251495642
0.9882769157882344
0.9882769157882344
0.9891382422309563
0.9891382422309563
0.9891382422309563
0.9891382422309563
0.9891382422309563
0.9891382422309563
0.9891382422309563
0.9891382422309563
0.9891382422309563
0.989999568673678
0.990910315486064
0.990910315486064
0.990910315486064
0.990910315486064
0.990910315486064
0.990910315486064
0.990910315486064
0.990910315486064
0.990910315486064
0.990910315486064
0.9917852061247342
0.9917852061247342
0.9917852061247342
0.9917852061247342
0.9917852061247342
0.9917852061247342
0.9917852061247342
0.9917852061247342
0.9917852061247342
0.9917852061247342
0.9917852061247342
0.9917852061247342
0.9917852061247342
0.9917852061247342
0.9917852061247342
0.9917852061247342
0.9917852061247342
0.9917852061247342
0.9917852061247342
0.9917852061247342
0.9917852061247342
0.9917852061247342
0.9917852061247342
0.9917852061247342
0.9917852061247342
0.9917852061247342
0.9917852061247342
0.9917852061247342
0.9917852061247342
0.9917852061247342
0.9917852061247342
0.9917852061247342
0.9917852061247342
0.9926206280127877
0.9926206280127877
0.9926206280127877
0.9935313748251738
0.9943927012678956
0.9943927012678956
0.9943927012678956
0.9943927012678956
0.9943927012678956
0.9943927012678956
0.9943927012678956
0.9943927012678956
0.9943927012678956
0.9943927012678956
0.9943927012678956
0.9943927012678956
0.9943927012678956
0.9943927012678956
0.9943927012678956
0.9943927012678956
0.9943927012678956
0.9943927012678956
0.9952540277106174
0.9961647745230037
0.9961647745230037
0.9961647745230037
0.9961647745230037
0.9961647745230037
0.9961647745230037
0.9961647745230037
0.9961647745230037
0.9961647745230037
0.9961647745230037
0.9961647745230037
0.9961647745230037
0.9961647745230037
0.9961647745230037
0.9961647745230037
0.9979435768909453
0.9979435768909453
0.9979435768909453
0.9979435768909453
0.9979435768909453
0.9979435768909453
0.9979435768909453
0.9979435768909453
0.9979435768909453
0.9979435768909453
0.9979435768909453
0.9979435768909453
0.9979435768909453
0.9979435768909453
0.9979435768909453
0.9979435768909453
0.9979435768909453
0.9979435768909453
0.9979435768909453
0.9979435768909453
0.9979435768909453
0.9979435768909453
0.9979435768909453
0.9979435768909453
0.9979435768909453
0.9979435768909453
0.9979435768909453
0.9979435768909453
0.9979435768909453
0.9979435768909453
0.9979435768909453
0.9979435768909453
0.9979435768909453
0.9979435768909453
0.9979435768909453
0.9979435768909453
0.9979435768909453
0.9979435768909453
0.9979435768909453
0.9979435768909453
0.9979435768909453
0.9979435768909453
0.9979435768909453
0.9979435768909453
0.9979435768909453
0.9979435768909453
0.9979435768909453
0.9979435768909453
0.9979435768909453
0.9979435768909453
0.9979435768909453
0.9979435768909453
0.9979435768909453
0.9979435768909453
0.9979435768909453
0.9979435768909453
0.9979435768909453
0.9979435768909453
0.9979435768909453
0.9979435768909453
0.9979435768909453
0.9979435768909453
0.9979435768909453
0.9979435768909453
0.9979435768909453
0.9979435768909453
0.9979435768909453
0.9979435768909453
0.9979435768909453
0.9979435768909453
0.9979435768909453
0.9979435768909453
0.9979435768909453
0.9979435768909453
0.9979435768909453
0.9979435768909453
0.9979435768909453
0.9979435768909453
0.9979435768909453
0.9979435768909453
0.9979435768909453
0.9979435768909453
0.9979435768909453
0.9979435768909453
0.9979435768909453
0.9979435768909453
0.9979435768909453
0.9979435768909453
0.9979435768909453
0.9979435768909453
0.9979435768909453
0.9979435768909453
0.9979435768909453
0.9979435768909453
0.9979435768909453
0.9979435768909453
0.9979435768909453
0.9979435768909453
0.9979435768909453
0.9979435768909453
0.9979435768909453
0.9979435768909453
0.9979435768909453
0.9979435768909453
0.9979435768909453
0.9979435768909453
0.9979435768909453
0.9979435768909453
0.9979435768909453
0.9979435768909453
0.9979435768909453
0.9979435768909453
0.9979435768909453
0.9979435768909453
0.9979435768909453
0.9979435768909453
0.9979435768909453
0.9979435768909453
0.9979435768909453
0.9979435768909453
0.9979435768909453
0.9979435768909453
0.9979435768909453
0.9979435768909453
0.9979435768909453
0.9979435768909453
0.9979435768909453
0.9979435768909453
0.9979435768909453
0.9979435768909453
0.9979435768909453
0.9979435768909453
0.9979435768909453
0.9979435768909453
0.9979435768909453
0.9979435768909453
0.9979435768909453
0.9979435768909453
0.9979435768909453
0.9979435768909453
0.9979435768909453
0.9979435768909453
0.9979435768909453
0.9979435768909453
0.9979435768909453
0.9979435768909453
0.9979435768909453
0.9979435768909453
0.9979435768909453
0.9979435768909453
0.9979435768909453
0.9979435768909453
0.9979435768909453
0.9991645781119465
0.9991645781119465
0.9991645781119465
0.9991645781119465
0.9991645781119465
0.9991645781119465
0.9991645781119465
0.9991645781119465
0.9991645781119465
0.9991645781119465
0.9991645781119465
0.9991645781119465
0.9991645781119465
0.9991645781119465
0.9991645781119465
0.9991645781119465
0.9991645781119465
0.9991645781119465
0.9991645781119465
0.9991645781119465
0.9991645781119465
0.9991645781119465
0.9991645781119465
0.9991645781119465
0.9991645781119465
0.9991645781119465
0.9991645781119465
0.9991645781119465
0.9991645781119465
0.9991645781119465
0.9991645781119465
0.9991645781119465
0.9991645781119465
0.9991645781119465
0.9991645781119465
0.9991645781119465
0.9991645781119465
0.9991645781119465
0.9991645781119465
0.9991645781119465
0.9991645781119465
0.9991645781119465
0.9991645781119465
0.9991645781119465
0.9991645781119465
0.9991645781119465
0.9991645781119465
0.9991645781119465
0.9991645781119465
0.9991645781119465
0.9991645781119465
1.0
1.0
