0.0
0.0
0.0
0.0
0.0
0.0
0.0
0.0
0.0
0.0
0.0
0.0
0.0
0.0
0.0
0.0
0.005060616171727283
0.005060616171727283
0.007118229340451563
0.007118229340451563
0.007118229340451563
0.007118229340451563
0.007118229340451563
0.007118229340451563
0.007118229340451563
0.014888872612449847
0.014888872612449847
0.014888872612449847
0.014888872612449847
0.014888872612449847
0.014888872612449847
0.014888872612449847
0.014888872612449847
0.01998831167415306
0.01998831167415306
0.01998831167415306
0.01998831167415306
0.0261305015303449
0.028188114699069185
0.028188114699069185
0.028188114699069185
0.028188114699069185
0.028188114699069185
0.028188114699069185
0.028188114699069185
0.029775416286370773
0.029775416286370773
0.029775416286370773
0.029775416286370773
0.029775416286370773
0.036531197184133404
0.03848051492292483
0.03848051492292483
0.03848051492292483
0.03848051492292483
0.03848051492292483
0.04057695098162503
0.04057695098162503
0.04057695098162503
0.04057695098162503
0.04057695098162503
0.04057695098162503
0.04057695098162503
0.04057695098162503
0.05024196190449759
0.05024196190449759
0.05024196190449759
0.05271109770696673
0.05271109770696673
0.05271109770696673
0.05271109770696673
0.05271109770696673
0.05271109770696673
0.05271109770696673
0.05271109770696673
0.05747873797596201
0.05747873797596201
0.05747873797596201
0.05747873797596201
0.05747873797596201
0.05747873797596201
0.05747873797596201
0.05747873797596201
0.05747873797596201
0.05747873797596201
0.05747873797596201
0.05747873797596201
0.05747873797596201
0.05747873797596201
0.05747873797596201
0.06167161009336243
0.06167161009336243
0.06167161009336243
0.06167161009336243
0.06376804615206264
0.06376804615206264
0.06376804615206264
0.06376804615206264
0.06376804615206264
0.06376804615206264
0.06376804615206264
0.06766668162964548
0.06766668162964548
0.0718595537470459
0.0718595537470459
0.0718595537470459
0.0718595537470459
0.0718595537470459
0.0718595537470459
0.0718595537470459
0.0718595537470459
0.0718595537470459
0.0718595537470459
0.0718595537470459
0.0718595537470459
0.0718595537470459
0.0758664846545616
0.0758664846545616
0.08238137425452235
0.08238137425452235
0.08238137425452235
0.08238137425452235
0.08238137425452235
0.08238137425452235
0.08238137425452235
0.08238137425452235
0.08238137425452235
0.08238137425452235
0.08238137425452235
0.08238137425452235
0.08238137425452235
0.08238137425452235
0.08238137425452235
0.08238137425452235
0.08238137425452235
0.08653542348194686
0.08653542348194686
0.08971002665655003
0.08971002665655003
0.08971002665655003
0.08971002665655003
0.08971002665655003
0.09801812511139901
0.09801812511139901
0.1000757382801233
0.1000757382801233
0.1000757382801233
0.1000757382801233
0.1000757382801233
0.1000757382801233
0.1000757382801233
0.1000757382801233
0.10464131014129263
0.10464131014129263
0.10464131014129263
0.10673774619999284
0.10673774619999284
0.10673774619999284
0.10673774619999284
0.10673774619999284
0.11196996254332031
0.11196996254332031
0.11196996254332031
0.11196996254332031
0.11196996254332031
0.11196996254332031
0.11196996254332031
0.11196996254332031
0.11406639860202053
0.11872574344108294
0.12082217949978315
0.12082217949978315
0.12082217949978315
0.12291861555848335
0.12291861555848335
0.12291861555848335
0.12291861555848335
0.12291861555848335
0.12291861555848335
0.12291861555848335
0.12291861555848335
0.13048719042265572
0.13048719042265572
0.1320744920099573
0.1320744920099573
0.1320744920099573
0.1320744920099573
0.1320744920099573
0.1320744920099573
0.13612024580744894
0.13612024580744894
0.13612024580744894
0.13612024580744894
0.13612024580744894
0.14016599960494056
0.14016599960494056
0.14016599960494056
0.14016599960494056
0.14016599960494056
0.14016599960494056
0.14016599960494056
0.14016599960494056
0.14016599960494056
0.14016599960494056
0.14016599960494056
0.14016599960494056
0.14226243566364075
0.14435887172234096
0.15148735236387253
0.15148735236387253
0.15148735236387253
0.15148735236387253
0.15148735236387253
0.15148735236387253
0.15148735236387253
0.15148735236387253
0.15148735236387253
0.15148735236387253
0.15148735236387253
0.15148735236387253
0.16170594566753702
0.16170594566753702
0.16170594566753702
0.16170594566753702
0.16170594566753702
0.16170594566753702
0.16170594566753702
0.16589881778493742
0.16589881778493742
0.16836795358740655
0.16836795358740655
0.16836795358740655
0.16836795358740655
0.17820456468187929
0.17820456468187929
0.17820456468187929
0.17820456468187929
0.18067370048434842
0.18067370048434842
0.18067370048434842
0.18067370048434842
0.18067370048434842
0.18067370048434842
0.18067370048434842
0.18067370048434842
0.18067370048434842
0.1870674652306212
0.1870674652306212
0.1870674652306212
0.1870674652306212
0.1870674652306212
0.1870674652306212
0.1870674652306212
0.1870674652306212
0.18901678296941263
0.18901678296941263
0.18901678296941263
0.18901678296941263
0.18901678296941263
0.19201978597241565
0.19201978597241565
0.19201978597241565
0.19201978597241565
0.19201978597241565
0.19201978597241565
0.19201978597241565
0.19201978597241565
0.19201978597241565
0.19201978597241565
0.19201978597241565
0.19201978597241565
0.19201978597241565
0.1986284485502695
0.1986284485502695
0.1986284485502695
0.1986284485502695
0.1986284485502695
0.1986284485502695
0.1986284485502695
0.1986284485502695
0.1986284485502695
0.1986284485502695
0.1986284485502695
0.1986284485502695
0.20368906472199677
0.2106964205098404
0.2106964205098404
0.2106964205098404
0.2148892926272408
0.2148892926272408
0.2148892926272408
0.2148892926272408
0.2148892926272408
0.2148892926272408
0.2148892926272408
0.2148892926272408
0.2148892926272408
0.2148892926272408
0.22193804942773543
0.22193804942773543
0.22193804942773543
0.22193804942773543
0.22193804942773543
0.22388736716652685
0.22388736716652685
0.22388736716652685
0.22388736716652685
0.22388736716652685
0.22388736716652685
0.22388736716652685
0.22388736716652685
0.22594498033525115
0.22594498033525115
0.22594498033525115
0.22594498033525115
0.22594498033525115
0.22594498033525115
0.22594498033525115
0.22804141639395134
0.22804141639395134
0.22804141639395134
0.22804141639395134
0.23013785245265156
0.23013785245265156
0.23838716195982268
0.23838716195982268
0.23838716195982268
0.23838716195982268
0.23838716195982268
0.23838716195982268
0.23838716195982268
0.23838716195982268
0.23838716195982268
0.23838716195982268
0.23838716195982268
0.23838716195982268
0.23838716195982268
0.2475323548190175
0.2475323548190175
0.25736061125974014
0.25736061125974014
0.2600706383600111
0.2600706383600111
0.2600706383600111
0.2620199560988026
0.2620199560988026
0.2620199560988026
0.26360725768610416
0.26360725768610416
0.26360725768610416
0.2702692656059737
0.2702692656059737
0.2702692656059737
0.2702692656059737
0.2702692656059737
0.2702692656059737
0.2702692656059737
0.2702692656059737
0.2702692656059737
0.2702692656059737
0.2744621377233741
0.2744621377233741
0.2744621377233741
0.2764114554621655
0.2764114554621655
0.2764114554621655
0.2764114554621655
0.2764114554621655
0.2764114554621655
0.2764114554621655
0.2764114554621655
0.2764114554621655
0.2764114554621655
0.2800951931081673
0.2800951931081673
0.2800951931081673
0.2843925217957399
0.2843925217957399
0.2843925217957399
0.28710254889601095
0.28710254889601095
0.28710254889601095
0.28710254889601095
0.28710254889601095
0.28710254889601095
0.28710254889601095
0.28710254889601095
0.28710254889601095
0.28710254889601095
0.2886898504833125
0.29063916822210395
0.29063916822210395
0.29063916822210395
0.29063916822210395
0.29063916822210395
0.29063916822210395
0.29063916822210395
0.29063916822210395
0.2990249124569048
0.2990249124569048
0.2990249124569048
0.2990249124569048
0.3115458080628716
0.3115458080628716
0.3115458080628716
0.3140149438653407
0.3140149438653407
0.32341171161461646
0.32341171161461646
0.32341171161461646
0.32341171161461646
0.32341171161461646
0.32341171161461646
0.32499901320191804
0.32499901320191804
0.32800201620492103
0.32800201620492103
0.32800201620492103
0.32800201620492103
0.32800201620492103
0.32800201620492103
0.32800201620492103
0.32800201620492103
0.32800201620492103
0.3352776151663614
0.3352776151663614
0.3352776151663614
0.3352776151663614
0.34179250476632217
0.34179250476632217
0.34179250476632217
0.34179250476632217
0.34179250476632217
0.34179250476632217
0.34337980635362375
0.34337980635362375
0.34337980635362375
0.34337980635362375
0.34337980635362375
0.34337980635362375
0.34337980635362375
0.349012861738417
0.349012861738417
0.349012861738417
0.349012861738417
0.349012861738417
0.349012861738417
0.349012861738417
0.349012861738417
0.349012861738417
0.349012861738417
0.349012861738417
0.349012861738417
0.349012861738417
0.35301979264593275
0.35511622870463294
0.35511622870463294
0.35511622870463294
0.3567035302919345
0.3587999663506347
0.3587999663506347
0.3587999663506347
0.3587999663506347
0.3587999663506347
0.3587999663506347
0.3587999663506347
0.3587999663506347
0.366902157537897
0.366902157537897
0.366902157537897
0.366902157537897
0.366902157537897
0.366902157537897
0.366902157537897
0.366902157537897
0.366902157537897
0.366902157537897
0.366902157537897
0.366902157537897
0.366902157537897
0.366902157537897
0.366902157537897
0.366902157537897
0.366902157537897
0.366902157537897
0.366902157537897
0.366902157537897
0.366902157537897
0.366902157537897
0.366902157537897
0.366902157537897
0.366902157537897
0.36899859359659726
0.3751407834527891
0.3751407834527891
0.3751407834527891
0.3751407834527891
0.3751407834527891
0.3751407834527891
0.3751407834527891
0.3751407834527891
0.3751407834527891
0.3751407834527891
0.3751407834527891
0.3751407834527891
0.3751407834527891
0.38165567305274983
0.38165567305274983
0.38165567305274983
0.38570142685024156
0.38570142685024156
0.38570142685024156
0.38989429896764194
0.38989429896764194
0.38989429896764194
0.38989429896764194
0.38989429896764194
0.38989429896764194
0.38989429896764194
0.3935780366136437
0.3935780366136437
0.3935780366136437
0.3935780366136437
0.3935780366136437
0.3935780366136437
0.3935780366136437
0.3986774756753469
0.3986774756753469
0.3986774756753469
0.3986774756753469
0.3986774756753469
0.4016804786783499
0.4079309639644746
0.4079309639644746
0.4079309639644746
0.4079309639644746
0.4079309639644746
0.4079309639644746
0.4079309639644746
0.4079309639644746
0.4079309639644746
0.4079309639644746
0.4079309639644746
0.41340310276994674
0.41340310276994674
0.415499538828647
0.415499538828647
0.415499538828647
0.415499538828647
0.415499538828647
0.41744885656743835
0.41903615815474
0.41903615815474
0.41903615815474
0.41903615815474
0.41903615815474
0.41903615815474
0.41903615815474
0.42748753606973705
0.42748753606973705
0.43696402766004977
0.43696402766004977
0.43696402766004977
0.43696402766004977
0.43696402766004977
0.43696402766004977
0.43696402766004977
0.43696402766004977
0.43696402766004977
0.43696402766004977
0.43696402766004977
0.4429700336660558
0.4429700336660558
0.4429700336660558
0.445066469724756
0.445066469724756
0.445066469724756
0.4525962216989524
0.4525962216989524
0.4525962216989524
0.4525962216989524
0.4525962216989524
0.4525962216989524
0.4525962216989524
0.4588467069850771
0.4588467069850771
0.4588467069850771
0.4588467069850771
0.4588467069850771
0.4588467069850771
0.4588467069850771
0.4588467069850771
0.4588467069850771
0.4588467069850771
0.46094314304377737
0.46094314304377737
0.46094314304377737
0.47068787780768684
0.47068787780768684
0.47068787780768684
0.47068787780768684
0.47068787780768684
0.47068787780768684
0.47068787780768684
0.47068787780768684
0.47068787780768684
0.47068787780768684
0.47068787780768684
0.47068787780768684
0.47068787780768684
0.472784313866387
0.47907362204248766
0.47907362204248766
0.47907362204248766
0.47907362204248766
0.47907362204248766
0.47907362204248766
0.47907362204248766
0.47907362204248766
0.47907362204248766
0.47907362204248766
0.47907362204248766
0.47907362204248766
0.48066092362978924
0.48066092362978924
0.48066092362978924
0.48066092362978924
0.48066092362978924
0.4827185367985136
0.4827185367985136
0.4827185367985136
0.4827185367985136
0.4827185367985136
0.4827185367985136
0.4827185367985136
0.4827185367985136
0.4827185367985136
0.4827185367985136
0.4827185367985136
0.4827185367985136
0.4827185367985136
0.4827185367985136
0.4827185367985136
0.4827185367985136
0.4827185367985136
0.4889690220846382
0.4889690220846382
0.4889690220846382
0.4889690220846382
0.4889690220846382
0.4889690220846382
0.4889690220846382
0.4889690220846382
0.4889690220846382
0.4889690220846382
0.4889690220846382
0.4889690220846382
0.4889690220846382
0.4889690220846382
0.4889690220846382
0.4889690220846382
0.4889690220846382
0.4905563236719399
0.4905563236719399
0.4905563236719399
0.4905563236719399
0.4905563236719399
0.4905563236719399
0.4905563236719399
0.4905563236719399
0.4905563236719399
0.4905563236719399
0.4905563236719399
0.4905563236719399
0.4905563236719399
0.4905563236719399
0.4905563236719399
0.4905563236719399
0.4905563236719399
0.4942012384279657
0.4942012384279657
0.4942012384279657
0.4942012384279657
0.4999037663527159
0.4999037663527159
0.4999037663527159
0.4999037663527159
0.4999037663527159
0.4999037663527159
0.4999037663527159
0.4999037663527159
0.4999037663527159
0.4999037663527159
0.4999037663527159
0.4999037663527159
0.4999037663527159
0.5020002024114161
0.5020002024114161
0.5020002024114161
0.5020002024114161
0.5020002024114161
0.5020002024114161
0.5020002024114161
0.5020002024114161
0.5020002024114161
0.5020002024114161
0.5020002024114161
0.5020002024114161
0.5020002024114161
0.5020002024114161
0.5020002024114161
0.5020002024114161
0.5020002024114161
0.5065269513826095
0.5065269513826095
0.5065269513826095
0.5065269513826095
0.5065269513826095
0.5065269513826095
0.5065269513826095
0.5065269513826095
0.5086233874413097
0.5086233874413097
0.5086233874413097
0.5086233874413097
0.5086233874413097
0.5086233874413097
0.5086233874413097
0.5086233874413097
0.5086233874413097
0.5113334145415807
0.5113334145415807
0.5113334145415807
0.5113334145415807
0.5113334145415807
0.5113334145415807
0.5113334145415807
0.5113334145415807
0.5113334145415807
0.5113334145415807
0.5113334145415807
0.5113334145415807
0.5113334145415807
0.5129207161288822
0.5129207161288822
0.5129207161288822
0.5129207161288822
0.5190735895773533
0.5190735895773533
0.5190735895773533
0.5190735895773533
0.5190735895773533
0.5190735895773533
0.5190735895773533
0.5190735895773533
0.5190735895773533
0.5190735895773533
0.5190735895773533
0.5190735895773533
0.5211700256360534
0.5211700256360534
0.5211700256360534
0.5211700256360534
0.5211700256360534
0.5288995170795469
0.5288995170795469
0.5288995170795469
0.5288995170795469
0.5288995170795469
0.5288995170795469
0.5288995170795469
0.5288995170795469
0.5288995170795469
0.5288995170795469
0.5288995170795469
0.5288995170795469
0.5288995170795469
0.5288995170795469
0.533705980238518
0.533705980238518
0.533705980238518
0.543022773269313
0.5450803864380374
0.5450803864380374
0.5450803864380374
0.5450803864380374
0.5450803864380374
0.5450803864380374
0.5450803864380374
0.5450803864380374
0.5450803864380374
0.5450803864380374
0.5450803864380374
0.5450803864380374
0.5450803864380374
0.5450803864380374
0.5450803864380374
0.5450803864380374
0.5466676880253389
0.5466676880253389
0.5466676880253389
0.5466676880253389
0.5466676880253389
0.5466676880253389
0.5486170057641303
0.5486170057641303
0.5486170057641303
0.5486170057641303
0.5486170057641303
0.5486170057641303
0.5486170057641303
0.5506746189328546
0.5506746189328546
0.5506746189328546
0.5506746189328546
0.5506746189328546
0.5548286681602792
0.5548286681602792
0.5589827173877037
0.5589827173877037
0.5589827173877037
0.5589827173877037
0.5589827173877037
0.5589827173877037
0.5589827173877037
0.5589827173877037
0.5589827173877037
0.5589827173877037
0.5589827173877037
0.5589827173877037
0.5589827173877037
0.5589827173877037
0.5632800460752763
0.5632800460752763
0.5632800460752763
0.5664546492498794
0.5664546492498794
0.5664546492498794
0.5664546492498794
0.5664546492498794
0.5685510853085796
0.5685510853085796
0.5685510853085796
0.5685510853085796
0.5701383868958811
0.5701383868958811
0.5701383868958811
0.5701383868958811
0.5701383868958811
0.5722348229545814
0.5757714422806745
0.5757714422806745
0.5757714422806745
0.5757714422806745
0.5757714422806745
0.5757714422806745
0.5757714422806745
0.5757714422806745
0.5757714422806745
0.5757714422806745
0.5757714422806745
0.5757714422806745
0.5757714422806745
0.5757714422806745
0.5757714422806745
0.5757714422806745
0.5805779054396456
0.5805779054396456
0.5805779054396456
0.5805779054396456
0.5805779054396456
0.5805779054396456
0.5805779054396456
0.5846236592371372
0.5846236592371372
0.5846236592371372
0.5846236592371372
0.5846236592371372
0.5846236592371372
0.5846236592371372
0.5846236592371372
0.5846236592371372
0.5846236592371372
0.5846236592371372
0.5846236592371372
0.5846236592371372
0.5846236592371372
0.5846236592371372
0.5846236592371372
0.5846236592371372
0.5846236592371372
0.5846236592371372
0.5891504082083306
0.5891504082083306
0.5891504082083306
0.5891504082083306
0.5891504082083306
0.5891504082083306
0.5891504082083306
0.5891504082083306
0.596426007169771
0.596426007169771
0.596426007169771
0.596426007169771
0.596426007169771
0.596426007169771
0.596426007169771
0.596426007169771
0.596426007169771
0.596426007169771
0.596426007169771
0.602206180874473
0.602206180874473
0.602206180874473
0.602206180874473
0.602206180874473
0.602206180874473
0.6052091838774759
0.6052091838774759
0.6052091838774759
0.6052091838774759
0.6052091838774759
0.6052091838774759
0.6052091838774759
0.6052091838774759
0.6052091838774759
0.6052091838774759
0.6052091838774759
0.6052091838774759
0.6052091838774759
0.6067964854647775
0.6067964854647775
0.6067964854647775
0.6067964854647775
0.6129386753209695
0.6129386753209695
0.6129386753209695
0.6129386753209695
0.6129386753209695
0.6129386753209695
0.6129386753209695
0.6129386753209695
0.6165835900769954
0.6165835900769954
0.6165835900769954
0.6165835900769954
0.6165835900769954
0.6165835900769954
0.6165835900769954
0.6211491619381646
0.6211491619381646
0.6248328995841665
0.6248328995841665
0.6248328995841665
0.6248328995841665
0.6248328995841665
0.6248328995841665
0.6248328995841665
0.6248328995841665
0.6248328995841665
0.6248328995841665
0.6268905127528908
0.6268905127528908
0.6268905127528908
0.6268905127528908
0.6288398304916822
0.6288398304916822
0.6288398304916822
0.6344728858764754
0.6344728858764754
0.6344728858764754
0.6344728858764754
0.6344728858764754
0.6344728858764754
0.6344728858764754
0.6344728858764754
0.6344728858764754
0.6344728858764754
0.6344728858764754
0.6344728858764754
0.6344728858764754
0.6344728858764754
0.6344728858764754
0.6344728858764754
0.6344728858764754
0.6392793490354466
0.6392793490354466
0.6432862799429624
0.6432862799429624
0.6432862799429624
0.6432862799429624
0.6432862799429624
0.6432862799429624
0.6432862799429624
0.6432862799429624
0.6432862799429624
0.6432862799429624
0.6432862799429624
0.6432862799429624
0.6432862799429624
0.6432862799429624
0.6432862799429624
0.6499730205919672
0.6499730205919672
0.6499730205919672
0.6499730205919672
0.6526830476922382
0.6526830476922382
0.6526830476922382
0.6526830476922382
0.6526830476922382
0.6526830476922382
0.6526830476922382
0.6526830476922382
0.6526830476922382
0.6526830476922382
0.6526830476922382
0.6526830476922382
0.6526830476922382
0.659037989548535
0.659037989548535
0.659037989548535
0.659037989548535
0.659037989548535
0.659037989548535
0.6627217271945368
0.6627217271945368
0.6627217271945368
0.6627217271945368
0.6627217271945368
0.6627217271945368
0.6627217271945368
0.6627217271945368
0.6627217271945368
0.6651908629970059
0.6651908629970059
0.6693449122244304
0.6693449122244304
0.6693449122244304
0.6693449122244304
0.6693449122244304
0.6693449122244304
0.6693449122244304
0.6693449122244304
0.6693449122244304
0.6693449122244304
0.6693449122244304
0.6693449122244304
0.6693449122244304
0.6693449122244304
0.6693449122244304
0.6693449122244304
0.6693449122244304
0.6714413482831306
0.6714413482831306
0.6714413482831306
0.6714413482831306
0.6714413482831306
0.6714413482831306
0.6714413482831306
0.6714413482831306
0.6714413482831306
0.6714413482831306
0.6714413482831306
0.6714413482831306
0.6749779676092236
0.6749779676092236
0.6749779676092236
0.6749779676092236
0.6749779676092236
0.682135019839651
0.682135019839651
0.682135019839651
0.682135019839651
0.682135019839651
0.682135019839651
0.682135019839651
0.682135019839651
0.682135019839651
0.682135019839651
0.6837223214269526
0.6837223214269526
0.6837223214269526
0.6837223214269526
0.6837223214269526
0.6837223214269526
0.6837223214269526
0.6885287845859238
0.6885287845859238
0.6885287845859238
0.6885287845859238
0.6885287845859238
0.6885287845859238
0.6885287845859238
0.6885287845859238
0.6885287845859238
0.6885287845859238
0.6885287845859238
0.6885287845859238
0.6885287845859238
0.6885287845859238
0.6909979203883929
0.6909979203883929
0.6909979203883929
0.6950436741858845
0.6950436741858845
0.6950436741858845
0.6950436741858845
0.6950436741858845
0.6950436741858845
0.6950436741858845
0.6950436741858845
0.6950436741858845
0.6950436741858845
0.6950436741858845
0.6950436741858845
0.6950436741858845
0.6950436741858845
0.6950436741858845
0.6950436741858845
0.6971401102445848
0.6971401102445848
0.6971401102445848
0.6971401102445848
0.6971401102445848
0.6971401102445848
0.6971401102445848
0.6971401102445848
0.6971401102445848
0.6971401102445848
0.6971401102445848
0.6971401102445848
0.6971401102445848
0.6971401102445848
0.6971401102445848
0.6971401102445848
0.6971401102445848
0.6971401102445848
0.7017994550836473
0.7059923272010478
0.7059923272010478
0.7059923272010478
0.7059923272010478
0.7059923272010478
0.7059923272010478
0.7059923272010478
0.7059923272010478
0.7059923272010478
0.7059923272010478
0.7059923272010478
0.7059923272010478
0.7059923272010478
0.7059923272010478
0.7059923272010478
0.7059923272010478
0.7080887632597479
0.7080887632597479
0.7080887632597479
0.7190470900075483
0.7190470900075483
0.7190470900075483
0.7190470900075483
0.7190470900075483
0.7190470900075483
0.7190470900075483
0.7190470900075483
0.7190470900075483
0.7190470900075483
0.7190470900075483
0.7209964077463398
0.7209964077463398
0.7209964077463398
0.7303296198765045
0.7303296198765045
0.7303296198765045
0.7303296198765045
0.7303296198765045
0.7365801051626291
0.7365801051626291
0.7365801051626291
0.7365801051626291
0.7365801051626291
0.7365801051626291
0.7365801051626291
0.7365801051626291
0.7365801051626291
0.7365801051626291
0.7365801051626291
0.7381674067499306
0.7381674067499306
0.7381674067499306
0.7381674067499306
0.7381674067499306
0.7381674067499306
0.7381674067499306
0.7402638428086309
0.7429738699089019
0.7429738699089019
0.7429738699089019
0.7429738699089019
0.7429738699089019
0.7429738699089019
0.7429738699089019
0.7429738699089019
0.7429738699089019
0.7429738699089019
0.7466576075549036
0.7466576075549036
0.7466576075549036
0.7466576075549036
0.7466576075549036
0.7466576075549036
0.7466576075549036
0.7466576075549036
0.7466576075549036
0.7466576075549036
0.7466576075549036
0.7466576075549036
0.7466576075549036
0.7466576075549036
0.7466576075549036
0.7466576075549036
0.7466576075549036
0.7507033613523952
0.7507033613523952
0.7507033613523952
0.7507033613523952
0.7507033613523952
0.7507033613523952
0.7507033613523952
0.7507033613523952
0.7507033613523952
0.7507033613523952
0.7507033613523952
0.7507033613523952
0.7507033613523952
0.7507033613523952
0.7507033613523952
0.7507033613523952
0.7507033613523952
0.7585128275143694
0.7606092635730697
0.7606092635730697
0.7606092635730697
0.7606092635730697
0.7606092635730697
0.7606092635730697
0.7606092635730697
0.7606092635730697
0.7606092635730697
0.7606092635730697
0.7606092635730697
0.7606092635730697
0.7621965651603713
0.7621965651603713
0.7621965651603713
0.7621965651603713
0.7658803028063731
0.7658803028063731
0.7658803028063731
0.7658803028063731
0.7658803028063731
0.7658803028063731
0.7658803028063731
0.7658803028063731
0.7658803028063731
0.7658803028063731
0.7658803028063731
0.7658803028063731
0.7658803028063731
0.7658803028063731
0.7658803028063731
0.7658803028063731
0.7658803028063731
0.7730761779267765
0.7730761779267765
0.7730761779267765
0.7730761779267765
0.7730761779267765
0.7730761779267765
0.7730761779267765
0.7730761779267765
0.7730761779267765
0.7730761779267765
0.7730761779267765
0.7730761779267765
0.7730761779267765
0.7730761779267765
0.7730761779267765
0.7730761779267765
0.7730761779267765
0.7875088291186445
0.7875088291186445
0.7875088291186445
0.7875088291186445
0.7875088291186445
0.7875088291186445
0.7875088291186445
0.7875088291186445
0.7875088291186445
0.7875088291186445
0.7875088291186445
0.7875088291186445
0.7875088291186445
0.7896052651773446
0.7896052651773446
0.7896052651773446
0.7896052651773446
0.8035556604584251
0.8035556604584251
0.8051429620457267
0.8051429620457267
0.8051429620457267
0.8051429620457267
0.8051429620457267
0.8051429620457267
0.8051429620457267
0.8051429620457267
0.8051429620457267
0.8051429620457267
0.8051429620457267
0.8051429620457267
0.8051429620457267
0.8051429620457267
0.8051429620457267
0.8078529891459977
0.8078529891459977
0.8078529891459977
0.8078529891459977
0.8103221249484668
0.8103221249484668
0.8103221249484668
0.8103221249484668
0.8103221249484668
0.8103221249484668
0.8103221249484668
0.8103221249484668
0.8103221249484668
0.8103221249484668
0.8103221249484668
0.8103221249484668
0.8103221249484668
0.8123797381171911
0.8123797381171911
0.8123797381171911
0.8123797381171911
0.8123797381171911
0.8123797381171911
0.8144761741758914
0.8144761741758914
0.8144761741758914
0.8169453099783605
0.8169453099783605
0.8169453099783605
0.8169453099783605
0.8169453099783605
0.8169453099783605
0.8169453099783605
0.8169453099783605
0.8194144457808297
0.8194144457808297
0.8194144457808297
0.8194144457808297
0.8194144457808297
0.8194144457808297
0.8194144457808297
0.8194144457808297
0.8210017473681313
0.8210017473681313
0.8210017473681313
0.8210017473681313
0.8210017473681313
0.8210017473681313
0.8210017473681313
0.8210017473681313
0.8210017473681313
0.8230593605368555
0.8230593605368555
0.8230593605368555
0.8230593605368555
0.8230593605368555
0.8230593605368555
0.8230593605368555
0.8230593605368555
0.8230593605368555
0.8230593605368555
0.8230593605368555
0.8230593605368555
0.8230593605368555
0.8230593605368555
0.8230593605368555
0.8230593605368555
0.8230593605368555
0.8255284963393246
0.8255284963393246
0.8255284963393246
0.8255284963393246
0.8255284963393246
0.8255284963393246
0.8255284963393246
0.8255284963393246
0.8255284963393246
0.8255284963393246
0.8255284963393246
0.8255284963393246
0.8276249323980248
0.8276249323980248
0.8276249323980248
0.8276249323980248
0.8276249323980248
0.8346596400616633
0.8346596400616633
0.8346596400616633
0.8346596400616633
0.8346596400616633
0.8346596400616633
0.8346596400616633
0.8346596400616633
0.8346596400616633
0.8346596400616633
0.8346596400616633
0.8346596400616633
0.8346596400616633
0.8346596400616633
0.8346596400616633
0.8346596400616633
0.8346596400616633
0.8397590791233666
0.8397590791233666
0.8397590791233666
0.8397590791233666
0.8397590791233666
0.8397590791233666
0.8397590791233666
0.8397590791233666
0.8397590791233666
0.8397590791233666
0.8397590791233666
0.8397590791233666
0.8397590791233666
0.8397590791233666
0.8397590791233666
0.8397590791233666
0.8397590791233666
0.8464210870432359
0.8464210870432359
0.8464210870432359
0.8464210870432359
0.8464210870432359
0.8464210870432359
0.8464210870432359
0.8464210870432359
0.8464210870432359
0.8464210870432359
0.8464210870432359
0.8464210870432359
0.8464210870432359
0.8464210870432359
0.8464210870432359
0.8464210870432359
0.8464210870432359
0.8464210870432359
0.8480083886305375
0.8480083886305375
0.8480083886305375
0.8480083886305375
0.8480083886305375
0.8480083886305375
0.8480083886305375
0.8480083886305375
0.8480083886305375
0.8480083886305375
0.8480083886305375
0.8480083886305375
0.8480083886305375
0.8480083886305375
0.8480083886305375
0.8480083886305375
0.8480083886305375
0.8480083886305375
0.8480083886305375
0.8501048246892378
0.8501048246892378
0.8501048246892378
0.8501048246892378
0.8501048246892378
0.8501048246892378
0.8501048246892378
0.8501048246892378
0.8501048246892378
0.8501048246892378
0.8501048246892378
0.8501048246892378
0.8501048246892378
0.8501048246892378
0.8546315736604312
0.8546315736604312
0.8546315736604312
0.8546315736604312
0.8546315736604312
0.8562188752477328
0.8562188752477328
0.8562188752477328
0.8562188752477328
0.8562188752477328
0.8562188752477328
0.8562188752477328
0.8562188752477328
0.8562188752477328
0.8562188752477328
0.8562188752477328
0.8562188752477328
0.8630829515754282
0.8630829515754282
0.8630829515754282
0.8630829515754282
0.8630829515754282
0.8630829515754282
0.8630829515754282
0.8630829515754282
0.8630829515754282
0.8630829515754282
0.8630829515754282
0.8630829515754282
0.8630829515754282
0.8630829515754282
0.8630829515754282
0.8630829515754282
0.8630829515754282
0.8650322693142197
0.8650322693142197
0.8650322693142197
0.8650322693142197
0.8650322693142197
0.8650322693142197
0.8650322693142197
0.8650322693142197
0.8650322693142197
0.86712870537292
0.86712870537292
0.86712870537292
0.86712870537292
0.86712870537292
0.86712870537292
0.86712870537292
0.86712870537292
0.86712870537292
0.86712870537292
0.86712870537292
0.86712870537292
0.86712870537292
0.86712870537292
0.86712870537292
0.86712870537292
0.86712870537292
0.86712870537292
0.86712870537292
0.8717880502119824
0.8717880502119824
0.8717880502119824
0.8717880502119824
0.8717880502119824
0.8717880502119824
0.8763536220731517
0.8763536220731517
0.8763536220731517
0.8763536220731517
0.8763536220731517
0.8763536220731517
0.8763536220731517
0.8763536220731517
0.8763536220731517
0.8763536220731517
0.8763536220731517
0.8763536220731517
0.8763536220731517
0.8763536220731517
0.8763536220731517
0.8763536220731517
0.8763536220731517
0.8784500581318518
0.8784500581318518
0.8784500581318518
0.8784500581318518
0.8784500581318518
0.8784500581318518
0.8784500581318518
0.8784500581318518
0.8784500581318518
0.8784500581318518
0.8784500581318518
0.8784500581318518
0.8784500581318518
0.8784500581318518
0.8784500581318518
0.8784500581318518
0.8784500581318518
0.8805076713005762
0.8805076713005762
0.8805076713005762
0.8805076713005762
0.8805076713005762
0.8805076713005762
0.8805076713005762
0.8805076713005762
0.8805076713005762
0.8805076713005762
0.8805076713005762
0.8805076713005762
0.8805076713005762
0.8805076713005762
0.8805076713005762
0.8805076713005762
0.8805076713005762
0.8820949728878777
0.8820949728878777
0.8820949728878777
0.8820949728878777
0.8820949728878777
0.8820949728878777
0.8820949728878777
0.8820949728878777
0.8820949728878777
0.8820949728878777
0.8820949728878777
0.8820949728878777
0.8820949728878777
0.8820949728878777
0.8820949728878777
0.8820949728878777
0.8820949728878777
0.8820949728878777
0.8820949728878777
0.8872741357906179
0.8872741357906179
0.8872741357906179
0.8872741357906179
0.8872741357906179
0.8872741357906179
0.8872741357906179
0.8872741357906179
0.8872741357906179
0.8872741357906179
0.8872741357906179
0.8872741357906179
0.8872741357906179
0.8872741357906179
0.8872741357906179
0.8872741357906179
0.8872741357906179
0.8872741357906179
0.8872741357906179
0.8893705718493181
0.8893705718493181
0.8893705718493181
0.8893705718493181
0.8893705718493181
0.8893705718493181
0.8893705718493181
0.8893705718493181
0.8893705718493181
0.8893705718493181
0.8893705718493181
0.8893705718493181
0.8893705718493181
0.8893705718493181
0.8893705718493181
0.8893705718493181
0.8893705718493181
0.8893705718493181
0.8893705718493181
0.8929071911754112
0.8929071911754112
0.8929071911754112
0.8929071911754112
0.8929071911754112
0.8929071911754112
0.8929071911754112
0.8929071911754112
0.8929071911754112
0.8929071911754112
0.8929071911754112
0.8977136543343823
0.8977136543343823
0.8977136543343823
0.8977136543343823
0.8977136543343823
0.8977136543343823
0.8977136543343823
0.8977136543343823
0.9039603007607463
0.9039603007607463
0.9039603007607463
0.9039603007607463
0.9039603007607463
0.9039603007607463
0.9039603007607463
0.9039603007607463
0.9039603007607463
0.9039603007607463
0.9039603007607463
0.9039603007607463
0.9039603007607463
0.9039603007607463
0.9039603007607463
0.9039603007607463
0.9039603007607463
0.9039603007607463
0.9039603007607463
0.9060567368194464
0.9060567368194464
0.9060567368194464
0.9060567368194464
0.9060567368194464
0.9060567368194464
0.9060567368194464
0.9060567368194464
0.9060567368194464
0.9060567368194464
0.9060567368194464
0.9060567368194464
0.9060567368194464
0.9060567368194464
0.9060567368194464
0.9060567368194464
0.9060567368194464
0.9060567368194464
0.9060567368194464
0.9060567368194464
0.9060567368194464
0.9060567368194464
0.9060567368194464
0.9060567368194464
0.9081143499881708
0.9081143499881708
0.9081143499881708
0.9081143499881708
0.9081143499881708
0.9081143499881708
0.9081143499881708
0.9081143499881708
0.9081143499881708
0.9081143499881708
0.9081143499881708
0.9081143499881708
0.9081143499881708
0.9081143499881708
0.9081143499881708
0.9081143499881708
0.9081143499881708
0.9081143499881708
0.9081143499881708
0.9081143499881708
0.9081143499881708
0.9081143499881708
0.9081143499881708
0.9081143499881708
0.9081143499881708
0.9081143499881708
0.9081143499881708
0.9081143499881708
0.9081143499881708
0.9081143499881708
0.9081143499881708
0.9081143499881708
0.9081143499881708
0.9081143499881708
0.9122683992155953
0.9122683992155953
0.9122683992155953
0.9122683992155953
0.9122683992155953
0.9122683992155953
0.9122683992155953
0.9122683992155953
0.9122683992155953
0.9122683992155953
0.9122683992155953
0.9122683992155953
0.9122683992155953
0.9122683992155953
0.9122683992155953
0.9122683992155953
0.9122683992155953
0.9143648352742956
0.9164224484430198
0.9164224484430198
0.9164224484430198
0.9164224484430198
0.9164224484430198
0.9164224484430198
0.9164224484430198
0.9164224484430198
0.9164224484430198
0.9164224484430198
0.9164224484430198
0.9164224484430198
0.9164224484430198
0.9164224484430198
0.9164224484430198
0.9164224484430198
0.9164224484430198
0.9164224484430198
0.9164224484430198
0.91851888450172
0.91851888450172
0.91851888450172
0.91851888450172
0.91851888450172
0.91851888450172
0.91851888450172
0.91851888450172
0.91851888450172
0.91851888450172
0.91851888450172
0.91851888450172
0.91851888450172
0.91851888450172
0.91851888450172
0.91851888450172
0.91851888450172
0.91851888450172
0.91851888450172
0.9201061860890216
0.9201061860890216
0.9201061860890216
0.9216934876763232
0.9216934876763232
0.9216934876763232
0.9216934876763232
0.9216934876763232
0.9216934876763232
0.9216934876763232
0.9216934876763232
0.9216934876763232
0.9285963868939946
0.9285963868939946
0.9285963868939946
0.9285963868939946
0.9285963868939946
0.9285963868939946
0.9285963868939946
0.9285963868939946
0.9285963868939946
0.9285963868939946
0.9285963868939946
0.9285963868939946
0.9285963868939946
0.9285963868939946
0.9285963868939946
0.9285963868939946
0.9285963868939946
0.9285963868939946
0.9285963868939946
0.9285963868939946
0.9285963868939946
0.9285963868939946
0.9285963868939946
0.9285963868939946
0.9285963868939946
0.9285963868939946
0.9285963868939946
0.9285963868939946
0.9285963868939946
0.9285963868939946
0.9285963868939946
0.9285963868939946
0.9285963868939946
0.9285963868939946
0.9285963868939946
0.9285963868939946
0.9285963868939946
0.9285963868939946
0.9285963868939946
0.9285963868939946
0.9285963868939946
0.9285963868939946
0.9285963868939946
0.9285963868939946
0.9285963868939946
0.9285963868939946
0.9285963868939946
0.9285963868939946
0.9285963868939946
0.9285963868939946
0.9285963868939946
0.936698828958701
0.936698828958701
0.936698828958701
0.936698828958701
0.936698828958701
0.936698828958701
0.936698828958701
0.936698828958701
0.936698828958701
0.936698828958701
0.936698828958701
0.936698828958701
0.936698828958701
0.936698828958701
0.936698828958701
0.936698828958701
0.936698828958701
0.9445082951206751
0.9445082951206751
0.9445082951206751
0.9445082951206751
0.9445082951206751
0.9445082951206751
0.9445082951206751
0.9445082951206751
0.9445082951206751
0.9445082951206751
0.9445082951206751
0.9445082951206751
0.9445082951206751
0.9445082951206751
0.9445082951206751
0.9501025276154924
0.9501025276154924
0.9501025276154924
0.9501025276154924
0.9501025276154924
0.9501025276154924
0.9501025276154924
0.9501025276154924
0.9501025276154924
0.9501025276154924
0.9501025276154924
0.9501025276154924
0.9501025276154924
0.9501025276154924
0.9501025276154924
0.9501025276154924
0.9501025276154924
0.9501025276154924
0.9501025276154924
0.9501025276154924
0.9501025276154924
0.9501025276154924
0.9501025276154924
0.9501025276154924
0.9501025276154924
0.9501025276154924
0.9501025276154924
0.9501025276154924
0.9501025276154924
0.9501025276154924
0.9501025276154924
0.9501025276154924
0.9501025276154924
0.9501025276154924
0.9501025276154924
0.9501025276154924
0.954148281412984
0.954148281412984
0.954148281412984
0.954148281412984
0.954148281412984
0.954148281412984
0.954148281412984
0.954148281412984
0.954148281412984
0.954148281412984
0.954148281412984
0.954148281412984
0.954148281412984
0.954148281412984
0.954148281412984
0.954148281412984
0.954148281412984
0.954148281412984
0.954148281412984
0.954148281412984
0.954148281412984
0.954148281412984
0.954148281412984
0.954148281412984
0.954148281412984
0.954148281412984
0.954148281412984
0.954148281412984
0.954148281412984
0.954148281412984
0.954148281412984
0.954148281412984
0.954148281412984
0.954148281412984
0.954148281412984
0.954148281412984
0.954148281412984
0.954148281412984
0.954148281412984
0.954148281412984
0.9587138532741535
0.9587138532741535
0.9587138532741535
0.9587138532741535
0.9587138532741535
0.9587138532741535
0.9587138532741535
0.9587138532741535
0.9587138532741535
0.9587138532741535
0.9587138532741535
0.9587138532741535
0.9587138532741535
0.9587138532741535
0.9587138532741535
0.9587138532741535
0.9587138532741535
0.9587138532741535
0.9587138532741535
0.9617168562771563
0.9617168562771563
0.9617168562771563
0.9617168562771563
0.9617168562771563
0.9617168562771563
0.9617168562771563
0.9617168562771563
0.9617168562771563
0.9659097283945568
0.9659097283945568
0.9659097283945568
0.9659097283945568
0.9659097283945568
0.9659097283945568
0.9659097283945568
0.9659097283945568
0.9659097283945568
0.9659097283945568
0.9659097283945568
0.9659097283945568
0.9659097283945568
0.9659097283945568
0.9659097283945568
0.9659097283945568
0.9659097283945568
0.9659097283945568
0.9659097283945568
0.9659097283945568
0.9659097283945568
0.9659097283945568
0.9659097283945568
0.9659097283945568
0.9659097283945568
0.9659097283945568
0.9659097283945568
0.9659097283945568
0.9659097283945568
0.9659097283945568
0.9659097283945568
0.9659097283945568
0.9659097283945568
0.9659097283945568
0.9659097283945568
0.9659097283945568
0.9659097283945568
0.9659097283945568
0.9659097283945568
0.9659097283945568
0.9659097283945568
0.9659097283945568
0.9659097283945568
0.9659097283945568
0.9659097283945568
0.9659097283945568
0.9659097283945568
0.9659097283945568
0.9683788641970259
0.9683788641970259
0.9683788641970259
0.9683788641970259
0.9683788641970259
0.9683788641970259
0.9683788641970259
0.9683788641970259
0.9683788641970259
0.9683788641970259
0.9683788641970259
0.9683788641970259
0.9683788641970259
0.9683788641970259
0.9683788641970259
0.9683788641970259
0.9683788641970259
0.9683788641970259
0.9683788641970259
0.9683788641970259
0.9683788641970259
0.9683788641970259
0.9683788641970259
0.9683788641970259
0.9683788641970259
0.9683788641970259
0.9683788641970259
0.9683788641970259
0.9683788641970259
0.9683788641970259
0.9683788641970259
0.9683788641970259
0.9683788641970259
0.9683788641970259
0.9683788641970259
0.9683788641970259
0.9683788641970259
0.9683788641970259
0.9749184865261219
0.9749184865261219
0.9749184865261219
0.9749184865261219
0.9749184865261219
0.9749184865261219
0.9749184865261219
0.9749184865261219
0.9749184865261219
0.9749184865261219
0.9749184865261219
0.9749184865261219
0.9749184865261219
0.9749184865261219
0.9749184865261219
0.9749184865261219
0.9749184865261219
0.9749184865261219
0.9749184865261219
0.9749184865261219
0.9749184865261219
0.9749184865261219
0.9749184865261219
0.9749184865261219
0.9749184865261219
0.9749184865261219
0.9749184865261219
0.9749184865261219
0.9749184865261219
0.9749184865261219
0.9749184865261219
0.9749184865261219
0.9749184865261219
0.9749184865261219
0.9749184865261219
0.9749184865261219
0.9749184865261219
0.9749184865261219
0.9749184865261219
0.9749184865261219
0.9749184865261219
0.9749184865261219
0.9749184865261219
0.9749184865261219
0.9749184865261219
0.9749184865261219
0.9749184865261219
0.9749184865261219
0.9749184865261219
0.9749184865261219
0.9749184865261219
0.9749184865261219
0.9749184865261219
0.9749184865261219
0.9749184865261219
0.9749184865261219
0.9749184865261219
0.9749184865261219
0.9749184865261219
0.9749184865261219
0.9749184865261219
0.9749184865261219
0.9749184865261219
0.9749184865261219
0.9749184865261219
0.9749184865261219
0.9749184865261219
0.9765057881134235
0.9765057881134235
0.9765057881134235
0.9765057881134235
0.9765057881134235
0.9765057881134235
0.9765057881134235
0.9765057881134235
0.9765057881134235
0.9765057881134235
0.9765057881134235
0.9765057881134235
0.9765057881134235
0.9765057881134235
0.9765057881134235
0.9765057881134235
0.9765057881134235
0.9765057881134235
0.9765057881134235
0.9765057881134235
0.9765057881134235
0.9765057881134235
0.9765057881134235
0.9765057881134235
0.9765057881134235
0.9765057881134235
0.9765057881134235
0.9765057881134235
0.9765057881134235
0.9765057881134235
0.9765057881134235
0.9765057881134235
0.9765057881134235
0.9765057881134235
0.9765057881134235
0.9765057881134235
0.9765057881134235
0.9765057881134235
0.9765057881134235
0.9765057881134235
0.9765057881134235
0.9765057881134235
0.9765057881134235
0.9765057881134235
0.9765057881134235
0.9765057881134235
0.9765057881134235
0.9765057881134235
0.9765057881134235
0.9765057881134235
0.9765057881134235
0.9789749239158927
0.9789749239158927
0.9789749239158927
0.9789749239158927
0.9789749239158927
0.9789749239158927
0.9789749239158927
0.9789749239158927
0.9789749239158927
0.9789749239158927
0.9789749239158927
0.9789749239158927
0.9789749239158927
0.9789749239158927
0.9789749239158927
0.9789749239158927
0.9789749239158927
0.9789749239158927
0.9789749239158927
0.9789749239158927
0.9789749239158927
0.9789749239158927
0.9789749239158927
0.9789749239158927
0.9789749239158927
0.9789749239158927
0.9789749239158927
0.9789749239158927
0.9789749239158927
0.9789749239158927
0.9789749239158927
0.9789749239158927
0.9789749239158927
0.9789749239158927
0.9789749239158927
0.9789749239158927
0.9789749239158927
0.9789749239158927
0.9789749239158927
0.9789749239158927
0.9789749239158927
0.9789749239158927
0.9789749239158927
0.9789749239158927
0.9789749239158927
0.9789749239158927
0.9789749239158927
0.9789749239158927
0.9789749239158927
0.9789749239158927
0.9789749239158927
0.9789749239158927
0.9789749239158927
0.9789749239158927
0.9789749239158927
0.9789749239158927
0.9789749239158927
0.9789749239158927
0.9789749239158927
0.9789749239158927
0.9789749239158927
0.9789749239158927
0.9789749239158927
0.9789749239158927
0.9789749239158927
0.9789749239158927
0.9789749239158927
0.9789749239158927
0.981032537084617
0.981032537084617
0.981032537084617
0.981032537084617
0.981032537084617
0.981032537084617
0.981032537084617
0.981032537084617
0.981032537084617
0.981032537084617
0.981032537084617
0.981032537084617
0.981032537084617
0.981032537084617
0.981032537084617
0.981032537084617
0.981032537084617
0.981032537084617
0.981032537084617
0.981032537084617
0.981032537084617
0.981032537084617
0.981032537084617
0.9829818548234085
0.9829818548234085
0.9829818548234085
0.9829818548234085
0.9829818548234085
0.9829818548234085
0.9829818548234085
0.9829818548234085
0.9829818548234085
0.9829818548234085
0.9829818548234085
0.9829818548234085
0.9829818548234085
0.9829818548234085
0.9829818548234085
0.9829818548234085
0.9829818548234085
0.9829818548234085
0.9829818548234085
0.9829818548234085
0.9829818548234085
0.9829818548234085
0.9829818548234085
0.9829818548234085
0.9829818548234085
0.9829818548234085
0.9829818548234085
0.9829818548234085
0.9829818548234085
0.9829818548234085
0.9829818548234085
0.9829818548234085
0.9829818548234085
0.9829818548234085
0.9829818548234085
0.9829818548234085
0.9829818548234085
0.9829818548234085
0.9829818548234085
0.9829818548234085
0.9829818548234085
0.9829818548234085
0.9829818548234085
0.9829818548234085
0.9829818548234085
0.9829818548234085
0.9829818548234085
0.9829818548234085
0.9829818548234085
0.9829818548234085
0.9829818548234085
0.9850782908821086
0.9850782908821086
0.9850782908821086
0.9850782908821086
0.9850782908821086
0.9850782908821086
0.9850782908821086
0.9850782908821086
0.9850782908821086
0.9850782908821086
0.9850782908821086
0.987135904050833
0.987135904050833
0.987135904050833
0.987135904050833
0.987135904050833
0.987135904050833
0.987135904050833
0.987135904050833
0.987135904050833
0.987135904050833
0.987135904050833
0.987135904050833
0.987135904050833
0.987135904050833
0.987135904050833
0.987135904050833
0.987135904050833
0.987135904050833
0.987135904050833
0.987135904050833
0.987135904050833
0.987135904050833
0.987135904050833
0.987135904050833
0.987135904050833
0.987135904050833
0.987135904050833
0.987135904050833
0.987135904050833
0.987135904050833
0.987135904050833
0.987135904050833
0.987135904050833
0.987135904050833
0.987135904050833
0.987135904050833
0.987135904050833
0.987135904050833
0.987135904050833
0.987135904050833
0.987135904050833
0.987135904050833
0.987135904050833
0.987135904050833
0.987135904050833
0.987135904050833
0.987135904050833
0.987135904050833
0.987135904050833
0.987135904050833
0.987135904050833
0.987135904050833
0.9896050398533021
0.9896050398533021
0.9896050398533021
0.9896050398533021
0.9896050398533021
0.9896050398533021
0.9896050398533021
0.9896050398533021
0.9896050398533021
0.9896050398533021
0.9896050398533021
0.9896050398533021
0.9896050398533021
0.9896050398533021
0.9896050398533021
0.9896050398533021
0.9896050398533021
0.9896050398533021
0.9896050398533021
0.9896050398533021
0.9896050398533021
0.9896050398533021
0.9896050398533021
0.9896050398533021
0.9896050398533021
0.9896050398533021
0.9896050398533021
0.9896050398533021
0.9896050398533021
0.9896050398533021
0.9896050398533021
0.9896050398533021
0.9896050398533021
0.9896050398533021
0.9896050398533021
0.9896050398533021
0.9896050398533021
0.9896050398533021
0.9896050398533021
0.9896050398533021
0.9896050398533021
0.9896050398533021
0.9896050398533021
0.9896050398533021
0.9896050398533021
0.9896050398533021
0.9896050398533021
0.9896050398533021
0.9896050398533021
0.9896050398533021
0.9896050398533021
0.9896050398533021
0.9896050398533021
0.9896050398533021
0.9896050398533021
0.9896050398533021
0.9896050398533021
0.9896050398533021
0.9896050398533021
0.9896050398533021
0.9896050398533021
0.9896050398533021
0.9896050398533021
0.9896050398533021
0.9896050398533021
0.9896050398533021
0.9896050398533021
0.9896050398533021
0.9896050398533021
0.9896050398533021
0.9896050398533021
0.9896050398533021
0.9896050398533021
0.9896050398533021
0.9896050398533021
0.9896050398533021
0.9896050398533021
0.9896050398533021
0.9896050398533021
0.9896050398533021
0.9896050398533021
0.9896050398533021
0.9896050398533021
0.9896050398533021
0.9896050398533021
0.9896050398533021
0.9896050398533021
0.9896050398533021
0.9896050398533021
0.9896050398533021
0.9896050398533021
0.9896050398533021
0.9896050398533021
0.9896050398533021
0.9896050398533021
0.9896050398533021
0.9896050398533021
0.9896050398533021
0.9896050398533021
0.9896050398533021
0.9896050398533021
0.9896050398533021
0.9896050398533021
0.9896050398533021
0.9896050398533021
0.9896050398533021
0.9896050398533021
0.9896050398533021
0.9896050398533021
0.9896050398533021
0.9896050398533021
0.9896050398533021
0.9896050398533021
0.9896050398533021
0.9896050398533021
0.9896050398533021
0.9896050398533021
0.9896050398533021
0.9896050398533021
0.9896050398533021
0.9896050398533021
0.9896050398533021
0.9896050398533021
0.9896050398533021
0.9896050398533021
0.9896050398533021
0.9896050398533021
0.9896050398533021
0.9896050398533021
0.9896050398533021
0.9896050398533021
0.9896050398533021
0.9896050398533021
0.9896050398533021
0.9896050398533021
0.9896050398533021
0.9896050398533021
0.9896050398533021
0.9896050398533021
0.9896050398533021
0.9896050398533021
0.9896050398533021
0.9896050398533021
0.9896050398533021
0.9896050398533021
0.9896050398533021
0.9896050398533021
0.9896050398533021
0.9896050398533021
0.9896050398533021
0.9896050398533021
0.9896050398533021
0.9896050398533021
0.9896050398533021
0.9896050398533021
0.9896050398533021
0.9896050398533021
0.9896050398533021
0.9896050398533021
0.9896050398533021
0.9896050398533021
0.9896050398533021
0.9896050398533021
0.9896050398533021
0.9896050398533021
0.9896050398533021
0.9896050398533021
0.9896050398533021
0.9896050398533021
0.9896050398533021
0.9896050398533021
0.9896050398533021
0.9911923414406036
0.9911923414406036
0.9911923414406036
0.9911923414406036
0.9911923414406036
0.9911923414406036
0.9911923414406036
0.9911923414406036
0.9911923414406036
0.9911923414406036
0.9911923414406036
0.9911923414406036
0.9911923414406036
0.9911923414406036
0.9911923414406036
0.9911923414406036
0.9911923414406036
0.9911923414406036
0.9911923414406036
0.9911923414406036
0.9911923414406036
0.9911923414406036
0.9911923414406036
0.9911923414406036
0.9911923414406036
0.9911923414406036
0.9911923414406036
0.9911923414406036
0.9911923414406036
0.9911923414406036
0.9911923414406036
0.9911923414406036
0.9911923414406036
0.9911923414406036
0.9911923414406036
0.9911923414406036
0.9911923414406036
0.9911923414406036
0.9911923414406036
0.9911923414406036
0.9911923414406036
0.9911923414406036
0.9911923414406036
0.9911923414406036
0.9911923414406036
0.9911923414406036
0.9911923414406036
0.9911923414406036
0.9911923414406036
0.9911923414406036
0.9911923414406036
0.9911923414406036
0.9911923414406036
0.9911923414406036
0.9911923414406036
0.9911923414406036
0.9911923414406036
0.9911923414406036
0.9911923414406036
0.9911923414406036
0.9911923414406036
0.9911923414406036
0.9911923414406036
0.9911923414406036
0.9911923414406036
0.9911923414406036
0.9911923414406036
0.9911923414406036
0.9911923414406036
0.9911923414406036
0.9911923414406036
0.9911923414406036
0.9911923414406036
0.9911923414406036
0.9911923414406036
0.9911923414406036
0.9911923414406036
0.9911923414406036
0.9911923414406036
0.9911923414406036
0.9911923414406036
0.9911923414406036
0.9911923414406036
0.9911923414406036
0.9911923414406036
0.9911923414406036
0.9911923414406036
0.9911923414406036
0.9911923414406036
0.9911923414406036
0.9911923414406036
0.9911923414406036
0.9911923414406036
0.9911923414406036
0.9911923414406036
0.9911923414406036
0.9911923414406036
0.9911923414406036
0.9911923414406036
0.9911923414406036
0.9911923414406036
0.9911923414406036
0.9911923414406036
0.9911923414406036
0.9911923414406036
0.9911923414406036
0.9911923414406036
0.9911923414406036
0.9911923414406036
0.9911923414406036
0.9911923414406036
0.9911923414406036
0.9911923414406036
0.9911923414406036
0.9911923414406036
0.9911923414406036
0.9911923414406036
0.9911923414406036
0.9911923414406036
0.9911923414406036
0.9911923414406036
0.9911923414406036
0.9911923414406036
0.9911923414406036
0.9911923414406036
0.9911923414406036
0.9911923414406036
0.9911923414406036
0.9911923414406036
0.9911923414406036
0.9911923414406036
0.9911923414406036
0.9911923414406036
0.9911923414406036
0.9911923414406036
0.9911923414406036
0.9911923414406036
0.9911923414406036
0.9911923414406036
0.9911923414406036
0.9911923414406036
0.9911923414406036
0.9911923414406036
0.9911923414406036
0.9911923414406036
0.9911923414406036
0.9911923414406036
0.9911923414406036
0.9911923414406036
0.9911923414406036
0.9911923414406036
0.9911923414406036
0.9911923414406036
0.9911923414406036
0.9911923414406036
0.9911923414406036
0.9911923414406036
0.9911923414406036
0.9911923414406036
0.9911923414406036
0.9911923414406036
0.9911923414406036
0.9911923414406036
0.9911923414406036
0.9911923414406036
0.9911923414406036
0.9911923414406036
0.9911923414406036
0.9911923414406036
0.9911923414406036
0.9911923414406036
0.9911923414406036
0.9911923414406036
0.9911923414406036
0.9911923414406036
0.9911923414406036
0.9911923414406036
0.9911923414406036
0.9911923414406036
0.9911923414406036
0.9911923414406036
0.9911923414406036
0.9911923414406036
0.9911923414406036
0.9911923414406036
0.9911923414406036
0.9911923414406036
0.9911923414406036
0.9911923414406036
0.9911923414406036
0.9911923414406036
0.9911923414406036
0.9911923414406036
0.9911923414406036
0.9911923414406036
0.9911923414406036
0.9911923414406036
0.9911923414406036
0.9911923414406036
0.9911923414406036
0.9911923414406036
0.9911923414406036
0.9911923414406036
0.9911923414406036
0.9911923414406036
0.9911923414406036
0.9911923414406036
0.9911923414406036
0.9911923414406036
0.9911923414406036
0.9911923414406036
0.9911923414406036
0.9911923414406036
0.9911923414406036
0.9911923414406036
0.9911923414406036
0.9911923414406036
0.9911923414406036
0.9911923414406036
0.9911923414406036
0.9911923414406036
0.9911923414406036
0.9911923414406036
0.9911923414406036
0.9911923414406036
0.9911923414406036
0.9911923414406036
0.9911923414406036
0.9911923414406036
0.9911923414406036
0.9911923414406036
0.9911923414406036
0.9911923414406036
0.9911923414406036
0.9911923414406036
0.9911923414406036
0.9911923414406036
0.9911923414406036
0.9911923414406036
0.9911923414406036
0.9911923414406036
0.9911923414406036
0.9911923414406036
0.9911923414406036
0.9911923414406036
0.9911923414406036
0.9911923414406036
0.9911923414406036
0.9911923414406036
0.9911923414406036
0.9911923414406036
0.9911923414406036
0.9911923414406036
0.9911923414406036
0.9911923414406036
0.9911923414406036
0.9911923414406036
0.9911923414406036
0.9911923414406036
0.9911923414406036
0.9911923414406036
0.9911923414406036
0.9911923414406036
0.9911923414406036
0.9911923414406036
0.9911923414406036
0.9911923414406036
0.9911923414406036
0.9911923414406036
0.9911923414406036
0.9911923414406036
0.9911923414406036
0.9911923414406036
0.9911923414406036
0.9911923414406036
0.9911923414406036
0.9911923414406036
0.9911923414406036
0.9911923414406036
0.9911923414406036
0.9911923414406036
0.9911923414406036
0.9911923414406036
0.9911923414406036
0.9911923414406036
0.9911923414406036
0.9911923414406036
0.9911923414406036
0.9911923414406036
0.9911923414406036
0.9911923414406036
0.9911923414406036
0.9911923414406036
0.9911923414406036
0.9911923414406036
0.9911923414406036
0.9911923414406036
0.9911923414406036
0.9911923414406036
0.9911923414406036
0.9911923414406036
0.9911923414406036
0.9911923414406036
0.9911923414406036
0.9911923414406036
0.9911923414406036
0.9911923414406036
0.9911923414406036
0.9911923414406036
0.9911923414406036
0.9911923414406036
0.9911923414406036
0.9911923414406036
0.9911923414406036
0.9911923414406036
0.9911923414406036
0.9911923414406036
0.9911923414406036
0.9911923414406036
0.9911923414406036
0.9911923414406036
0.9911923414406036
0.9911923414406036
0.9911923414406036
0.9911923414406036
0.9911923414406036
0.9911923414406036
0.9911923414406036
0.9911923414406036
0.9911923414406036
0.9911923414406036
0.9911923414406036
0.9911923414406036
0.9911923414406036
0.9911923414406036
0.9911923414406036
0.9911923414406036
0.9911923414406036
0.9911923414406036
0.9911923414406036
0.9911923414406036
0.9911923414406036
0.9911923414406036
0.9911923414406036
0.9911923414406036
0.9911923414406036
0.9911923414406036
0.9911923414406036
0.9911923414406036
0.9911923414406036
0.9911923414406036
0.9911923414406036
0.9911923414406036
0.9911923414406036
0.9911923414406036
0.9911923414406036
0.9911923414406036
0.9911923414406036
0.9911923414406036
0.9911923414406036
0.9911923414406036
0.9911923414406036
0.9911923414406036
0.9911923414406036
0.9911923414406036
0.9911923414406036
0.9911923414406036
0.9911923414406036
0.9911923414406036
0.9911923414406036
0.9911923414406036
0.9911923414406036
0.9911923414406036
0.9911923414406036
0.9911923414406036
0.9911923414406036
0.9911923414406036
0.9911923414406036
0.9911923414406036
0.9911923414406036
0.9911923414406036
0.9911923414406036
0.9911923414406036
0.9911923414406036
0.9911923414406036
0.9911923414406036
0.9911923414406036
0.9911923414406036
0.9911923414406036
0.9911923414406036
0.9911923414406036
0.9911923414406036
0.9911923414406036
0.9911923414406036
0.9911923414406036
0.9911923414406036
0.9911923414406036
0.9911923414406036
0.9911923414406036
0.9911923414406036
0.9911923414406036
0.9911923414406036
0.9911923414406036
0.9911923414406036
0.9911923414406036
0.9911923414406036
0.9911923414406036
0.9911923414406036
0.9911923414406036
0.9911923414406036
0.9911923414406036
0.9911923414406036
0.9911923414406036
0.9911923414406036
0.9911923414406036
0.9911923414406036
0.9911923414406036
0.9911923414406036
0.9911923414406036
0.9911923414406036
0.9911923414406036
0.9911923414406036
0.9911923414406036
0.9911923414406036
0.9911923414406036
0.9911923414406036
0.9911923414406036
0.9911923414406036
0.9911923414406036
0.9911923414406036
0.9911923414406036
0.9911923414406036
0.9911923414406036
0.9911923414406036
0.9911923414406036
0.9911923414406036
0.9911923414406036
0.9911923414406036
0.9911923414406036
0.9911923414406036
0.9911923414406036
0.9911923414406036
0.9911923414406036
0.9911923414406036
0.9911923414406036
0.9911923414406036
0.9911923414406036
0.9911923414406036
0.9911923414406036
0.9911923414406036
0.9911923414406036
0.9911923414406036
0.9911923414406036
0.9911923414406036
0.9911923414406036
0.9911923414406036
0.9911923414406036
0.9911923414406036
0.9911923414406036
0.9911923414406036
0.9911923414406036
0.9911923414406036
0.9911923414406036
0.9911923414406036
0.9911923414406036
0.9911923414406036
0.9911923414406036
0.9911923414406036
0.9911923414406036
0.9911923414406036
0.9911923414406036
0.9911923414406036
0.9911923414406036
0.9911923414406036
0.9911923414406036
0.9911923414406036
0.9911923414406036
0.9911923414406036
0.9911923414406036
0.9911923414406036
0.9911923414406036
0.9911923414406036
0.9911923414406036
0.9911923414406036
0.9911923414406036
0.9911923414406036
0.9911923414406036
0.9911923414406036
0.9911923414406036
0.9911923414406036
0.9911923414406036
0.9911923414406036
0.9911923414406036
0.9927796430279052
0.9927796430279052
0.9927796430279052
0.9927796430279052
0.9927796430279052
0.9927796430279052
0.9927796430279052
0.9927796430279052
0.9927796430279052
0.9927796430279052
0.9927796430279052
0.9927796430279052
0.9927796430279052
0.9927796430279052
0.9927796430279052
0.9927796430279052
0.9927796430279052
0.9927796430279052
0.9927796430279052
0.9927796430279052
0.9927796430279052
0.9927796430279052
0.9927796430279052
0.9927796430279052
0.9927796430279052
0.9927796430279052
0.9927796430279052
0.9927796430279052
0.9927796430279052
0.9927796430279052
0.9927796430279052
0.9947289607666965
0.9947289607666965
0.9947289607666965
0.9947289607666965
0.9947289607666965
0.9947289607666965
0.9947289607666965
0.9947289607666965
0.9947289607666965
0.9947289607666965
0.9947289607666965
0.9947289607666965
0.9947289607666965
0.9947289607666965
0.9947289607666965
0.9947289607666965
0.9947289607666965
0.9947289607666965
0.9947289607666965
0.9947289607666965
0.9947289607666965
0.9947289607666965
0.9947289607666965
0.9947289607666965
0.9947289607666965
0.9947289607666965
0.9947289607666965
0.9947289607666965
0.9947289607666965
0.9947289607666965
0.9947289607666965
0.9947289607666965
0.9947289607666965
0.9947289607666965
0.9947289607666965
0.9947289607666965
0.9947289607666965
0.9947289607666965
0.9947289607666965
0.9947289607666965
0.9947289607666965
0.9947289607666965
0.9947289607666965
0.9947289607666965
0.9947289607666965
0.9947289607666965
0.9947289607666965
0.9947289607666965
0.9947289607666965
0.9947289607666965
0.9947289607666965
0.9947289607666965
0.9947289607666965
0.9947289607666965
0.9947289607666965
0.9947289607666965
0.9947289607666965
0.9947289607666965
0.9947289607666965
0.9947289607666965
0.9947289607666965
0.9947289607666965
0.9947289607666965
0.9947289607666965
0.9947289607666965
0.9947289607666965
0.9947289607666965
0.9947289607666965
0.9947289607666965
0.9947289607666965
0.9947289607666965
0.9947289607666965
0.9947289607666965
0.9947289607666965
0.9947289607666965
0.9947289607666965
0.9947289607666965
0.9947289607666965
0.9947289607666965
0.9947289607666965
0.9947289607666965
0.9947289607666965
0.9947289607666965
0.9947289607666965
0.9947289607666965
0.9947289607666965
0.9947289607666965
0.9947289607666965
0.9947289607666965
0.9947289607666965
0.9947289607666965
0.9947289607666965
0.9947289607666965
0.9947289607666965
0.9947289607666965
0.9947289607666965
0.9947289607666965
0.9947289607666965
0.9947289607666965
0.9947289607666965
0.9947289607666965
0.9947289607666965
0.9947289607666965
0.9947289607666965
0.9947289607666965
0.9947289607666965
0.9947289607666965
0.9947289607666965
0.9947289607666965
0.9947289607666965
0.9947289607666965
0.9947289607666965
0.9947289607666965
0.9947289607666965
0.9947289607666965
0.9947289607666965
0.9947289607666965
0.9947289607666965
0.9947289607666965
0.9947289607666965
0.9947289607666965
0.9947289607666965
0.9947289607666965
0.9947289607666965
0.9947289607666965
0.9947289607666965
0.9947289607666965
0.9947289607666965
0.9947289607666965
0.9947289607666965
0.9947289607666965
0.9947289607666965
0.9947289607666965
0.9947289607666965
0.9947289607666965
0.9947289607666965
0.9947289607666965
0.9947289607666965
0.9947289607666965
0.9947289607666965
0.9947289607666965
0.9947289607666965
0.9947289607666965
0.9947289607666965
0.9947289607666965
0.9947289607666965
0.9947289607666965
0.9947289607666965
0.9947289607666965
0.9947289607666965
0.9947289607666965
0.9947289607666965
0.9947289607666965
0.9947289607666965
0.9947289607666965
0.9947289607666965
0.9947289607666965
0.9947289607666965
0.9947289607666965
0.9947289607666965
0.9947289607666965
0.9947289607666965
0.9947289607666965
0.9947289607666965
0.9947289607666965
0.9947289607666965
0.9947289607666965
0.9947289607666965
0.9947289607666965
0.9947289607666965
0.9947289607666965
0.9947289607666965
0.9947289607666965
0.9947289607666965
0.9947289607666965
0.9947289607666965
0.9947289607666965
0.9947289607666965
0.9947289607666965
0.9947289607666965
0.9947289607666965
0.9947289607666965
0.9947289607666965
0.9947289607666965
0.9947289607666965
0.9947289607666965
0.9947289607666965
0.9947289607666965
0.9947289607666965
0.9947289607666965
0.9947289607666965
0.9947289607666965
0.9947289607666965
0.9947289607666965
0.9947289607666965
0.9947289607666965
0.9947289607666965
0.9947289607666965
0.9947289607666965
0.9947289607666965
0.9947289607666965
0.9947289607666965
0.9947289607666965
0.9947289607666965
0.9947289607666965
0.9947289607666965
0.9947289607666965
0.9947289607666965
0.9947289607666965
0.9947289607666965
0.9947289607666965
0.9947289607666965
0.9947289607666965
0.9947289607666965
0.9947289607666965
0.9947289607666965
0.9947289607666965
0.9947289607666965
0.9947289607666965
0.9947289607666965
0.9947289607666965
0.9947289607666965
0.9947289607666965
0.9947289607666965
0.9947289607666965
0.9947289607666965
0.9947289607666965
0.9947289607666965
0.9947289607666965
0.9947289607666965
0.9947289607666965
0.9947289607666965
0.9947289607666965
0.9947289607666965
0.9947289607666965
0.9947289607666965
0.9947289607666965
0.9947289607666965
0.9947289607666965
0.9947289607666965
0.9947289607666965
0.9947289607666965
0.9947289607666965
0.9947289607666965
0.9947289607666965
0.9947289607666965
0.9947289607666965
0.9947289607666965
0.9947289607666965
0.9947289607666965
0.9947289607666965
0.9947289607666965
0.9947289607666965
0.9947289607666965
0.9947289607666965
0.9947289607666965
0.9947289607666965
0.9947289607666965
0.9947289607666965
0.9947289607666965
0.9947289607666965
0.9947289607666965
0.9947289607666965
0.9947289607666965
0.9947289607666965
0.9947289607666965
0.9947289607666965
0.9947289607666965
0.9947289607666965
0.9947289607666965
0.9947289607666965
0.9947289607666965
0.9947289607666965
0.9947289607666965
0.9947289607666965
0.9947289607666965
0.9947289607666965
0.9947289607666965
0.9947289607666965
0.9947289607666965
0.9947289607666965
0.9947289607666965
0.9947289607666965
0.9947289607666965
0.9947289607666965
0.9947289607666965
0.9947289607666965
0.9947289607666965
0.9947289607666965
0.9947289607666965
0.9947289607666965
0.9947289607666965
0.9947289607666965
0.9947289607666965
0.9947289607666965
0.9947289607666965
0.9947289607666965
0.9947289607666965
0.9947289607666965
0.9947289607666965
0.9947289607666965
0.9947289607666965
0.9947289607666965
0.9947289607666965
0.9947289607666965
0.9947289607666965
0.9947289607666965
0.9947289607666965
0.9947289607666965
0.9947289607666965
0.9947289607666965
0.9947289607666965
0.9947289607666965
0.9947289607666965
0.9947289607666965
0.9947289607666965
0.9947289607666965
0.9947289607666965
0.9947289607666965
0.9947289607666965
0.9947289607666965
0.9947289607666965
0.9947289607666965
0.9947289607666965
0.9947289607666965
0.9947289607666965
0.9947289607666965
0.9947289607666965
0.9947289607666965
0.9947289607666965
0.9947289607666965
0.9947289607666965
0.9947289607666965
0.9947289607666965
0.9947289607666965
0.9947289607666965
0.9947289607666965
0.9947289607666965
0.9947289607666965
0.9947289607666965
0.9947289607666965
0.9947289607666965
0.9947289607666965
0.9947289607666965
0.9947289607666965
0.9947289607666965
0.9947289607666965
0.9947289607666965
0.9947289607666965
0.9947289607666965
0.9947289607666965
0.9947289607666965
0.9947289607666965
0.9947289607666965
0.9947289607666965
0.9947289607666965
0.9947289607666965
0.9947289607666965
0.9947289607666965
0.9947289607666965
0.9947289607666965
0.9947289607666965
0.9947289607666965
0.9947289607666965
0.9947289607666965
0.9947289607666965
0.9947289607666965
0.9947289607666965
0.9947289607666965
0.9947289607666965
0.9947289607666965
0.9947289607666965
0.9947289607666965
0.9947289607666965
0.9947289607666965
0.9947289607666965
0.9947289607666965
0.9947289607666965
0.9947289607666965
0.9947289607666965
0.9947289607666965
0.9947289607666965
0.9947289607666965
0.9947289607666965
0.9947289607666965
0.9947289607666965
0.9947289607666965
0.9947289607666965
0.9947289607666965
0.9947289607666965
0.9947289607666965
0.9947289607666965
0.9947289607666965
0.9947289607666965
0.9947289607666965
0.9947289607666965
0.9947289607666965
0.9947289607666965
0.9947289607666965
0.9947289607666965
0.9947289607666965
0.9947289607666965
0.9947289607666965
0.9947289607666965
0.9947289607666965
0.9947289607666965
0.9947289607666965
0.9947289607666965
0.9947289607666965
0.9947289607666965
0.9947289607666965
0.9947289607666965
0.9947289607666965
0.9947289607666965
0.9947289607666965
0.9947289607666965
0.9947289607666965
0.9947289607666965
0.9947289607666965
0.9947289607666965
0.9947289607666965
0.9947289607666965
0.9947289607666965
0.9947289607666965
0.9947289607666965
0.9947289607666965
0.9947289607666965
0.9947289607666965
0.9947289607666965
0.9947289607666965
0.9947289607666965
0.9947289607666965
0.9947289607666965
0.9947289607666965
0.9947289607666965
0.9947289607666965
0.9947289607666965
0.9947289607666965
0.9947289607666965
0.9947289607666965
0.9947289607666965
0.9947289607666965
0.9947289607666965
0.9947289607666965
0.9947289607666965
0.9947289607666965
0.9947289607666965
0.9947289607666965
0.9947289607666965
0.9947289607666965
0.9947289607666965
0.9947289607666965
0.9947289607666965
0.9947289607666965
0.9947289607666965
0.9947289607666965
0.9947289607666965
0.9947289607666965
0.9947289607666965
0.9947289607666965
0.9947289607666965
0.9947289607666965
0.9947289607666965
0.9947289607666965
0.9947289607666965
0.9947289607666965
0.9947289607666965
0.9947289607666965
0.9947289607666965
0.9947289607666965
0.9947289607666965
0.9947289607666965
0.9947289607666965
0.9947289607666965
0.9947289607666965
0.9947289607666965
0.9947289607666965
0.9947289607666965
0.9947289607666965
0.9947289607666965
0.9947289607666965
0.9947289607666965
0.9947289607666965
0.9947289607666965
0.9947289607666965
0.9947289607666965
0.9947289607666965
0.9947289607666965
0.9947289607666965
0.9947289607666965
0.9947289607666965
0.9947289607666965
0.9947289607666965
0.9947289607666965
0.9947289607666965
0.9947289607666965
0.9947289607666965
0.9947289607666965
0.9947289607666965
0.9947289607666965
0.9947289607666965
0.9947289607666965
0.9947289607666965
0.9947289607666965
0.9947289607666965
0.9947289607666965
0.9947289607666965
0.9947289607666965
0.9947289607666965
0.9947289607666965
0.9947289607666965
0.9947289607666965
0.9947289607666965
0.9947289607666965
0.9947289607666965
0.9947289607666965
0.9947289607666965
0.9947289607666965
0.9947289607666965
0.9947289607666965
0.9947289607666965
0.9947289607666965
0.9947289607666965
0.9947289607666965
0.9947289607666965
0.9947289607666965
0.9947289607666965
0.9947289607666965
0.9947289607666965
0.9947289607666965
0.9947289607666965
0.9947289607666965
0.9947289607666965
0.9947289607666965
0.9947289607666965
0.9947289607666965
0.9947289607666965
0.9947289607666965
0.9947289607666965
0.9947289607666965
0.9947289607666965
0.9947289607666965
0.9947289607666965
0.9947289607666965
0.9947289607666965
0.9947289607666965
0.9947289607666965
0.9947289607666965
0.9947289607666965
0.9947289607666965
0.9947289607666965
0.9947289607666965
0.9947289607666965
0.9947289607666965
0.9947289607666965
0.9947289607666965
0.9947289607666965
0.9947289607666965
0.9947289607666965
0.9947289607666965
0.9947289607666965
0.9947289607666965
0.9947289607666965
0.9947289607666965
0.9947289607666965
0.9947289607666965
0.9947289607666965
0.9947289607666965
0.9947289607666965
0.9947289607666965
0.9947289607666965
0.9947289607666965
0.9947289607666965
0.9947289607666965
0.9947289607666965
0.9947289607666965
0.9947289607666965
0.9963162623539981
0.9963162623539981
0.9963162623539981
0.9963162623539981
0.9963162623539981
0.9963162623539981
0.9963162623539981
0.9963162623539981
0.9963162623539981
0.9963162623539981
0.9963162623539981
0.9963162623539981
0.9963162623539981
0.9963162623539981
0.9963162623539981
0.9963162623539981
0.9963162623539981
0.9963162623539981
0.9963162623539981
0.9963162623539981
0.9963162623539981
0.9963162623539981
0.9963162623539981
0.9963162623539981
0.9963162623539981
0.9963162623539981
0.9963162623539981
0.9963162623539981
0.9963162623539981
0.9963162623539981
0.9963162623539981
0.9963162623539981
0.9963162623539981
0.9963162623539981
0.9963162623539981
0.9963162623539981
0.9963162623539981
0.9963162623539981
0.9963162623539981
0.9963162623539981
0.9963162623539981
0.9963162623539981
0.9963162623539981
0.9963162623539981
0.9963162623539981
0.9963162623539981
0.9963162623539981
0.9963162623539981
0.9963162623539981
0.9963162623539981
0.9963162623539981
0.9963162623539981
0.9963162623539981
0.9963162623539981
0.9963162623539981
0.9963162623539981
0.9963162623539981
0.9963162623539981
0.9963162623539981
0.9963162623539981
0.9963162623539981
0.9963162623539981
0.9963162623539981
0.9963162623539981
0.9963162623539981
0.9963162623539981
0.9963162623539981
0.9963162623539981
0.9963162623539981
0.9963162623539981
0.9963162623539981
0.9963162623539981
0.9963162623539981
0.9963162623539981
0.9963162623539981
0.9963162623539981
0.9963162623539981
0.9963162623539981
0.9963162623539981
0.9963162623539981
0.9963162623539981
0.9963162623539981
0.9963162623539981
0.9963162623539981
0.9963162623539981
0.9963162623539981
0.9963162623539981
0.9963162623539981
0.9963162623539981
0.9963162623539981
0.9963162623539981
0.9963162623539981
0.9963162623539981
0.9963162623539981
0.9963162623539981
0.9963162623539981
0.9963162623539981
0.9963162623539981
0.9963162623539981
0.9963162623539981
0.9963162623539981
0.9963162623539981
0.9963162623539981
0.9963162623539981
0.9963162623539981
0.9963162623539981
0.9963162623539981
0.9963162623539981
0.9963162623539981
0.9963162623539981
0.9963162623539981
0.9963162623539981
0.9963162623539981
0.9963162623539981
0.9963162623539981
0.9963162623539981
0.9963162623539981
0.9963162623539981
0.9963162623539981
0.9963162623539981
0.9963162623539981
0.9963162623539981
0.9963162623539981
0.9963162623539981
0.9963162623539981
0.9963162623539981
0.9963162623539981
0.9963162623539981
0.9963162623539981
0.9963162623539981
0.9963162623539981
0.9963162623539981
0.9963162623539981
0.9963162623539981
0.9963162623539981
0.9963162623539981
0.9963162623539981
0.9963162623539981
0.9963162623539981
0.9963162623539981
0.9963162623539981
0.9963162623539981
0.9963162623539981
0.9963162623539981
0.9963162623539981
0.9963162623539981
0.9963162623539981
0.9963162623539981
0.9963162623539981
0.9963162623539981
0.9963162623539981
0.9963162623539981
0.9963162623539981
0.9963162623539981
0.9963162623539981
0.9963162623539981
0.9963162623539981
0.9963162623539981
0.9963162623539981
0.9963162623539981
0.9963162623539981
0.9963162623539981
0.9963162623539981
0.9963162623539981
0.9963162623539981
0.9963162623539981
0.9963162623539981
0.9963162623539981
0.9963162623539981
0.9963162623539981
0.9963162623539981
0.9963162623539981
0.9963162623539981
0.9963162623539981
0.9963162623539981
0.9963162623539981
0.9963162623539981
0.9963162623539981
0.9963162623539981
0.9963162623539981
0.9963162623539981
0.9963162623539981
0.9963162623539981
0.9963162623539981
0.9963162623539981
0.9963162623539981
0.9963162623539981
0.9963162623539981
0.9963162623539981
0.9963162623539981
0.9963162623539981
0.9963162623539981
0.9963162623539981
0.9963162623539981
0.9963162623539981
0.9963162623539981
0.9963162623539981
0.9963162623539981
0.9963162623539981
0.9963162623539981
0.9963162623539981
0.9963162623539981
0.9963162623539981
0.9963162623539981
0.9963162623539981
0.9963162623539981
0.9963162623539981
0.9963162623539981
0.9963162623539981
0.9963162623539981
0.9963162623539981
0.9963162623539981
0.9963162623539981
0.9963162623539981
0.9963162623539981
0.9963162623539981
0.9963162623539981
0.9963162623539981
0.9963162623539981
0.9963162623539981
0.9963162623539981
0.9963162623539981
0.9963162623539981
0.9963162623539981
0.9963162623539981
0.9963162623539981
0.9963162623539981
0.9963162623539981
0.9963162623539981
0.9963162623539981
0.9963162623539981
0.9963162623539981
0.9963162623539981
0.9963162623539981
0.9963162623539981
0.9963162623539981
0.9963162623539981
0.9963162623539981
0.9963162623539981
0.9963162623539981
0.9963162623539981
0.9963162623539981
0.9963162623539981
0.9963162623539981
0.9963162623539981
0.9963162623539981
0.9963162623539981
0.9963162623539981
0.9963162623539981
0.9963162623539981
0.9963162623539981
0.9963162623539981
0.9963162623539981
0.9963162623539981
0.9963162623539981
0.9963162623539981
0.9963162623539981
0.9963162623539981
0.9963162623539981
0.9963162623539981
0.9963162623539981
0.9963162623539981
0.9963162623539981
0.9963162623539981
0.9963162623539981
0.9963162623539981
0.9963162623539981
0.9963162623539981
0.9963162623539981
0.9963162623539981
0.9963162623539981
0.9963162623539981
0.9963162623539981
0.9963162623539981
0.9963162623539981
0.9963162623539981
0.9963162623539981
0.9963162623539981
0.9963162623539981
0.9963162623539981
0.9963162623539981
0.9963162623539981
0.9963162623539981
0.9963162623539981
0.9963162623539981
0.9963162623539981
0.9963162623539981
0.9963162623539981
0.9963162623539981
0.9963162623539981
0.9963162623539981
0.9963162623539981
0.9963162623539981
0.9963162623539981
0.9963162623539981
0.9963162623539981
0.9963162623539981
0.9963162623539981
0.9963162623539981
0.9963162623539981
0.9963162623539981
0.9963162623539981
0.9963162623539981
0.9963162623539981
0.9963162623539981
0.9963162623539981
0.9963162623539981
0.9963162623539981
0.9963162623539981
0.9963162623539981
0.9963162623539981
0.9963162623539981
0.9963162623539981
0.9963162623539981
0.9963162623539981
0.9963162623539981
0.9963162623539981
0.9963162623539981
0.9963162623539981
0.9963162623539981
0.9963162623539981
0.9963162623539981
0.9963162623539981
0.9963162623539981
0.9963162623539981
0.9963162623539981
0.9963162623539981
0.9963162623539981
0.9963162623539981
0.9963162623539981
0.9963162623539981
0.9963162623539981
0.9963162623539981
0.9963162623539981
0.9963162623539981
0.9963162623539981
0.9963162623539981
0.9963162623539981
0.9963162623539981
0.9963162623539981
0.9963162623539981
0.9963162623539981
0.9963162623539981
0.9963162623539981
0.9963162623539981
0.9963162623539981
0.9963162623539981
0.9963162623539981
0.9963162623539981
0.9963162623539981
0.9963162623539981
0.9963162623539981
0.9963162623539981
0.9963162623539981
0.9963162623539981
0.9963162623539981
0.9963162623539981
0.9963162623539981
0.9963162623539981
0.9963162623539981
0.9963162623539981
0.9963162623539981
0.9963162623539981
0.9963162623539981
0.9963162623539981
0.9963162623539981
0.9963162623539981
0.9963162623539981
0.9963162623539981
0.9963162623539981
0.9963162623539981
0.9963162623539981
0.9963162623539981
0.9963162623539981
0.9963162623539981
0.9963162623539981
0.9963162623539981
0.9963162623539981
0.9963162623539981
0.9963162623539981
0.9963162623539981
0.9963162623539981
0.9963162623539981
0.9963162623539981
0.9963162623539981
0.9963162623539981
0.9963162623539981
0.9963162623539981
0.9963162623539981
0.9963162623539981
0.9963162623539981
0.9963162623539981
0.9963162623539981
0.9963162623539981
0.9963162623539981
0.9963162623539981
0.9963162623539981
0.9963162623539981
0.9963162623539981
0.9963162623539981
0.9963162623539981
0.9963162623539981
0.9963162623539981
0.9963162623539981
0.9963162623539981
0.9963162623539981
0.9963162623539981
0.9963162623539981
0.9963162623539981
0.9963162623539981
0.9963162623539981
0.9963162623539981
0.9963162623539981
0.9963162623539981
0.9963162623539981
0.9963162623539981
0.9963162623539981
0.9963162623539981
0.9963162623539981
0.9963162623539981
0.9963162623539981
0.9963162623539981
0.9963162623539981
0.9963162623539981
0.9963162623539981
0.9963162623539981
0.9963162623539981
0.9963162623539981
0.9963162623539981
0.9963162623539981
0.9963162623539981
0.9963162623539981
0.9963162623539981
0.9963162623539981
0.9963162623539981
0.9963162623539981
0.9963162623539981
0.9963162623539981
0.9963162623539981
0.9963162623539981
0.9963162623539981
0.9963162623539981
0.9963162623539981
0.9963162623539981
0.9963162623539981
0.9963162623539981
0.9963162623539981
0.9963162623539981
0.9963162623539981
0.9963162623539981
0.9963162623539981
0.9963162623539981
0.9963162623539981
0.9963162623539981
0.9963162623539981
0.9963162623539981
0.9963162623539981
0.9963162623539981
0.9963162623539981
0.9963162623539981
0.9963162623539981
0.9963162623539981
0.9963162623539981
0.9963162623539981
0.9963162623539981
0.9963162623539981
0.9963162623539981
0.9963162623539981
0.9963162623539981
0.9963162623539981
0.9963162623539981
0.9963162623539981
0.9963162623539981
0.9963162623539981
0.9963162623539981
0.9963162623539981
0.9963162623539981
0.9963162623539981
0.9963162623539981
0.9963162623539981
0.9963162623539981
0.9963162623539981
0.9963162623539981
0.9963162623539981
0.9963162623539981
0.9963162623539981
0.9963162623539981
0.9963162623539981
0.9963162623539981
0.9963162623539981
0.9963162623539981
0.9963162623539981
0.9963162623539981
0.9963162623539981
0.9963162623539981
0.9963162623539981
0.9963162623539981
0.9963162623539981
0.9963162623539981
0.9963162623539981
0.9963162623539981
0.9963162623539981
0.9963162623539981
0.9963162623539981
0.9963162623539981
0.9963162623539981
0.9963162623539981
0.9963162623539981
0.9963162623539981
0.9963162623539981
0.9963162623539981
0.9963162623539981
0.9963162623539981
0.9963162623539981
0.9963162623539981
0.9963162623539981
0.9963162623539981
0.9963162623539981
0.9963162623539981
0.9963162623539981
0.9963162623539981
0.9963162623539981
0.9963162623539981
0.9963162623539981
0.9963162623539981
0.9963162623539981
0.9963162623539981
0.9963162623539981
0.9963162623539981
0.9963162623539981
0.9963162623539981
0.9963162623539981
0.9963162623539981
0.9963162623539981
0.9963162623539981
0.9963162623539981
0.9963162623539981
0.9963162623539981
0.9963162623539981
0.9963162623539981
0.9963162623539981
0.9963162623539981
0.9963162623539981
0.9963162623539981
0.9963162623539981
0.9963162623539981
0.9963162623539981
0.9963162623539981
0.9963162623539981
0.9963162623539981
0.9963162623539981
0.9984126984126984
0.9984126984126984
0.9984126984126984
0.9984126984126984
0.9984126984126984
0.9984126984126984
0.9984126984126984
0.9984126984126984
0.9984126984126984
0.9984126984126984
0.9984126984126984
0.9984126984126984
0.9984126984126984
0.9984126984126984
0.9984126984126984
0.9984126984126984
0.9984126984126984
0.9984126984126984
0.9984126984126984
0.9984126984126984
0.9984126984126984
0.9984126984126984
0.9984126984126984
0.9984126984126984
0.9984126984126984
0.9984126984126984
0.9984126984126984
0.9984126984126984
0.9984126984126984
0.9984126984126984
0.9984126984126984
0.9984126984126984
0.9984126984126984
0.9984126984126984
0.9984126984126984
0.9984126984126984
0.9984126984126984
0.9984126984126984
0.9984126984126984
0.9984126984126984
0.9984126984126984
0.9984126984126984
0.9984126984126984
0.9984126984126984
0.9984126984126984
0.9984126984126984
0.9984126984126984
0.9984126984126984
0.9984126984126984
0.9984126984126984
0.9984126984126984
0.9984126984126984
0.9984126984126984
0.9984126984126984
0.9984126984126984
0.9984126984126984
0.9984126984126984
0.9984126984126984
0.9984126984126984
0.9984126984126984
0.9984126984126984
0.9984126984126984
0.9984126984126984
0.9984126984126984
0.9984126984126984
0.9984126984126984
0.9984126984126984
0.9984126984126984
0.9984126984126984
0.9984126984126984
0.9984126984126984
0.9984126984126984
0.9984126984126984
0.9984126984126984
0.9984126984126984
0.9984126984126984
0.9984126984126984
0.9984126984126984
0.9984126984126984
0.9984126984126984
0.9984126984126984
0.9984126984126984
0.9984126984126984
0.9984126984126984
0.9984126984126984
0.9984126984126984
0.9984126984126984
0.9984126984126984
0.9984126984126984
0.9984126984126984
0.9984126984126984
0.9984126984126984
0.9984126984126984
0.9984126984126984
0.9984126984126984
0.9984126984126984
0.9984126984126984
0.9984126984126984
0.9984126984126984
0.9984126984126984
0.9984126984126984
0.9984126984126984
0.9984126984126984
0.9984126984126984
0.9984126984126984
0.9984126984126984
0.9984126984126984
0.9984126984126984
0.9984126984126984
0.9984126984126984
0.9984126984126984
0.9984126984126984
0.9984126984126984
0.9984126984126984
1.0
1.0
