0.0070124023520248165
0.014028437991372324
0.021056307621175815
0.027973738924955145
0.03492018023915017
0.042009092833620906
0.04896551912824336
0.05595728152454715
0.06280496601771013
0.06974625009487029
0.07672089175844857
0.08374813818484578
0.09431437951855676
0.09769254442922619
0.10109080626582596
0.10457328349852026
0.10801896392012086
0.11161155907739037
0.11513291882558863
0.11852343345956788
0.1219739209656437
0.12533491405887448
0.1287771623021682
0.13044799605166202
0.13909033468910514
0.14249913885299736
0.14596442652038638
0.14960134960525964
0.1530569611538702
0.15654506846157606
0.15993490788955045
0.16339508165085312
0.166830891348857
0.17043165506587468
0.17391245345938025
0.17563654549174848
0.1843874347772992
0.18800332120272645
0.19148081713526827
0.19496694661316732
0.1984903817955015
0.20194269235065504
0.2053241290123026
0.20882349796895344
0.21224698684977264
0.2156071491428041
0.21899725886309684
0.22083079844285639
0.22952061466892928
0.23294141708593852
0.23627194002862822
0.2396664167630398
0.24318789609958405
0.24678968885910602
0.25016074818152934
0.25357770566484267
0.2569877640223513
0.2605095458563881
0.2638541900347634
0.2655722990287923
0.27414095884909284
0.27765651037214756
0.2811515735672561
0.2846290825142023
0.28799021404009506
0.2914046083808506
0.29496795589250335
0.29851307969031327
0.3019483600675334
0.3054980134666707
0.30898656458513596
0.31064174866735494
0.3192575395398378
0.3228156804120662
0.32632993607148997
0.3298788011112032
0.3333916631688712
0.3368797450101537
0.340286128459916
0.3437511039219539
0.34726475770577303
0.3508209474102048
0.3542362088715123
0.35597684691605463
0.3645583933822862
0.3679410885264901
0.371387517395518
0.37490308873521305
0.3784144216677889
0.38185049634472723
0.38524978691306033
0.3887390723798333
0.3922089799096777
0.39572601697204773
0.3992544792492625
0.4009158569015526
0.4096048591419399
0.4130584368411098
0.4165306269322683
0.42007119990595926
0.4235329232662344
0.426997159394903
0.4305089270982696
0.4339782950434531
0.43751775233664586
0.4408713412519356
0.4445071234766653
0.44620301090646797
0.4548213344663057
0.4583605156548352
0.4618012332101258
0.4651378045018069
0.4686274006862392
0.4721236020330291
0.4755742059142407
0.47911362643138944
0.48241590228169706
0.4858497075102831
0.4892136913500411
0.49101186638516736
0.4995119252170619
0.5030491470214221
0.5065923990447856
0.5100647235062474
0.5134888711458668
0.5168942119449351
0.5203669725594205
0.5237793642591325
0.5274368431649135
0.5308214994683366
0.5342832115503605
0.536081356296594
0.5449449163352891
0.547154040543253
0.5498717165082133
0.552482278253007
0.5549832404095427
0.557560628976002
0.5602760632958883
0.5628800926420857
0.5654891964807841
0.5680097834726806
0.5705528844111625
0.5718706074748197
0.5753087842292381
0.5756796960334681
0.5769512669078097
0.5786693520127397
0.580397311231437
0.5821412221165205
0.5838802227434425
0.5855943724408905
0.5873135786809798
0.58896493333214
0.590684086468868
0.5919883191751034
0.5945768130436688
0.5950397749320763
0.5954356788351363
0.5968232212972353
0.5986175140420893
0.6004114027996931
0.6021788289415086
0.6039359347398067
0.6056357960786387
0.6074197196831204
0.6091645355394301
0.6105238129033144
0.6135324788513661
0.6148734181603873
0.6153403639279471
0.6157449015357731
0.6170430533733083
0.6187791170958754
0.6206019359333125
0.6224804228893264
0.624232650539263
0.6259380505107599
0.6277014581716573
0.6290050682235135
0.6320113334504859
0.6338065100034962
0.6350622793391898
0.6354874712278729
0.6359356035221394
0.6371880455072298
0.6389096479145604
0.6406606847199281
0.6423912673220343
0.6442307781278029
0.646005543617157
0.6472279284048359
0.6501992339688966
0.6518943401591988
0.65367323409098
0.654916642021571
0.6553347979472282
0.6557881525248638
0.6571240224149483
0.6588401846143406
0.6606145717699128
0.6624308105755814
0.6642324583550526
0.6655005462035904
0.6685804598389253
0.6703246409140213
0.6721550738641471
0.6739077471638671
0.675232202869492
0.675678420001276
0.6760783656064632
0.6773938413086709
0.6791341552965602
0.6808695585172573
0.6826527625378221
0.6839053399433628
0.6869652699964303
0.6887094625261727
0.6904451479965288
0.6921988602913095
0.6939502144214655
0.6952698377243858
0.6956900148811695
0.6961346711075286
0.6974195779087651
0.6991305752554213
0.7008120138998442
0.7020842854396823
0.705137740352109
0.7069011333264532
0.7085998197156951
0.710270512458975
0.7119838962575473
0.7137879669260069
0.7151876316165167
0.715640239234997
0.716090054006519
0.7173958880360388
0.7190892544954277
0.720382793011029
0.7235257017809126
0.7252537306311818
0.7269433943720794
0.7286436856667147
0.7302824158325981
0.7320154400645729
0.7337229072250362
0.7349958579271985
0.7354441147842227
0.7358784663541428
0.7371698899441699
0.7384280109002489
0.7414835356748812
0.7432293466259858
0.7448934734472669
0.7466129513800236
0.7483254190032231
0.7501222241662837
0.7518411885814898
0.7535572879621957
0.7548452455285275
0.7552840175586485
0.7557144757935432
0.7566227154033196
0.7588152728459482
0.7602875395468369
0.761767419879585
0.7631960904867672
0.7647146474519648
0.7662065678730248
0.7677776461176662
0.769373109239039
0.7709233739535453
0.7721071468256411
0.772542146936907
0.7726534896643955
0.7734984036096368
0.7743888092385905
0.7758343249434194
0.7773897984994151
0.7790089401966382
0.7804841819004528
0.7820152214401568
0.7835228920433065
0.7850657584770014
0.7866509425922354
0.7879396334247785
0.7885776243615112
0.7897414294972622
0.7899866815848107
0.7904076578211521
0.7911212437029027
0.7920348960462567
0.7928521939367735
0.7936300450597997
0.7945053869808196
0.7953852414760104
0.7962660758916964
0.7971256407612508
0.7978715742007552
0.7994756321116897
0.79992799209666
0.8001626879134568
0.800576596480529
0.8012830042650705
0.8021419924556672
0.8030547736907501
0.8039842212689121
0.8049247753970376
0.8057456904325971
0.80665457848833
0.8073959668201216
0.8090231025618746
0.8097823876047028
0.8102284095378982
0.8104432639241776
0.8108542876257263
0.811596768900805
0.8124671404923209
0.813337288194965
0.8141986237522151
0.8151076875753368
0.8159778194139267
0.8167598705907034
0.8183176141600552
0.8192042341809429
0.8199326714958257
0.8204043734971804
0.8206353947345686
0.8210847757320773
0.8218009988565066
0.8226679470730028
0.8235240269860582
0.8243391945890763
0.8252544596117884
0.82604352203146
0.8276155829226257
0.8284633735239041
0.829340254529474
0.8300617382868928
0.8304877675162811
0.8307020810806924
0.8310928165494722
0.8318176978727665
0.8327014995733713
0.8335528369455761
0.8343768868911292
0.8351361000678359
0.8367615899245007
0.8375697663101737
0.8384050705262018
0.8392783912198283
0.8400267006746797
0.8404907835500677
0.8407021647708788
0.84110404563447
0.8418796060789163
0.8427306642989931
0.8435880221220866
0.8443539705217644
0.8459026953175204
0.8467829167904192
0.84766984743673
0.8485684527560214
0.8494058153896938
0.8502036142629308
0.8506750447272935
0.8508878490893074
0.8513310999260484
0.8521060653493354
0.8529392974798233
0.8537461883824771
0.8553421059393536
0.8562418593841823
0.8571444954599855
0.8580315397090553
0.8588657733085339
0.8597069056265119
0.8605142329545536
0.8609484254303063
0.8611693972849348
0.8616465663748187
0.8623960763970457
0.8631320329846183
0.8647216027072224
0.8655597381129274
0.8664242608668986
0.8671777289447509
0.8679932821896492
0.8687895412288754
0.8696716702384708
0.8704545103834048
0.8708664583882418
0.8710882403602644
0.8715186023340763
0.8720002391042563
0.8733028974770206
0.8741150310947686
0.8749195270002004
0.8757763392743456
0.8765954800406655
0.8773976569514597
0.8782148749998668
0.8790197742246588
0.8797565061652826
0.8800934812115909
0.8803259494936636
0.8805834170019562
0.8813019629392334
0.8818479788892518
0.8825869394461313
0.8833360624123106
0.8840612232416686
0.8848406127845383
0.8856150549824313
0.8863708586433878
0.8871059969046449
0.8877841654673033
0.8881584854509388
0.8882948803523479
0.8888390677773126
0.8891685102678955
0.8897543455953291
0.8904165162720317
0.8911416519463174
0.8917984575972839
0.8925063659366114
0.8932238379375097
0.8939512814907589
0.8946418034931815
0.8952059804753507
0.8955810839506027
0.8962358389163302
0.8964051807063423
0.8965536385883699
0.8968485644848212
0.8972508905739042
0.897685158910964
0.898104281463431
0.8985331851036573
0.8990253232949742
0.8994623775813672
0.8998709097597128
0.9002805474921932
0.9011152147068414
0.9013969897529363
0.9015550956924976
0.9017057998650928
0.9019650372412639
0.9023539204440851
0.9028071562750565
0.9032640808661272
0.9036901599707186
0.9040891789495651
0.9045716158035767
0.904911766916549
0.9057580874923487
0.9061541066596663
0.9064366586318233
0.9066115422048359
0.9067925739449988
0.9071042787264916
0.9075338462699883
0.9079761983615049
0.9084178455625747
0.9088692160071288
0.9092849712895292
0.9096832241290853
0.9105488664558697
0.910971028912571
0.9113970688508933
0.911730064589469
0.9118747301352994
0.9120180791741398
0.9123300105033456
0.9127078431651875
0.9131294345820491
0.9135204717104033
0.9139452545558534
0.9143715612865211
0.9151180457690813
0.9155680263522522
0.9159893322987629
0.9164186771021072
0.9167340514779474
0.9168795692983677
0.9170205303085324
0.9173169274820525
0.917707411499112
0.9181212468706347
0.9185556725481423
0.9189861253064961
0.9197805151479962
0.9202017117945362
0.9206779832175592
0.9211215811908847
0.9215351684411663
0.921798635989922
0.9219572098953542
0.9221148508637047
0.9223962283180448
0.9227905274116807
0.9232013721923367
0.9236139196096091
0.9244578644355098
0.9248635373879669
0.9253135713287475
0.9257463407517852
0.9262000959158356
0.9265929170890106
0.926923992344223
0.9270691672636594
0.9272377543658592
0.9275399437842247
0.9279878767471731
0.9284343079746662
0.9293401287471781
0.9297356814406299
0.9301975988611692
0.9306472400326793
0.931130942598958
0.9315554890997992
0.9320178805389844
0.9323297615015077
0.9324925912260762
0.9326594183495143
0.9329494332527415
0.9333209233905264
0.9340722824329872
0.9344721638015723
0.934902816810764
0.9352875174640878
0.9356920166481889
0.9360962559978409
0.9365472698484668
0.9369179328560842
0.9371841010493402
0.9373064518279762
0.9374662025705292
0.9376574139022439
0.9381982625954832
0.9385539106179172
0.9389437330685613
0.9393362608060467
0.9397424578111964
0.9401214126231214
0.9404923952998638
0.9408438279951105
0.9412152552257214
0.9414542336606744
0.9416073310095839
0.9417181062681269
0.9419990947607572
0.9422328636154096
0.9425703460411894
0.9429040739676131
0.943260587459185
0.9436146627851634
0.943981266073621
0.9443263433013273
0.9446621668212628
0.9449791494004458
0.9451914510284971
0.9453136585663698
0.9455888076825475
0.9457182495248886
0.9459389900093198
0.9461815096645534
0.9465282899425178
0.9468535671580915
0.9471488157961658
0.947466753303349
0.9477983360227722
0.9480863742598602
0.9483718143357993
0.9485748782789777
0.948929914928452
0.9490273530298097
0.9490950091973022
0.9492284852854782
0.9493807109392478
0.9496216379966466
0.9498346537320738
0.9500544905747068
0.9502708888536375
0.9504868412461033
0.9507062824095452
0.9509342904782643
0.9513742727948191
0.9515560886769218
0.9516889548100539
0.9517703895489145
0.9518786447490818
0.9520459924465394
0.9522547141016826
0.952467935974397
0.9526741157465716
0.9528888425860832
0.9531043703329766
0.9532794680123482
0.9537077571367608
0.9538992694633281
0.9540838776939927
0.9542159264053655
0.9542950419870116
0.9543975351496552
0.9545701439678485
0.9547486544865328
0.9549914056004515
0.9552050133623777
0.955415433178122
0.9556161363937739
0.9560635886099451
0.9562642363853653
0.956446773505967
0.9566225315955525
0.9567451187187975
0.9568182009876426
0.9569531019600911
0.9571299035276696
0.9573443086260837
0.9575787142454495
0.9578053251446869
0.9580530932282375
0.9585339663516577
0.9587492148472854
0.9589541586086365
0.9591656943591118
0.9593506185185137
0.9594662905080191
0.9595478649945868
0.959658414030571
0.9598428874101024
0.9600283972921636
0.9602575885865823
0.9604877700013842
0.9608556259776198
0.9610705610370409
0.9612694926454775
0.9615164716126767
0.9617235542771885
0.9619086778563961
0.9620387763754801
0.9621146339763802
0.9622211476140767
0.9623798822645255
0.9625969786279343
0.9627915880276541
0.9632495466393739
0.9634975811160111
0.9637125313603816
0.9639715800256808
0.9641513560871389
0.9643691153532923
0.964531012717013
0.9646591707522165
0.9647426175900143
0.9648632000812645
0.965034907410638
0.9652635109989126
0.9656740269814372
0.9658883442793197
0.9661061624681113
0.9663152964863169
0.9665386893205383
0.9667481325499997
0.9669759781306325
0.9671608666061717
0.9672452027318502
0.9673455227216379
0.9674614752070829
0.9676001700077338
0.9679033839856714
0.9680904668046031
0.9682505636938648
0.9684688852813252
0.968657680947411
0.9688848927542573
0.9690926058727262
0.9692579928384548
0.9694384060782681
0.9695291448915818
0.9696026948752332
0.9696871637800725
0.9698770234230643
0.970004922122215
0.9702020957316411
0.9704121427786322
0.9705986497458896
0.9707620662714811
0.9709705560649474
0.9711592129769352
0.9713334378828036
0.9715106504840161
0.9716183336544681
0.9716648984472607
0.9717852939707087
0.9718804963209389
0.9720050002756471
0.9721747786611058
0.9723541880875917
0.9725564548568595
0.9726991175137648
0.9728652365047643
0.9730278895461729
0.9731903215164097
0.9733176746596955
0.9733850255226303
0.9735639612700224
0.9736266300067498
0.9737216502010124
0.9738362120718802
0.9739616176779851
0.9740789628499796
0.9742141882186335
0.9743681092153041
0.9745182974593889
0.9746444887879265
0.974761661261297
0.9748527500326286
0.9750296664545564
0.9750969803820382
0.9751549697361536
0.9752198742240082
0.9752696253824902
0.9753796635528631
0.9754797951606813
0.9755692065176567
0.9756631877168586
0.9757826877264242
0.975866999619718
0.9759467039965216
0.9761538408496746
0.9762373707540072
0.9763248515865752
0.9763651993301065
0.9764033742296843
0.9764739978446724
0.9765546653658793
0.9766605235677732
0.9767912884720086
0.976898188161494
0.9769887790106977
0.9771083294754335
0.9773215539185164
0.977440237584686
0.9775235484082481
0.9776055035585512
0.9776514284400428
0.9777100881638454
0.9777762191166923
0.9778645612712854
0.9779553470573631
0.9780575574047634
0.978149447083477
0.9782506373542371
0.9785013590228455
0.9786099825973216
0.9787228654733402
0.9788489978792396
0.9789138761443086
0.9789661540892975
0.9790165277326648
0.9790863127660073
0.9791980069397853
0.9793102773788794
0.9794112615123524
0.9795029562541919
0.9797045144773793
0.9798282773593815
0.9799304096146586
0.9800460903120469
0.9801260674667829
0.9802010902195083
0.9802507308370793
0.9803127279631791
0.9803824326629321
0.9804851082326081
0.9805910305826165
0.9806904051833187
0.9809189360675232
0.9810513444453222
0.9811649908055234
0.9812815353174675
0.9813804045290995
0.9814754633981517
0.98155974906866
0.9816061970167019
0.9816608449839841
0.981728373767286
0.9818268191643774
0.9819392104327578
0.9821653094658586
0.9822915988833031
0.9824136426921493
0.9825401165070274
0.9826580507215109
0.9827654688320375
0.9828653703212487
0.9829370653800852
0.982992919564511
0.9830523175395862
0.9831393995394591
0.983218672383715
0.9834082125270752
0.9835031430998985
0.9836034357037979
0.9836967979005209
0.9837956696046836
0.9839015984317585
0.983995102868719
0.9840884049018636
0.9841654699608477
0.9842134960712362
0.9842722840912675
0.9843369874162466
0.984475288949231
0.9845507606609194
0.9846658553952332
0.9847627199748704
0.9848653177034878
0.984971761129645
0.9850599435290975
0.9851562475304975
0.9852449560689981
0.9853116488410226
0.9853544085167115
0.9853886155600349
0.9854631765728913
0.9855321629403179
0.9856155354194636
0.9856989081496739
0.9857970141281879
0.9858878415730652
0.985984567645936
0.9860829938735423
0.9861626238916935
0.986249438590175
0.9863041509566363
0.9863325747247117
0.9864187664361783
0.9864505617984083
0.9865072750633932
0.9865759410191505
0.986662159455532
0.9867355848764259
0.9868126447099339
0.9868788896860982
0.9869517415852713
0.9870276997676095
0.9870893674346048
0.9871364264160541
0.9872127757130802
0.9872494074694675
0.9872857536670163
0.9873317903303594
0.9873741511733534
0.9874292708399778
0.9874810907785687
0.9875462757623628
0.9876126490347558
0.9876685386519797
0.9877236181518092
0.9877758507045272
0.9878850350198174
0.9879331971444418
0.9879676293319606
0.9879962290300017
0.9880199182262982
0.9880582578554281
0.9881083627053989
0.988165382689109
0.9882028570116781
0.9882606340025043
0.9883192295781923
0.988381752341211
0.9884849722258112
0.9885216139416717
0.9885661855539476
0.9885937804487857
0.9886285270730365
0.9886631180151704
0.9887017868523401
0.9887477040158249
0.9888032928892607
0.9888610231583878
0.9889136340448876
0.9889692818409614
0.9890692811680151
0.9891409650264382
0.9891900438248316
0.989231329490506
0.9892619023722798
0.9892832764843853
0.9893060287590641
0.9893595768182464
0.989405698878078
0.9894498844385652
0.9894873525351322
0.9895321116173398
0.9896509238308028
0.9897151884073568
0.9897730999204135
0.9898395700407733
0.9898706044113514
0.9898942961001789
0.9899159694640671
0.989958763080549
0.9900095722409996
0.9900497502805671
0.9901196356442825
0.9901670897249559
0.9902568644818284
0.9903095080681805
0.9903508553894387
0.9904055338151072
0.9904519241699392
0.9904898699407857
0.9905234672801297
0.9905484630239431
0.9905786625463466
0.990617200594757
0.990669238210601
0.9907315685292766
0.9908440114159298
0.9908899058390352
0.9909436753089417
0.9910072068596992
0.9910604579085647
0.9911198910653729
0.9911609793016428
0.9911895640657994
0.9912221239020879
0.9912534575244489
0.9912967815118463
0.9913364311708995
0.9914338866986725
0.9914847183484377
0.9915268026800281
0.9915852575074837
0.9916412764214617
0.9916960628955105
0.9917380768529845
0.9917808630025241
0.9918105304109422
0.9918355865693989
0.9918629351601548
0.9919031997486635
0.991982038818906
0.9920233786732219
0.9920765957812945
0.9921171459286419
0.9921837181224445
0.992232499910521
0.9922523046566504
0.9922900856979445
0.9923395942858156
0.9923621818309423
0.9923772143310287
0.9923952245669865
0.9924473340489519
0.9924903992024258
0.9925380077242758
0.9925764061875562
0.992611709656573
0.9926611818111206
0.9927136017452824
0.9927536789523472
0.9927965616987888
0.9928356794949214
0.9928609947383661
0.9928870165337568
0.9929371550734555
0.9929618176246933
0.9929983926999085
0.9930377795405023
0.9930859840733873
0.9931319453882027
0.9931959394282902
0.9932512215830007
0.9932790456065701
0.993315609481372
0.9933394898810712
0.9933603358637271
0.99340329047629
0.993423334059559
0.9934407405664745
0.9934599795088904
0.9934987641124473
0.9935250903850972
0.9935625305158089
0.9936134437401036
0.993645440014145
0.9936708860463491
0.9937163266986572
0.9937443493925715
0.9938009967663723
0.9938143216447808
0.9938282524936974
0.9938480232990339
0.9938715667726863
0.9938926076922162
0.993927151912651
0.9939637973619825
0.9939869774357377
0.9940181086542828
0.9940479772255767
0.9940814537356343
0.9941399901376196
0.9941616672349791
0.9941822164583829
0.9942017182192582
0.9942072589238953
0.9942210213097884
0.9942517829024343
0.9942981740067273
0.9943323850345863
0.9943533994802657
0.9943775187171046
0.9943989669367975
0.9944832726040895
0.9945058866230667
0.9945292012190525
0.9945461664850125
0.9945551186995342
0.9945740281828456
0.9945911014971855
0.9946209940497993
0.9946413383768563
0.9946654199394311
0.9946876026769255
0.9947127534418827
0.9947668658127732
0.9947807225541023
0.9948070525602233
0.9948246540040129
0.9948459639680038
0.9948571194848654
0.9948685742535098
0.9948800669474829
0.9949100261407418
0.9949286326387992
0.9949581580580444
0.9949837762867433
0.9950297525354431
0.9950578431109429
0.9950815989478845
0.9951051763623298
0.9951274307148807
0.9951412233080955
0.9951564809523774
0.995169041105663
0.9951957572520603
0.9952176407377719
0.9952356811810512
0.9952563133084128
0.9953145731989947
0.9953322427754343
0.9953544519867791
0.9953736644553446
0.9953971851886176
0.9954144232325101
0.9954342242451681
0.995449027867588
0.9954593847185338
0.9954784626648685
0.9955075870099526
0.9955367792366223
0.9955854871681762
0.9956005800829059
0.9956305053353719
0.9956540488090244
0.9956748608508876
0.9956935679303828
0.9957222382536048
0.9957344652143147
0.9957534049049477
0.9957607538127007
0.9957741490652254
0.995794122274378
0.9958259198780743
0.9958532911207219
0.9958782090234768
0.9959009273573629
0.995922901465039
0.9959340909226934
0.9959578707409547
0.9959717676490786
0.9959967596594208
0.9960084168318812
0.9960198716005257
0.9960311012249746
0.9960723619088038
0.9961039623341602
0.9961235584504714
0.9961500531861447
0.996174906940785
0.9961896991117266
0.9962125080675777
0.9962421378017319
0.9962642464316389
0.9962808482977015
0.9962905350300247
0.9963001952884976
0.9963350424941865
0.996354614629178
0.9963654369534638
0.9963834132486288
0.9964035589053407
0.9964322794326683
0.9964571973354229
0.9964714878507657
0.9965013766699082
0.9965157048595147
0.9965317029965354
0.9965400190332274
0.9965567930957847
0.996567944879175
0.9965752975203991
0.9965883858031339
0.9966171390303139
0.9966385470832121
0.9966563511818824
0.9966688736609041
0.9966849057387175
0.9966987020654035
0.9967086214088645
0.9967239833680553
0.996743701225691
0.9967521894588776
0.9967594038443999
0.9967707981984011
0.9967766720956137
0.9967928327207206
0.9968122778004237
0.9968390982617303
0.9968626454688538
0.9968824200076616
0.9968881995494382
0.996898054744785
0.996931355073812
0.9969539728262604
0.9969609922749089
0.9969722860474721
0.9969777965447876
0.9969993353864453
0.9970090560595612
0.9970249196743513
0.9970433235175278
0.9970617940013495
0.9970784260747337
0.9970939904377408
0.9971195747256467
0.9971280252845696
0.997136812769539
0.9971453576838978
0.9971510329107656
0.9971551085643354
0.9971678032398514
0.9971872747934052
0.9971999996762428
0.9972109225819666
0.9972237819870349
0.9972381101766414
0.9972645030899364
0.997277133617338
0.9972937317499296
0.99731233052998
0.9973193764524788
0.9973278270114015
0.9973320711279949
0.9973477662797614
0.9973618995324942
0.997376227722101
0.9973804681052231
0.9973831089150474
0.9974260258533464
0.9974353454523013
0.9974450661254173
0.9974547528577405
0.9974587945705178
0.9974655714485553
0.997468575658277
0.9974757937772702
0.997487053609041
0.9974937361316425
0.9975043295782619
0.9975267714007443
0.9975436725185899
0.9975538509470392
0.997570920527908
0.9975832820108483
0.9975975460523406
0.997604959108208
0.9976132788783711
0.9976243702471184
0.9976329892690645
0.997634225442465
0.9976400351915633
0.99764989038691
0.9976759915153643
0.997702512724888
0.9977229514073809
0.9977428869422696
0.9977626238068134
0.9977768539075128
0.997782697597404
0.9977971263684484
0.9978063114451727
0.9978163653108643
0.9978220103304103
0.9978273523647024
0.99785230420825
0.9978711078846472
0.9978912458233521
0.9979009325556754
0.997917332017922
0.9979332372915116
0.9979413885986516
0.9979498391575743
0.9979566938766704
0.9979653468394094
0.9979711565885077
0.9979824126868071
0.9980020187625913
0.9980141513678651
0.9980259507805633
0.9980439233422571
0.998054141937501
0.9980614204711377
0.9980753815273758
0.9980879114733396
0.998097796876008
0.9981017040665545
0.998107517549124
0.998111394532349
0.9981195458394887
0.9981292665126048
0.9981360131833208
0.9981490071106197
0.9981632748855831
0.9981718901740579
0.9981775351936042
0.9981872219259275
0.9981983132946746
0.9982153866090147
0.9982169559749908
0.9982194283217918
0.9982351309405008
0.998241139359944
0.9982497583818902
0.9982659853965774
0.9982758745327167
0.9982829241886868
0.99829382062056
0.998306350566524
0.9983171389500172
0.9983272971306177
0.9983339796532195
0.9983394562097421
0.9983480752316881
0.9983608038479971
0.9983650442311192
0.998379338479933
0.9983865189246625
0.9983932655953786
0.9984040841861933
0.9984125686859088
0.9984184123757999
0.9984256607021149
0.9984385503145048
0.9984458590554629
0.9984572836167858
0.9984587184605312
0.9984629927844462
0.9984688062670157
0.998472851713264
0.9984783282697868
0.9984797631135323
0.9984897528311094
0.9985001059485841
0.9985083615706329
0.9985113657803546
0.9985173439924763
0.9985334766517275
0.9985363161318971
0.9985403917854669
0.9985444334982441
0.9985474377079657
0.9985516478837663
0.9985556895965435
0.9985595665797685
0.9985662793096917
0.9985805131438623
0.9985879261997295
0.998596804306664
0.9986108998851326
0.9986123347288782
0.9986191894479743
0.9986246357971755
0.9986262051631516
0.998631516990122
0.9986343225294987
0.9986443763951903
0.9986512311142864
0.9986568798673037
0.9986651656966743
0.9986746876994452
0.9986832024064823
0.9986902218551308
0.9986914580285313
0.9986981707584545
0.9987050217440794
0.99870923191988
0.9987106667636256
0.9987134723030022
0.9987178509418262
0.9987249308051178
0.9987333813640404
0.9987372885545871
0.9987475373571526
0.9987502083742986
0.9987561563790988
0.9987641090158935
0.9987726274564018
0.9987752984735478
0.9987752984735478
0.998777969490694
0.9987821796664944
0.9987877944787189
0.9987918361914963
0.9988015870719338
0.9988173463718147
0.9988306071021089
0.9988350159482544
0.9988422001264552
0.998847680416449
0.9988547300724189
0.9988572024192199
0.9988598432290444
0.998863750419591
0.9988723996488587
0.9988766098246593
0.9988808200004599
0.998892110039552
0.9989019652348987
0.9989091833538921
0.998910587990316
0.9989176376462858
0.9989232487250392
0.9989302946475381
0.9989331001869148
0.998934669552891
0.9989440570334314
0.9989482672092318
0.9989507395560329
0.9989614675248828
0.9989643372123739
0.9989671464852217
0.9989741924077205
0.9989785710465444
0.9989882917196605
0.9989966416971454
0.9990038900234605
0.9990065610406065
0.9990065610406065
0.9990093665799831
0.9990093665799831
0.9990236306214754
0.9990275378120218
0.9990361568339681
0.9990388278511141
0.9990490464463578
0.9990532868294801
0.9990605351557951
0.9990658469827656
0.9990700608920373
0.9990744357973902
0.9990783127806149
0.9990813169903366
0.9990841564705061
0.9990898014900521
0.9990941763954049
0.9990941763954049
0.9990955810318288
0.9991010575883517
0.9991079425147694
0.9991105833245938
0.9991176971286782
0.9991201694754792
0.9991259829580487
0.9991291216900009
0.9991358344199242
0.9991370705933246
0.9991428501351013
0.9991479632917267
0.9991551776772489
0.999160718381886
0.9991661647310872
0.9991718097506334
0.9991760840745482
0.9991818938236465
0.999187404320962
0.999194255306587
0.9991984654823876
0.9991999003261332
0.9992062496561591
0.9992089206733051
0.9992129623860823
0.9992218102856949
0.999224784288095
0.9992276539755861
0.9992288901489865
0.9992375733190471
0.9992390081627925
0.999240443006538
0.9992465557408905
0.9992493650137384
0.9992493650137384
0.9992520058235628
0.9992520058235628
0.9992564448770299
0.9992564448770299
0.9992578797207754
0.9992578797207754
0.9992610184527277
0.9992634907995288
0.9992666295314812
0.9992724090732579
0.9992724090732579
0.9992752183461056
0.9992782225558273
0.9992806949026284
0.9992831672494293
0.9992860067295988
0.9992874113660226
0.9992889807319988
0.9992947942145682
0.9992975997539449
0.9993007384858972
0.9993088558522443
0.9993118600619659
0.9993132949057114
0.9993161645932025
0.999317599436948
0.9993202402467726
0.9993202402467726
0.9993229112639185
0.9993287851611312
0.9993353029541806
0.9993365391275811
0.9993405845738295
0.9993464282637203
0.9993521072240593
0.9993549467042286
0.9993574190510297
0.999358988417006
0.9993617939563826
0.9993617939563826
0.9993632288001282
0.9993632288001282
0.9993658696099526
0.9993658696099526
0.9993713498999464
0.9993755600757469
0.9993783656151236
0.9993825757909242
0.9993841451569003
0.9993897939099176
0.9993954049886709
0.999399645371793
0.9994035525623396
0.9994077929454618
0.9994106022183096
0.9994135762207097
0.9994149808571335
0.9994188880476802
0.9994188880476802
0.9994229637012501
0.9994245330672262
0.999431720978898
0.9994329571522985
0.999434391996044
0.9994356281694445
0.9994386021718445
0.9994400068082685
0.9994459850203902
0.9994487905597668
0.9994515960991436
0.9994570461818157
0.9994612563576163
0.9994652980703934
0.9994652980703934
0.9994652980703934
0.9994668674363696
0.9994668674363696
0.9994668674363696
0.9994668674363696
0.9994695082461941
0.9994737221554658
0.999479367175012
0.9994848437315346
0.9994860799049351
0.9994917249244811
0.9994917249244811
0.9994973699440273
0.9995000107538516
0.9995039179443983
0.9995051541177988
0.9995065889615443
0.9995065889615443
0.9995079935979682
0.9995122339810903
0.9995134701544909
0.9995175458080607
0.9995175458080607
0.999521786191183
0.9995230223645836
0.9995274312107291
0.9995274312107291
0.9995302706908986
0.9995318400568747
0.9995332446932985
0.9995357170400996
0.9995402906157974
0.9995448339841736
0.9995462688279191
0.9995478381938953
0.999550643733272
0.9995520785770174
0.9995589597699641
0.9995589597699641
0.99956163078711
0.9995647695190624
0.9995660056924629
0.9995688753799539
0.9995718795896755
0.9995732842260995
0.9995732842260995
0.999574719069845
0.999577191416646
0.999577191416646
0.99957859605307
0.9995828062288705
0.9995840424022711
0.9995840424022711
0.9995854772460165
0.999586713419417
0.9995923584389632
0.9995923584389632
0.9995923584389632
0.9995949992487876
0.9995949992487876
0.9995965686147636
0.9996008429386786
0.9996008429386786
0.9996008429386786
0.9996022475751025
0.9996091325015203
0.9996091325015203
0.9996121065039203
0.9996121065039203
0.9996136758698965
0.9996136758698965
0.9996152452358725
0.9996152452358725
0.9996198188115705
0.9996198188115705
0.9996198188115705
0.9996224596213948
0.9996254638311165
0.999626898674862
0.9996353529672559
0.999636922333232
0.9996398963356321
0.9996398963356321
0.9996398963356321
0.9996425371454565
0.9996425371454565
0.9996439417818805
0.999649054938506
0.9996545654358213
0.999657370975198
0.9996614768360896
0.9996657172192118
0.9996657172192118
0.9996669533926122
0.9996683580290362
0.9996697928727817
0.9996697928727817
0.9996741677781344
0.9996741677781344
0.9996769733175112
0.9996769733175112
0.9996826183370573
0.9996826183370573
0.9996840531808028
0.9996854880245483
0.9996870573905244
0.9996896982003489
0.9996939121096206
0.9996939121096206
0.9996939121096206
0.9996939121096206
0.9996939121096206
0.9996953167460445
0.99969675158979
0.9996981864335355
0.9997047004931137
0.9997092740688115
0.9997092740688115
0.9997092740688115
0.9997147543588053
0.9997175938389748
0.9997175938389748
0.9997175938389748
0.9997191632049509
0.9997234035880731
0.9997248384318186
0.9997248384318186
0.9997332889907413
0.9997345251641419
0.9997371659739662
0.9997371659739662
0.9997371659739662
0.9997400054541359
0.9997429794565358
0.9997429794565358
0.9997443840929598
0.9997443840929598
0.9997443840929598
0.9997457887293837
0.9997472235731292
0.9997486584168747
0.9997502277828507
0.9997527001296518
0.9997527001296518
0.9997539363030523
0.9997551724764528
0.9997551724764528
0.999756741842429
0.9997583112084051
0.9997598805743813
0.999762686113758
0.9997640907501819
0.999765660116158
0.999765660116158
0.9997684656555346
0.9997684656555346
0.9997711366726807
0.9997752123262507
0.9997752123262507
0.9997752123262507
0.9997764484996512
0.9997764484996512
0.9997764484996512
0.9997778833433967
0.9997778833433967
0.9997793181871422
0.9997807530308878
0.9997835623037354
0.9997851316697117
0.9997863678431123
0.9997877724795361
0.9997877724795361
0.9997877724795361
0.9997877724795361
0.9997877724795361
0.9997877724795361
0.9997877724795361
0.9997877724795361
0.9997877724795361
0.9997890086529366
0.9997890086529366
0.9997918481331061
0.9997948523428277
0.9997948523428277
0.9997948523428277
0.9997962871865733
0.9997962871865733
0.9997962871865733
0.9997962871865733
0.9997990927259499
0.9997990927259499
0.9997990927259499
0.999800662091926
0.999800662091926
0.99980206672835
0.9998035015720955
0.9998049062085195
0.9998049062085195
0.9998077154813673
0.9998077154813673
0.9998077154813673
0.9998091201177911
0.9998091201177911
0.9998091201177911
0.9998091201177911
0.9998105549615366
0.9998105549615366
0.9998130273083377
0.9998142634817382
0.9998154996551386
0.9998183089279865
0.999819743771732
0.999819743771732
0.999819743771732
0.9998209799451325
0.9998209799451325
0.9998209799451325
0.9998209799451325
0.9998209799451325
0.9998209799451325
0.9998239841548542
0.9998239841548542
0.9998239841548542
0.9998269581572543
0.9998269581572543
0.9998269581572543
0.9998269581572543
0.9998269581572543
0.9998269581572543
0.9998269581572543
0.9998283930009998
0.9998283930009998
0.9998283930009998
0.9998283930009998
0.9998283930009998
0.9998283930009998
0.9998283930009998
0.9998297976374236
0.9998297976374236
0.9998297976374236
0.9998297976374236
0.9998297976374236
0.9998297976374236
0.9998297976374236
0.9998312022738476
0.9998324384472481
0.9998351094643941
0.9998365443081396
0.9998365443081396
0.9998365443081396
0.9998381136741158
0.9998393498475163
0.9998421553868929
0.9998435600233168
0.9998462008331412
0.9998462008331412
0.9998493395650935
0.9998493395650935
0.9998518119118945
0.9998570897980722
0.9998570897980722
0.9998570897980722
0.9998570897980722
0.9998585246418178
0.9998585246418178
0.9998613943293088
0.9998638666761098
0.9998653015198553
0.9998653015198553
0.9998653015198553
0.9998683057295771
0.9998697103660009
0.9998709465394015
0.9998709465394015
0.9998709465394015
0.9998709465394015
0.9998709465394015
0.9998709465394015
0.9998723813831469
0.9998737860195709
0.9998750221929714
0.9998750221929714
0.9998750221929714
0.9998750221929714
0.9998750221929714
0.9998750221929714
0.9998776630027958
0.9998776630027958
0.9998776630027958
0.999879232368772
0.999879232368772
0.9998806370051959
0.9998834764853652
0.9998834764853652
0.9998834764853652
0.9998849113291108
0.9998849113291108
0.9998849113291108
0.9998863159655348
0.9998863159655348
0.9998863159655348
0.999887885331511
0.999887885331511
0.999887885331511
0.999887885331511
0.999887885331511
0.999887885331511
0.999887885331511
0.9998892899679348
0.999890859333911
0.999890859333911
0.999890859333911
0.999890859333911
0.9998922941776565
0.999893729021402
0.999893729021402
0.999893729021402
0.9998951336578259
0.9998951336578259
0.9998963698312264
0.9998977744676503
0.9998977744676503
0.9999005800070269
0.9999019846434509
0.9999019846434509
0.999903554009427
0.999903554009427
0.999903554009427
0.999903554009427
0.999903554009427
0.999903554009427
0.9999049888531726
0.9999049888531726
0.9999049888531726
0.9999049888531726
0.9999049888531726
0.9999062250265731
0.9999062250265731
0.999907629662997
0.999907629662997
0.999907629662997
0.999907629662997
0.999907629662997
0.9999088658363975
0.9999088658363975
0.9999102704728213
0.9999102704728213
0.9999102704728213
0.9999102704728213
0.9999102704728213
0.9999102704728213
0.9999102704728213
0.9999102704728213
0.9999115066462219
0.9999115066462219
0.9999115066462219
0.9999115066462219
0.9999115066462219
0.9999115066462219
0.9999115066462219
0.9999115066462219
0.9999129414899675
0.9999129414899675
0.9999129414899675
0.9999129414899675
0.9999129414899675
0.9999129414899675
0.9999143763337129
0.9999143763337129
0.9999143763337129
0.9999143763337129
0.9999143763337129
0.9999143763337129
0.9999143763337129
0.9999143763337129
0.9999143763337129
0.9999143763337129
0.9999143763337129
0.9999143763337129
0.9999156125071135
0.9999156125071135
0.9999184519872828
0.9999184519872828
0.9999198868310284
0.9999198868310284
0.9999198868310284
0.9999198868310284
0.9999198868310284
0.9999198868310284
0.9999211230044289
0.999922692370405
0.999924097006829
0.999924097006829
0.999924097006829
0.999924097006829
0.999924097006829
0.999924097006829
0.9999253331802294
0.9999265693536299
0.9999265693536299
0.9999265693536299
0.9999265693536299
0.9999281387196062
0.9999281387196062
0.9999281387196062
0.99992954335603
0.99992954335603
0.99992954335603
0.99992954335603
0.99992954335603
0.99992954335603
0.9999311127220061
0.9999311127220061
0.9999311127220061
0.9999325173584301
0.9999337535318307
0.9999337535318307
0.9999337535318307
0.9999337535318307
0.999934989705231
0.999934989705231
0.999934989705231
0.999934989705231
0.999934989705231
0.999934989705231
0.999934989705231
0.999934989705231
0.999934989705231
0.999934989705231
0.999934989705231
0.9999365590712073
0.9999365590712073
0.9999365590712073
0.9999365590712073
0.9999365590712073
0.9999379637076311
0.9999379637076311
0.9999379637076311
0.9999379637076311
0.9999379637076311
0.9999379637076311
0.9999379637076311
0.9999379637076311
0.9999379637076311
0.9999379637076311
0.9999406347247772
0.9999406347247772
0.9999406347247772
0.9999406347247772
0.9999406347247772
0.9999406347247772
0.9999420695685227
0.9999420695685227
0.9999420695685227
0.9999420695685227
0.9999420695685227
0.9999420695685227
0.9999420695685227
0.9999420695685227
0.9999420695685227
0.9999420695685227
0.9999420695685227
0.9999420695685227
0.9999420695685227
0.9999420695685227
0.9999420695685227
0.9999433057419232
0.9999433057419232
0.9999447103783471
0.9999447103783471
0.9999447103783471
0.9999447103783471
0.9999447103783471
0.9999447103783471
0.9999447103783471
0.9999447103783471
0.9999461452220926
0.9999461452220926
0.9999461452220926
0.9999461452220926
0.9999461452220926
0.9999475800658382
0.9999475800658382
0.9999489847022621
0.9999489847022621
0.9999504195460076
0.9999504195460076
0.9999504195460076
0.9999504195460076
0.9999504195460076
0.9999504195460076
0.9999518241824314
0.9999518241824314
0.9999518241824314
0.9999518241824314
0.9999518241824314
0.9999518241824314
0.9999518241824314
0.9999518241824314
0.9999518241824314
0.9999518241824314
0.999953060355832
0.999953060355832
0.999953060355832
0.9999542965292325
0.9999542965292325
0.9999542965292325
0.9999542965292325
0.9999542965292325
0.9999557011656565
0.9999557011656565
0.9999557011656565
0.9999557011656565
0.9999557011656565
0.9999557011656565
0.9999557011656565
0.9999557011656565
0.9999557011656565
0.9999557011656565
0.9999571058020803
0.9999585104385043
0.9999599150749282
0.999961319711352
0.999961319711352
0.999961319711352
0.9999628890773281
0.9999628890773281
0.9999628890773281
0.9999643239210736
0.9999643239210736
0.9999657587648192
0.9999657587648192
0.9999657587648192
0.9999657587648192
0.9999657587648192
0.9999673281307955
0.9999673281307955
0.9999688974967715
0.9999688974967715
0.9999688974967715
0.9999688974967715
0.9999688974967715
0.9999688974967715
0.9999688974967715
0.9999688974967715
0.9999688974967715
0.9999688974967715
0.9999688974967715
0.9999688974967715
0.9999688974967715
0.9999688974967715
0.9999688974967715
0.9999703021331954
0.9999717067696194
0.9999717067696194
0.9999717067696194
0.9999717067696194
0.9999717067696194
0.9999717067696194
0.9999717067696194
0.9999717067696194
0.9999717067696194
0.9999717067696194
0.9999717067696194
0.9999717067696194
0.9999717067696194
0.9999717067696194
0.9999717067696194
0.9999717067696194
0.9999717067696194
0.9999717067696194
0.9999729429430197
0.9999729429430197
0.9999729429430197
0.9999729429430197
0.9999729429430197
0.9999729429430197
0.9999729429430197
0.9999729429430197
0.9999729429430197
0.9999729429430197
0.9999729429430197
0.9999729429430197
0.9999729429430197
0.9999729429430197
0.9999729429430197
0.9999729429430197
0.9999729429430197
0.9999729429430197
0.9999729429430197
0.9999729429430197
0.9999729429430197
0.9999729429430197
0.9999741791164203
0.9999741791164203
0.9999741791164203
0.9999741791164203
0.9999741791164203
0.9999741791164203
0.9999741791164203
0.9999741791164203
0.9999741791164203
0.9999741791164203
0.9999741791164203
0.9999741791164203
0.9999741791164203
0.9999741791164203
0.9999754152898208
0.9999754152898208
0.9999754152898208
0.9999754152898208
0.9999754152898208
0.9999754152898208
0.9999754152898208
0.9999754152898208
0.9999754152898208
0.9999754152898208
0.9999754152898208
0.9999754152898208
0.9999754152898208
0.9999754152898208
0.9999754152898208
0.9999754152898208
0.9999754152898208
0.9999754152898208
0.9999754152898208
0.9999754152898208
0.9999754152898208
0.9999766514632213
0.9999780863069669
0.9999780863069669
0.9999780863069669
0.9999795211507124
0.9999795211507124
0.9999795211507124
0.9999795211507124
0.9999795211507124
0.9999795211507124
0.9999795211507124
0.9999795211507124
0.9999795211507124
0.9999795211507124
0.9999795211507124
0.9999795211507124
0.9999795211507124
0.999980757324113
0.999980757324113
0.999980757324113
0.999980757324113
0.999980757324113
0.999980757324113
0.999980757324113
0.999980757324113
0.999980757324113
0.999980757324113
0.999980757324113
0.999980757324113
0.999980757324113
0.999980757324113
0.999980757324113
0.999980757324113
0.999980757324113
0.9999821619605369
0.9999821619605369
0.9999821619605369
0.9999821619605369
0.9999821619605369
0.9999821619605369
0.9999821619605369
0.9999821619605369
0.9999821619605369
0.9999821619605369
0.9999821619605369
0.9999821619605369
0.9999821619605369
0.9999833981339374
0.9999833981339374
0.9999833981339374
0.999984634307338
0.9999860691510836
0.9999860691510836
0.9999860691510836
0.9999860691510836
0.9999860691510836
0.9999860691510836
0.9999860691510836
0.9999860691510836
0.9999860691510836
0.9999860691510836
0.9999860691510836
0.9999860691510836
0.9999860691510836
0.9999860691510836
0.9999860691510836
0.9999860691510836
0.9999860691510836
0.9999860691510836
0.9999860691510836
0.9999860691510836
0.9999860691510836
0.9999860691510836
0.9999860691510836
0.9999860691510836
0.9999860691510836
0.9999876385170596
0.9999876385170596
0.9999876385170596
0.9999876385170596
0.9999876385170596
0.9999876385170596
0.9999876385170596
0.9999876385170596
0.9999876385170596
0.9999876385170596
0.9999876385170596
0.9999876385170596
0.9999876385170596
0.9999876385170596
0.9999876385170596
0.9999876385170596
0.9999876385170596
0.9999876385170596
0.9999876385170596
0.9999876385170596
0.9999876385170596
0.9999876385170596
0.9999876385170596
0.9999876385170596
0.9999876385170596
0.9999876385170596
0.9999876385170596
0.9999876385170596
0.9999876385170596
0.9999876385170596
0.9999876385170596
0.9999890733608051
0.9999890733608051
0.9999890733608051
0.9999890733608051
0.9999890733608051
0.9999890733608051
0.9999890733608051
0.9999903095342056
0.9999903095342056
0.9999903095342056
0.9999903095342056
0.9999903095342056
0.9999903095342056
0.9999903095342056
0.9999903095342056
0.9999903095342056
0.9999903095342056
0.9999903095342056
0.9999903095342056
0.9999903095342056
0.9999903095342056
0.9999903095342056
0.9999903095342056
0.9999903095342056
0.9999903095342056
0.9999903095342056
0.9999903095342056
0.9999903095342056
0.9999903095342056
0.9999903095342056
0.9999903095342056
0.9999903095342056
0.9999903095342056
0.9999903095342056
0.9999903095342056
0.9999903095342056
0.9999903095342056
0.9999903095342056
0.9999903095342056
0.9999903095342056
0.9999903095342056
0.9999903095342056
0.9999903095342056
0.9999903095342056
0.9999903095342056
0.9999903095342056
0.9999903095342056
0.9999903095342056
0.9999915457076062
0.9999915457076062
0.9999915457076062
0.9999915457076062
0.9999915457076062
0.9999915457076062
0.9999915457076062
0.9999915457076062
0.9999915457076062
0.9999915457076062
0.9999915457076062
0.9999915457076062
0.9999915457076062
0.9999915457076062
0.9999915457076062
0.9999915457076062
0.9999915457076062
0.9999915457076062
0.9999915457076062
0.9999915457076062
0.9999915457076062
0.9999915457076062
0.9999915457076062
0.9999915457076062
0.9999915457076062
0.9999915457076062
0.9999915457076062
0.9999915457076062
0.99999295034403
0.99999295034403
0.99999295034403
0.99999295034403
0.99999295034403
0.99999295034403
0.99999295034403
0.99999295034403
0.99999295034403
0.99999295034403
0.99999295034403
0.99999295034403
0.99999295034403
0.99999295034403
0.99999295034403
0.99999295034403
0.99999295034403
0.99999295034403
0.99999295034403
0.99999295034403
0.99999295034403
0.99999295034403
0.99999295034403
0.99999295034403
0.99999295034403
0.99999295034403
0.99999295034403
0.99999295034403
0.99999295034403
0.99999295034403
0.99999295034403
0.99999295034403
0.99999295034403
0.99999295034403
0.99999295034403
0.99999295034403
0.99999295034403
0.99999295034403
0.99999295034403
0.99999295034403
0.99999295034403
0.99999295034403
0.99999295034403
0.99999295034403
0.99999295034403
0.99999295034403
0.99999295034403
0.99999295034403
0.99999295034403
0.99999295034403
0.99999295034403
0.99999295034403
0.99999295034403
0.99999295034403
0.99999295034403
0.99999295034403
0.99999295034403
0.99999295034403
0.99999295034403
0.99999295034403
0.99999295034403
0.99999295034403
0.99999295034403
0.99999295034403
0.99999295034403
0.99999295034403
0.99999295034403
0.99999295034403
0.99999295034403
0.99999295034403
0.99999295034403
0.99999295034403
0.99999295034403
0.99999295034403
0.99999295034403
0.99999295034403
0.99999295034403
0.99999295034403
0.99999295034403
0.99999295034403
0.99999295034403
0.99999295034403
0.99999295034403
0.99999295034403
0.99999295034403
0.99999295034403
0.99999295034403
0.99999295034403
0.99999295034403
0.99999295034403
0.99999295034403
0.99999295034403
0.99999295034403
0.99999295034403
0.99999295034403
0.99999295034403
0.99999295034403
0.99999295034403
0.99999295034403
0.99999295034403
0.99999295034403
0.99999295034403
0.99999295034403
0.99999295034403
0.99999295034403
0.99999295034403
0.99999295034403
0.99999295034403
0.99999295034403
0.99999295034403
0.99999295034403
0.99999295034403
0.99999295034403
0.99999295034403
0.99999295034403
0.99999295034403
0.99999295034403
0.99999295034403
0.99999295034403
0.99999295034403
0.99999295034403
0.99999295034403
0.99999295034403
0.99999295034403
0.9999943851877755
0.9999943851877755
0.9999943851877755
0.9999943851877755
0.9999943851877755
0.9999943851877755
0.9999943851877755
0.9999943851877755
0.9999943851877755
0.9999943851877755
0.9999943851877755
0.9999943851877755
0.9999943851877755
0.9999943851877755
0.9999943851877755
0.9999943851877755
0.9999943851877755
0.9999943851877755
0.9999943851877755
0.9999943851877755
0.9999943851877755
0.9999943851877755
0.9999943851877755
0.9999943851877755
0.9999943851877755
0.9999943851877755
0.9999943851877755
0.9999943851877755
0.9999943851877755
0.9999943851877755
0.9999943851877755
0.9999943851877755
0.9999943851877755
0.9999943851877755
0.9999943851877755
0.9999943851877755
0.9999943851877755
0.9999943851877755
0.9999943851877755
0.9999943851877755
0.9999943851877755
0.9999943851877755
0.9999943851877755
0.9999943851877755
0.9999943851877755
0.9999943851877755
0.9999943851877755
0.9999943851877755
0.9999943851877755
0.9999943851877755
0.9999943851877755
0.9999943851877755
0.9999943851877755
0.9999943851877755
0.9999943851877755
0.9999943851877755
0.9999943851877755
0.9999943851877755
0.9999943851877755
0.9999943851877755
0.9999943851877755
0.9999943851877755
0.9999943851877755
0.9999943851877755
0.9999943851877755
0.9999943851877755
0.9999943851877755
0.9999943851877755
0.9999943851877755
0.9999943851877755
0.9999943851877755
0.9999943851877755
0.9999943851877755
0.9999943851877755
0.9999943851877755
0.9999943851877755
0.9999943851877755
0.999995621361176
0.999995621361176
0.999995621361176
0.999995621361176
0.999995621361176
0.999995621361176
0.999995621361176
0.999995621361176
0.999995621361176
0.999995621361176
0.999995621361176
0.999995621361176
0.999995621361176
0.999995621361176
0.999995621361176
0.999995621361176
0.999995621361176
0.999995621361176
0.999995621361176
0.999995621361176
0.999995621361176
0.999995621361176
0.999995621361176
0.999995621361176
0.999995621361176
0.999995621361176
0.999995621361176
0.999995621361176
0.999995621361176
0.999995621361176
0.999995621361176
0.999995621361176
0.999995621361176
0.999995621361176
0.999995621361176
0.999995621361176
0.999995621361176
0.999995621361176
0.999995621361176
0.9999970259976
0.9999970259976
0.9999970259976
0.9999970259976
0.9999970259976
0.9999970259976
0.9999970259976
0.9999970259976
0.9999970259976
0.9999970259976
0.9999970259976
0.9999970259976
0.9999970259976
0.9999970259976
0.9999970259976
0.9999970259976
0.9999970259976
0.9999970259976
0.9999970259976
0.9999970259976
0.9999970259976
0.9999970259976
0.9999970259976
0.9999970259976
0.9999970259976
0.9999970259976
0.9999970259976
0.9999970259976
0.9999970259976
0.9999970259976
0.9999970259976
0.9999970259976
0.9999970259976
0.9999970259976
0.9999970259976
0.9999970259976
0.9999970259976
0.9999970259976
0.9999970259976
0.9999970259976
0.9999970259976
0.9999970259976
0.9999970259976
0.9999970259976
0.9999970259976
0.9999970259976
0.9999970259976
0.9999970259976
0.9999970259976
0.9999970259976
0.9999970259976
0.9999970259976
0.9999970259976
0.9999970259976
0.9999970259976
0.9999970259976
0.9999970259976
0.9999970259976
0.9999970259976
0.9999970259976
0.9999970259976
0.9999970259976
0.9999970259976
0.9999970259976
0.9999970259976
0.9999970259976
0.9999970259976
0.9999970259976
0.9999970259976
0.9999970259976
0.9999970259976
0.9999970259976
0.9999970259976
0.9999970259976
0.9999970259976
0.9999970259976
0.9999970259976
0.9999970259976
0.9999970259976
0.9999970259976
0.9999970259976
0.9999970259976
0.9999970259976
0.9999970259976
0.9999970259976
0.9999970259976
0.9999970259976
0.9999970259976
0.9999970259976
0.9999970259976
0.9999970259976
0.9999970259976
0.9999970259976
0.9999970259976
0.9999970259976
0.9999970259976
0.9999970259976
0.9999970259976
0.9999970259976
0.9999970259976
0.9999970259976
0.9999970259976
0.9999970259976
0.9999970259976
0.9999970259976
0.9999970259976
0.9999970259976
0.9999970259976
0.9999970259976
0.9999970259976
0.9999984306340238
0.9999984306340238
0.9999984306340238
0.9999984306340238
0.9999984306340238
0.9999984306340238
0.9999984306340238
0.9999984306340238
0.9999984306340238
0.9999984306340238
0.9999984306340238
0.9999984306340238
0.9999984306340238
0.9999984306340238
0.9999984306340238
0.9999984306340238
0.9999984306340238
0.9999984306340238
0.9999984306340238
0.9999984306340238
0.9999984306340238
0.9999984306340238
0.9999984306340238
0.9999984306340238
0.9999984306340238
0.9999984306340238
0.9999984306340238
0.9999984306340238
0.9999984306340238
0.9999984306340238
0.9999984306340238
0.9999984306340238
0.9999984306340238
0.9999984306340238
0.9999984306340238
0.9999984306340238
0.9999984306340238
0.9999984306340238
0.9999984306340238
0.9999984306340238
0.9999984306340238
0.9999984306340238
0.9999984306340238
0.9999984306340238
0.9999984306340238
0.9999984306340238
0.9999984306340238
0.9999984306340238
0.9999984306340238
0.9999984306340238
0.9999984306340238
0.9999984306340238
0.9999984306340238
0.9999984306340238
0.9999984306340238
0.9999984306340238
0.9999984306340238
0.9999984306340238
0.9999984306340238
0.9999984306340238
0.9999984306340238
0.9999984306340238
0.9999984306340238
0.9999984306340238
0.9999984306340238
0.9999984306340238
0.9999984306340238
0.9999984306340238
0.9999984306340238
0.9999984306340238
1.0
1.0
