0.012813130422860725
0.0228893499120892
0.028276555299294587
0.03338317707258303
0.04647183133770788
0.05213502060745453
0.05571924999813554
0.05773945201833756
0.05773945201833756
0.0644688590209686
0.06773683287717776
0.07851681126688644
0.0818838146338898
0.0818838146338898
0.0818838146338898
0.08390401665409183
0.08390401665409183
0.08956720592383847
0.09158740794404048
0.09443641079304334
0.10660078962408884
0.10912604214934135
0.10912604214934135
0.11114624416954337
0.11114624416954337
0.11114624416954337
0.1147304735602244
0.1147304735602244
0.1165519671849967
0.11907721971024923
0.12460241703872524
0.12460241703872524
0.12796942040572862
0.12796942040572862
0.12796942040572862
0.13494109796564147
0.13494109796564147
0.13779010081464435
0.14297859780642
0.15090957334712585
0.15461327705082953
0.157699696803916
0.16363511940600522
0.1694283457874669
0.1694283457874669
0.18166775442156247
0.18166775442156247
0.18348924804633476
0.18348924804633476
0.18675722190254393
0.18675722190254393
0.18857871552731625
0.19469569223252822
0.19469569223252822
0.20022088956100423
0.20022088956100423
0.2035878929280076
0.21176378016207548
0.21176378016207548
0.21176378016207548
0.214289032687328
0.21937850016830945
0.21937850016830945
0.221903752693562
0.221903752693562
0.22499017244664843
0.22499017244664843
0.2270103744668505
0.23027834832305963
0.23027834832305963
0.23398205202676334
0.23600225404696534
0.23600225404696534
0.24137650942122071
0.24339671144142272
0.24339671144142272
0.24877096681567812
0.24877096681567812
0.2559667158147058
0.26157114722558883
0.26483912108179797
0.26483912108179797
0.26483912108179797
0.2699457428550864
0.27639916597517616
0.2782206595999485
0.28148863345615766
0.28827875691294774
0.2929492533867229
0.29496945540692493
0.29496945540692493
0.3001579523987006
0.3026832049239531
0.3063869086276568
0.3097539119946602
0.3097539119946602
0.31157540561943253
0.31157540561943253
0.314100658144685
0.3161208601648871
0.3181410621850891
0.3181410621850891
0.3291399398506334
0.3291399398506334
0.3291399398506334
0.3291399398506334
0.3291399398506334
0.331665192375886
0.331665192375886
0.3353688960795897
0.3378941486048422
0.3397156422296145
0.3397156422296145
0.3397156422296145
0.3417358442498165
0.3462812987952711
0.3462812987952711
0.3560383676921249
0.3560383676921249
0.3704100702617931
0.37367804411800226
0.37726227350868324
0.37726227350868324
0.37726227350868324
0.37726227350868324
0.37726227350868324
0.38315452940093914
0.38875896081182215
0.38875896081182215
0.38875896081182215
0.3936668741896809
0.3936668741896809
0.3936668741896809
0.3936668741896809
0.39619212671493337
0.40110004009279215
0.40292153371756445
0.4062885370845678
0.40965554045157115
0.40965554045157115
0.4182671575331336
0.4200886511579059
0.4200886511579059
0.42701676655596665
0.4323049424323779
0.4389755915761453
0.4389755915761453
0.4389755915761453
0.444768817957607
0.444768817957607
0.444768817957607
0.4476178208066098
0.4509848241736132
0.45651002150208925
0.45651002150208925
0.4597779953582984
0.46262699820730124
0.47193513332188797
0.47193513332188797
0.4747841361708908
0.48123755929098055
0.48123755929098055
0.48123755929098055
0.48123755929098055
0.48123755929098055
0.4859080557647557
0.4859080557647557
0.4859080557647557
0.4859080557647557
0.4859080557647557
0.4925787049085231
0.5019561606806658
0.5053231640476692
0.5078484165729218
0.5135723222968275
0.5135723222968275
0.5135723222968275
0.51609757482208
0.51609757482208
0.51609757482208
0.5189465776710828
0.5225308070617638
0.5283240334432255
0.5283240334432255
0.5301455270679978
0.5301455270679978
0.5301455270679978
0.5356707243964738
0.5387571441495603
0.5449731503655665
0.5469933523857685
0.5500797721388548
0.5500797721388548
0.5536640015295359
0.5536640015295359
0.5536640015295359
0.5572482309202169
0.5597734834454694
0.5634771871491732
0.5634771871491732
0.5690888594275121
0.5690888594275121
0.5690888594275121
0.5690888594275121
0.5721752791805985
0.5721752791805985
0.5721752791805985
0.5778732848786041
0.5832475402528595
0.5891397961451155
0.5891397961451155
0.5919887989941183
0.5940090010143203
0.6008612042612105
0.6008612042612105
0.6045649079649142
0.6076513277180005
0.6076513277180005
0.6094728213427728
0.6094728213427728
0.6094728213427728
0.612740795198982
0.612740795198982
0.612740795198982
0.612740795198982
0.612740795198982
0.612740795198982
0.6155897980479849
0.6155897980479849
0.6155897980479849
0.6155897980479849
0.617610000068187
0.617610000068187
0.617610000068187
0.6201352525934394
0.6201352525934394
0.6239769482384139
0.6239769482384139
0.6275611776290948
0.629382671253867
0.629382671253867
0.629382671253867
0.6319079237791196
0.6319079237791196
0.6319079237791196
0.6319079237791196
0.6319079237791196
0.6319079237791196
0.6319079237791196
0.6319079237791196
0.6393023811735771
0.6426693845405804
0.6426693845405804
0.6426693845405804
0.6426693845405804
0.6426693845405804
0.6446895865607825
0.6502940179716654
0.6523142199918674
0.6523142199918674
0.6523142199918674
0.662451155935255
0.6662928515802293
0.6698770809709104
0.6698770809709104
0.6698770809709104
0.6698770809709104
0.6698770809709104
0.6698770809709104
0.6698770809709104
0.6718972829911124
0.6718972829911124
0.6739174850113144
0.6739174850113144
0.6739174850113144
0.6739174850113144
0.6739174850113144
0.6739174850113144
0.6770039047644008
0.6821924017561765
0.6852788215092629
0.6852788215092629
0.6886458248762662
0.6941710222047424
0.6941710222047424
0.6941710222047424
0.6941710222047424
0.6961912242249444
0.6961912242249444
0.6980127178497166
0.6980127178497166
0.7015969472403977
0.7015969472403977
0.704963950607401
0.704963950607401
0.704963950607401
0.7074892031326535
0.7100144556579061
0.7100144556579061
0.7120346576781081
0.7154016610451116
0.7154016610451116
0.7154016610451116
0.7154016610451116
0.7154016610451116
0.7154016610451116
0.717223154669884
0.7241743874275683
0.7241743874275683
0.7241743874275683
0.7241743874275683
0.7241743874275683
0.7274423612837775
0.7274423612837775
0.7311460649874811
0.7358165614612563
0.7358165614612563
0.7358165614612563
0.7358165614612563
0.7358165614612563
0.7358165614612563
0.7358165614612563
0.7383418139865087
0.7383418139865087
0.7383418139865087
0.7401633076112809
0.7401633076112809
0.7438670113149847
0.7438670113149847
0.7475707150186883
0.7475707150186883
0.7475707150186883
0.7475707150186883
0.7475707150186883
0.7475707150186883
0.7475707150186883
0.7475707150186883
0.7475707150186883
0.7475707150186883
0.7475707150186883
0.7475707150186883
0.7508386888748975
0.7508386888748975
0.7508386888748975
0.7508386888748975
0.7533639414001501
0.7533639414001501
0.7533639414001501
0.7533639414001501
0.7533639414001501
0.7567309447671535
0.7567309447671535
0.7567309447671535
0.7567309447671535
0.7607713488075576
0.7607713488075576
0.7640393226637667
0.7640393226637667
0.7640393226637667
0.7660595246839688
0.7660595246839688
0.7660595246839688
0.769426528050972
0.769426528050972
0.7725129478040585
0.7725129478040585
0.7725129478040585
0.7762166515077622
0.7762166515077622
0.7762166515077622
0.7762166515077622
0.7762166515077622
0.7762166515077622
0.7780381451325344
0.7780381451325344
0.7816223745232155
0.7816223745232155
0.7836425765434175
0.7836425765434175
0.7836425765434175
0.7897595532486296
0.7897595532486296
0.7897595532486296
0.7917797552688316
0.7917797552688316
0.7917797552688316
0.7917797552688316
0.7917797552688316
0.7917797552688316
0.7917797552688316
0.7937999572890335
0.7937999572890335
0.7937999572890335
0.7937999572890335
0.7966489601380364
0.7966489601380364
0.7966489601380364
0.7966489601380364
0.7966489601380364
0.7997353798911228
0.8030033537473319
0.8067070574510357
0.8067070574510357
0.8067070574510357
0.8067070574510357
0.8067070574510357
0.8067070574510357
0.8067070574510357
0.8067070574510357
0.8067070574510357
0.8067070574510357
0.8067070574510357
0.8087272594712377
0.8087272594712377
0.8087272594712377
0.8087272594712377
0.8087272594712377
0.8119952333274468
0.8119952333274468
0.8119952333274468
0.8119952333274468
0.8119952333274468
0.8145204858526993
0.8145204858526993
0.8173694887017021
0.8209537180923832
0.8209537180923832
0.8209537180923832
0.8209537180923832
0.8209537180923832
0.8209537180923832
0.8209537180923832
0.8227752117171554
0.8227752117171554
0.8227752117171554
0.8227752117171554
0.8227752117171554
0.8227752117171554
0.8227752117171554
0.8227752117171554
0.8227752117171554
0.8227752117171554
0.8227752117171554
0.8261422150841589
0.8261422150841589
0.8261422150841589
0.8292286348372452
0.8292286348372452
0.8292286348372452
0.8292286348372452
0.8292286348372452
0.8292286348372452
0.8292286348372452
0.8292286348372452
0.8292286348372452
0.8332690388776492
0.8332690388776492
0.8332690388776492
0.8332690388776492
0.8366360422446526
0.8409827883946774
0.8491586756287454
0.8491586756287454
0.8491586756287454
0.8491586756287454
0.8491586756287454
0.8491586756287454
0.8491586756287454
0.85280166287829
0.85280166287829
0.85280166287829
0.85280166287829
0.85280166287829
0.85280166287829
0.85280166287829
0.85280166287829
0.85280166287829
0.85280166287829
0.85280166287829
0.85280166287829
0.85280166287829
0.85280166287829
0.85280166287829
0.85280166287829
0.85280166287829
0.85280166287829
0.85280166287829
0.85280166287829
0.85280166287829
0.85280166287829
0.8556506657272929
0.8556506657272929
0.8556506657272929
0.8556506657272929
0.8556506657272929
0.858918639583502
0.858918639583502
0.8607401332082742
0.8607401332082742
0.8607401332082742
0.8607401332082742
0.8607401332082742
0.8607401332082742
0.8643243625989554
0.8643243625989554
0.8643243625989554
0.8643243625989554
0.868028066302659
0.868028066302659
0.868028066302659
0.8717317700063627
0.8717317700063627
0.8717317700063627
0.8717317700063627
0.8717317700063627
0.8717317700063627
0.8717317700063627
0.8717317700063627
0.8717317700063627
0.8717317700063627
0.8717317700063627
0.8717317700063627
0.8717317700063627
0.8717317700063627
0.8717317700063627
0.8717317700063627
0.8717317700063627
0.8717317700063627
0.8742570225316153
0.8773434422847016
0.8773434422847016
0.8773434422847016
0.8773434422847016
0.8773434422847016
0.8773434422847016
0.8773434422847016
0.8773434422847016
0.8773434422847016
0.8773434422847016
0.8773434422847016
0.8773434422847016
0.8773434422847016
0.8773434422847016
0.8773434422847016
0.8773434422847016
0.8773434422847016
0.8773434422847016
0.8773434422847016
0.8773434422847016
0.883278864886791
0.883278864886791
0.883278864886791
0.8897322880068808
0.8925812908558837
0.8925812908558837
0.8925812908558837
0.8925812908558837
0.8925812908558837
0.8925812908558837
0.8925812908558837
0.8925812908558837
0.8959482942228869
0.8959482942228869
0.8959482942228869
0.8959482942228869
0.8959482942228869
0.8984735467481395
0.8984735467481395
0.8984735467481395
0.8984735467481395
0.8984735467481395
0.903019001293594
0.9048404949183664
0.9048404949183664
0.9048404949183664
0.9048404949183664
0.9048404949183664
0.9048404949183664
0.9068606969385683
0.9068606969385683
0.9086821905633405
0.9086821905633405
0.9086821905633405
0.9086821905633405
0.9086821905633405
0.9086821905633405
0.9086821905633405
0.9086821905633405
0.9086821905633405
0.9152348971160471
0.9170563907408193
0.9170563907408193
0.9170563907408193
0.9170563907408193
0.9203243645970287
0.9203243645970287
0.9203243645970287
0.9203243645970287
0.9231733674460316
0.9231733674460316
0.9231733674460316
0.9264413413022408
0.9264413413022408
0.9264413413022408
0.9264413413022408
0.9264413413022408
0.9264413413022408
0.9264413413022408
0.9264413413022408
0.9264413413022408
0.9264413413022408
0.9264413413022408
0.9264413413022408
0.9264413413022408
0.9264413413022408
0.9264413413022408
0.9264413413022408
0.9264413413022408
0.9264413413022408
0.9264413413022408
0.9264413413022408
0.9264413413022408
0.9297093151584499
0.9297093151584499
0.9297093151584499
0.9297093151584499
0.9297093151584499
0.9297093151584499
0.9297093151584499
0.9297093151584499
0.9297093151584499
0.9297093151584499
0.9297093151584499
0.9297093151584499
0.9315308087832221
0.9315308087832221
0.9315308087832221
0.9315308087832221
0.9315308087832221
0.9315308087832221
0.9333523024079944
0.9333523024079944
0.9333523024079944
0.9333523024079944
0.9333523024079944
0.9333523024079944
0.9333523024079944
0.9333523024079944
0.9333523024079944
0.9333523024079944
0.9333523024079944
0.9333523024079944
0.9333523024079944
0.9333523024079944
0.935877554933247
0.935877554933247
0.937897756953449
0.937897756953449
0.937897756953449
0.937897756953449
0.937897756953449
0.937897756953449
0.937897756953449
0.937897756953449
0.937897756953449
0.937897756953449
0.937897756953449
0.937897756953449
0.937897756953449
0.937897756953449
0.937897756953449
0.9404230094787016
0.9404230094787016
0.9432720123277044
0.9432720123277044
0.9432720123277044
0.9432720123277044
0.9432720123277044
0.9432720123277044
0.9432720123277044
0.9432720123277044
0.9432720123277044
0.9432720123277044
0.9450935059524768
0.9450935059524768
0.9450935059524768
0.9450935059524768
0.9471137079726789
0.9471137079726789
0.9471137079726789
0.9471137079726789
0.9471137079726789
0.9471137079726789
0.9471137079726789
0.9471137079726789
0.9471137079726789
0.9471137079726789
0.9471137079726789
0.9471137079726789
0.9471137079726789
0.9471137079726789
0.9471137079726789
0.9471137079726789
0.9471137079726789
0.9471137079726789
0.9471137079726789
0.9471137079726789
0.9471137079726789
0.9496389604979313
0.9496389604979313
0.9496389604979313
0.9496389604979313
0.9496389604979313
0.9496389604979313
0.9533426642016349
0.9533426642016349
0.9567096675686384
0.9567096675686384
0.9567096675686384
0.9567096675686384
0.9567096675686384
0.9567096675686384
0.9567096675686384
0.9587298695888404
0.9587298695888404
0.9587298695888404
0.9587298695888404
0.9587298695888404
0.9587298695888404
0.9587298695888404
0.9587298695888404
0.9587298695888404
0.9587298695888404
0.9587298695888404
0.9587298695888404
0.9587298695888404
0.9587298695888404
0.9587298695888404
0.9587298695888404
0.9587298695888404
0.9587298695888404
0.9587298695888404
0.9587298695888404
0.9587298695888404
0.9587298695888404
0.9587298695888404
0.9587298695888404
0.9619978434450496
0.9619978434450496
0.9619978434450496
0.9666683399188246
0.9666683399188246
0.9666683399188246
0.9666683399188246
0.9666683399188246
0.9666683399188246
0.9666683399188246
0.9666683399188246
0.9666683399188246
0.9666683399188246
0.9666683399188246
0.9666683399188246
0.9666683399188246
0.9666683399188246
0.9666683399188246
0.968489833543597
0.968489833543597
0.968489833543597
0.968489833543597
0.968489833543597
0.968489833543597
0.968489833543597
0.968489833543597
0.968489833543597
0.968489833543597
0.968489833543597
0.968489833543597
0.968489833543597
0.968489833543597
0.968489833543597
0.968489833543597
0.968489833543597
0.968489833543597
0.968489833543597
0.968489833543597
0.968489833543597
0.968489833543597
0.968489833543597
0.968489833543597
0.968489833543597
0.968489833543597
0.968489833543597
0.968489833543597
0.968489833543597
0.968489833543597
0.968489833543597
0.968489833543597
0.968489833543597
0.968489833543597
0.968489833543597
0.968489833543597
0.968489833543597
0.968489833543597
0.9718568369106002
0.9718568369106002
0.9718568369106002
0.9718568369106002
0.9718568369106002
0.9718568369106002
0.9718568369106002
0.9718568369106002
0.9718568369106002
0.9718568369106002
0.9718568369106002
0.9718568369106002
0.9718568369106002
0.9718568369106002
0.9752238402776037
0.9752238402776037
0.9752238402776037
0.9752238402776037
0.9752238402776037
0.9752238402776037
0.9752238402776037
0.9752238402776037
0.9752238402776037
0.9752238402776037
0.9752238402776037
0.9752238402776037
0.9752238402776037
0.9752238402776037
0.9752238402776037
0.9752238402776037
0.9752238402776037
0.9752238402776037
0.9752238402776037
0.9752238402776037
0.9752238402776037
0.9752238402776037
0.9752238402776037
0.9752238402776037
0.9788080696682848
0.9788080696682848
0.9788080696682848
0.9788080696682848
0.9788080696682848
0.9788080696682848
0.9788080696682848
0.9788080696682848
0.9788080696682848
0.9788080696682848
0.9788080696682848
0.9788080696682848
0.9788080696682848
0.9788080696682848
0.9788080696682848
0.9788080696682848
0.9788080696682848
0.9788080696682848
0.9788080696682848
0.9788080696682848
0.9788080696682848
0.9788080696682848
0.9788080696682848
0.9813333221935372
0.9813333221935372
0.9813333221935372
0.9813333221935372
0.9813333221935372
0.9813333221935372
0.9813333221935372
0.9813333221935372
0.9813333221935372
0.9813333221935372
0.9813333221935372
0.9813333221935372
0.9813333221935372
0.9813333221935372
0.9813333221935372
0.9813333221935372
0.9813333221935372
0.9813333221935372
0.9813333221935372
0.9813333221935372
0.9813333221935372
0.9813333221935372
0.9813333221935372
0.9813333221935372
0.9813333221935372
0.9813333221935372
0.9813333221935372
0.9813333221935372
0.9813333221935372
0.9813333221935372
0.9813333221935372
0.9813333221935372
0.9813333221935372
0.9813333221935372
0.9813333221935372
0.9813333221935372
0.9813333221935372
0.9813333221935372
0.9813333221935372
0.9813333221935372
0.9813333221935372
0.9813333221935372
0.9813333221935372
0.9813333221935372
0.9813333221935372
0.9813333221935372
0.9813333221935372
0.9813333221935372
0.9813333221935372
0.9813333221935372
0.9813333221935372
0.9849175515842182
0.9849175515842182
0.9849175515842182
0.9849175515842182
0.9849175515842182
0.9849175515842182
0.9849175515842182
0.9849175515842182
0.9849175515842182
0.9849175515842182
0.9849175515842182
0.9849175515842182
0.9849175515842182
0.9849175515842182
0.9849175515842182
0.9849175515842182
0.9849175515842182
0.9849175515842182
0.9849175515842182
0.9849175515842182
0.9849175515842182
0.9849175515842182
0.9849175515842182
0.9849175515842182
0.9849175515842182
0.9849175515842182
0.9849175515842182
0.9849175515842182
0.9849175515842182
0.9849175515842182
0.9849175515842182
0.9849175515842182
0.9849175515842182
0.9849175515842182
0.9849175515842182
0.9849175515842182
0.9849175515842182
0.9849175515842182
0.9849175515842182
0.9849175515842182
0.9849175515842182
0.9849175515842182
0.9849175515842182
0.9849175515842182
0.9849175515842182
0.9849175515842182
0.9849175515842182
0.9849175515842182
0.9849175515842182
0.9849175515842182
0.9849175515842182
0.9849175515842182
0.9849175515842182
0.9849175515842182
0.9849175515842182
0.9849175515842182
0.9849175515842182
0.9849175515842182
0.9849175515842182
0.9849175515842182
0.9849175515842182
0.9849175515842182
0.9849175515842182
0.9849175515842182
0.9849175515842182
0.9849175515842182
0.9849175515842182
0.9849175515842182
0.9849175515842182
0.9849175515842182
0.9849175515842182
0.9849175515842182
0.9849175515842182
0.9849175515842182
0.9869377536044203
0.9869377536044203
0.9869377536044203
0.9869377536044203
0.9869377536044203
0.9869377536044203
0.9869377536044203
0.9869377536044203
0.9869377536044203
0.9869377536044203
0.9869377536044203
0.9869377536044203
0.9869377536044203
0.9869377536044203
0.9869377536044203
0.9869377536044203
0.9869377536044203
0.9889579556246222
0.9889579556246222
0.9889579556246222
0.9889579556246222
0.9889579556246222
0.9889579556246222
0.9920443753777087
0.9940645773979107
0.9940645773979107
0.9940645773979107
0.9940645773979107
0.9940645773979107
0.9940645773979107
0.9940645773979107
0.9940645773979107
0.9940645773979107
0.9940645773979107
0.9940645773979107
0.9940645773979107
0.9940645773979107
0.9940645773979107
0.9940645773979107
0.9940645773979107
0.9940645773979107
0.9940645773979107
0.9940645773979107
0.9940645773979107
0.9940645773979107
0.9940645773979107
0.9940645773979107
0.9940645773979107
0.9940645773979107
0.9940645773979107
0.9940645773979107
0.9940645773979107
0.9940645773979107
0.9940645773979107
0.9940645773979107
0.9940645773979107
0.9940645773979107
0.9940645773979107
0.9940645773979107
0.9940645773979107
0.9940645773979107
0.9940645773979107
0.9940645773979107
0.9940645773979107
0.9940645773979107
0.9940645773979107
0.9940645773979107
0.9940645773979107
0.9940645773979107
0.9940645773979107
0.9940645773979107
0.9940645773979107
0.9940645773979107
0.9940645773979107
0.9940645773979107
0.9940645773979107
0.9940645773979107
0.9940645773979107
0.9940645773979107
0.9940645773979107
0.9940645773979107
0.9940645773979107
0.9940645773979107
0.9940645773979107
0.9940645773979107
0.9940645773979107
0.9940645773979107
0.9940645773979107
0.9940645773979107
0.9940645773979107
0.9940645773979107
0.9940645773979107
0.9940645773979107
0.9940645773979107
0.9940645773979107
0.9940645773979107
0.9940645773979107
0.9940645773979107
0.9940645773979107
0.9940645773979107
0.9940645773979107
0.9940645773979107
0.9940645773979107
0.9940645773979107
0.9940645773979107
0.9940645773979107
0.9940645773979107
0.9940645773979107
0.9940645773979107
0.9940645773979107
0.9940645773979107
0.9940645773979107
0.9940645773979107
0.9940645773979107
0.9940645773979107
0.9940645773979107
0.9940645773979107
0.9940645773979107
0.9940645773979107
0.9940645773979107
0.9940645773979107
0.9940645773979107
0.9940645773979107
0.9940645773979107
0.9940645773979107
0.9940645773979107
0.9940645773979107
0.9940645773979107
0.9940645773979107
0.9940645773979107
0.9940645773979107
0.9940645773979107
0.9940645773979107
0.9940645773979107
0.9940645773979107
0.9940645773979107
0.9940645773979107
0.9940645773979107
0.9940645773979107
0.9940645773979107
0.9940645773979107
0.9940645773979107
0.9940645773979107
0.9940645773979107
0.9940645773979107
0.9940645773979107
0.9940645773979107
0.9940645773979107
0.9940645773979107
0.9940645773979107
0.9940645773979107
0.9940645773979107
0.9940645773979107
0.9940645773979107
0.9940645773979107
0.9940645773979107
0.9940645773979107
0.9940645773979107
0.9940645773979107
0.9940645773979107
0.9940645773979107
0.9940645773979107
0.9940645773979107
0.9940645773979107
0.9940645773979107
0.9940645773979107
0.9940645773979107
0.9940645773979107
0.9940645773979107
0.9940645773979107
0.9940645773979107
0.9940645773979107
0.9940645773979107
0.9940645773979107
0.9940645773979107
0.9940645773979107
0.9940645773979107
0.9940645773979107
0.9940645773979107
0.9940645773979107
0.9940645773979107
0.9940645773979107
0.9940645773979107
0.9940645773979107
0.9940645773979107
0.9940645773979107
0.9940645773979107
0.9940645773979107
0.9940645773979107
0.9940645773979107
0.9940645773979107
0.9940645773979107
0.9940645773979107
0.9940645773979107
0.9940645773979107
0.9940645773979107
0.9940645773979107
0.9940645773979107
0.9940645773979107
0.9940645773979107
0.9940645773979107
0.9940645773979107
0.9940645773979107
0.9940645773979107
0.9940645773979107
0.9940645773979107
0.9940645773979107
0.9940645773979107
0.9940645773979107
0.9940645773979107
0.9940645773979107
0.9940645773979107
0.9940645773979107
0.9940645773979107
0.9940645773979107
0.9940645773979107
0.9940645773979107
0.9940645773979107
0.9940645773979107
0.9940645773979107
0.9940645773979107
0.9940645773979107
0.9940645773979107
0.9940645773979107
0.9940645773979107
0.9940645773979107
0.9940645773979107
0.9940645773979107
0.9940645773979107
0.9940645773979107
0.9940645773979107
0.9940645773979107
0.9940645773979107
0.9940645773979107
0.9940645773979107
0.9940645773979107
0.9940645773979107
0.9940645773979107
0.9940645773979107
0.9940645773979107
0.9940645773979107
0.9940645773979107
0.9940645773979107
0.9940645773979107
0.9940645773979107
0.9940645773979107
0.9940645773979107
0.9940645773979107
0.9940645773979107
0.9940645773979107
0.9940645773979107
0.9940645773979107
0.9940645773979107
0.9940645773979107
0.9940645773979107
0.9940645773979107
0.9940645773979107
0.9940645773979107
0.9940645773979107
0.9940645773979107
0.9940645773979107
0.9940645773979107
0.9940645773979107
0.9940645773979107
0.9940645773979107
0.9940645773979107
0.9940645773979107
0.9940645773979107
0.9940645773979107
0.9940645773979107
0.9940645773979107
0.9940645773979107
0.9940645773979107
0.9940645773979107
0.9940645773979107
0.9940645773979107
0.9940645773979107
0.9940645773979107
0.9940645773979107
0.9940645773979107
0.9940645773979107
0.9940645773979107
0.9940645773979107
0.9940645773979107
0.9940645773979107
0.9940645773979107
0.9940645773979107
0.9940645773979107
0.9940645773979107
0.9940645773979107
0.9940645773979107
0.9940645773979107
0.9940645773979107
0.9940645773979107
0.9940645773979107
0.9940645773979107
0.9940645773979107
0.9940645773979107
0.9940645773979107
0.9940645773979107
0.9940645773979107
0.9940645773979107
0.9940645773979107
0.9940645773979107
0.9940645773979107
0.9940645773979107
0.9940645773979107
0.9940645773979107
0.9940645773979107
0.9940645773979107
0.9940645773979107
0.9940645773979107
0.9940645773979107
0.9940645773979107
0.9940645773979107
0.9940645773979107
0.9940645773979107
0.9940645773979107
0.9940645773979107
0.9940645773979107
0.9940645773979107
0.9940645773979107
0.9940645773979107
0.9940645773979107
0.9940645773979107
0.9940645773979107
0.9940645773979107
0.9940645773979107
0.9940645773979107
0.9940645773979107
0.9940645773979107
0.9940645773979107
0.9940645773979107
0.9940645773979107
0.9940645773979107
0.9940645773979107
0.9940645773979107
0.9940645773979107
0.9940645773979107
0.9940645773979107
0.9940645773979107
0.9940645773979107
0.9940645773979107
0.9940645773979107
0.9940645773979107
0.9940645773979107
0.9940645773979107
0.9940645773979107
0.9940645773979107
0.9940645773979107
0.9940645773979107
0.9940645773979107
0.9940645773979107
0.9940645773979107
0.9940645773979107
0.9940645773979107
0.9940645773979107
0.9940645773979107
0.9940645773979107
0.9940645773979107
0.9940645773979107
0.9940645773979107
0.9940645773979107
0.9940645773979107
0.9940645773979107
0.9940645773979107
0.9940645773979107
0.9940645773979107
0.9940645773979107
0.9940645773979107
0.9940645773979107
0.9940645773979107
0.9940645773979107
0.9940645773979107
0.9940645773979107
0.9940645773979107
0.9940645773979107
0.9940645773979107
0.9940645773979107
0.9940645773979107
0.9940645773979107
0.9940645773979107
0.9940645773979107
0.9940645773979107
0.9940645773979107
0.9940645773979107
0.9940645773979107
0.9940645773979107
0.9940645773979107
0.9940645773979107
0.9940645773979107
0.9940645773979107
0.9940645773979107
0.9940645773979107
0.9940645773979107
0.9940645773979107
0.9940645773979107
0.9940645773979107
0.9940645773979107
0.9940645773979107
0.9940645773979107
0.9940645773979107
0.9940645773979107
0.9940645773979107
0.9940645773979107
0.9940645773979107
0.9940645773979107
0.9940645773979107
0.9971509971509972
0.9971509971509972
0.9971509971509972
0.9971509971509972
0.9971509971509972
0.9971509971509972
0.9971509971509972
0.9971509971509972
0.9971509971509972
0.9971509971509972
0.9971509971509972
0.9971509971509972
0.9971509971509972
0.9971509971509972
0.9971509971509972
0.9971509971509972
0.9971509971509972
0.9971509971509972
0.9971509971509972
0.9971509971509972
0.9971509971509972
0.9971509971509972
0.9971509971509972
0.9971509971509972
0.9971509971509972
0.9971509971509972
0.9971509971509972
0.9971509971509972
0.9971509971509972
0.9971509971509972
0.9971509971509972
0.9971509971509972
0.9971509971509972
0.9971509971509972
0.9971509971509972
0.9971509971509972
0.9971509971509972
0.9971509971509972
0.9971509971509972
0.9971509971509972
0.9971509971509972
0.9971509971509972
0.9971509971509972
0.9971509971509972
0.9971509971509972
0.9971509971509972
0.9971509971509972
0.9971509971509972
0.9971509971509972
0.9971509971509972
0.9971509971509972
0.9971509971509972
0.9971509971509972
0.9971509971509972
0.9971509971509972
0.9971509971509972
0.9971509971509972
0.9971509971509972
0.9971509971509972
0.9971509971509972
0.9971509971509972
0.9971509971509972
0.9971509971509972
0.9971509971509972
0.9971509971509972
0.9971509971509972
0.9971509971509972
0.9971509971509972
0.9971509971509972
0.9971509971509972
0.9971509971509972
0.9971509971509972
0.9971509971509972
0.9971509971509972
0.9971509971509972
0.9971509971509972
0.9971509971509972
0.9971509971509972
0.9971509971509972
0.9971509971509972
0.9971509971509972
0.9971509971509972
0.9971509971509972
0.9971509971509972
0.9971509971509972
0.9971509971509972
0.9971509971509972
0.9971509971509972
0.9971509971509972
0.9971509971509972
0.9971509971509972
0.9971509971509972
0.9971509971509972
0.9971509971509972
0.9971509971509972
0.9971509971509972
0.9971509971509972
0.9971509971509972
0.9971509971509972
0.9971509971509972
0.9971509971509972
0.9971509971509972
0.9971509971509972
0.9971509971509972
0.9971509971509972
0.9971509971509972
0.9971509971509972
0.9971509971509972
0.9971509971509972
0.9971509971509972
0.9971509971509972
0.9971509971509972
0.9971509971509972
0.9971509971509972
0.9971509971509972
0.9971509971509972
0.9971509971509972
0.9971509971509972
0.9971509971509972
0.9971509971509972
0.9971509971509972
0.9971509971509972
0.9971509971509972
0.9971509971509972
0.9971509971509972
0.9971509971509972
0.9971509971509972
0.9971509971509972
0.9971509971509972
0.9971509971509972
0.9971509971509972
0.9971509971509972
0.9971509971509972
0.9971509971509972
0.9971509971509972
0.9971509971509972
0.9971509971509972
0.9971509971509972
0.9971509971509972
0.9971509971509972
0.9971509971509972
0.9971509971509972
0.9971509971509972
0.9971509971509972
0.9971509971509972
0.9971509971509972
0.9971509971509972
0.9971509971509972
0.9971509971509972
0.9971509971509972
0.9971509971509972
0.9971509971509972
0.9971509971509972
0.9971509971509972
0.9971509971509972
0.9971509971509972
0.9971509971509972
0.9971509971509972
0.9971509971509972
0.9971509971509972
0.9971509971509972
0.9971509971509972
0.9971509971509972
0.9971509971509972
0.9971509971509972
0.9971509971509972
0.9971509971509972
0.9971509971509972
0.9971509971509972
0.9971509971509972
0.9971509971509972
0.9971509971509972
0.9971509971509972
0.9971509971509972
0.9971509971509972
0.9971509971509972
0.9971509971509972
0.9971509971509972
0.9971509971509972
0.9971509971509972
0.9971509971509972
0.9971509971509972
0.9971509971509972
0.9971509971509972
0.9971509971509972
0.9971509971509972
0.9971509971509972
0.9971509971509972
0.9971509971509972
0.9971509971509972
0.9971509971509972
0.9971509971509972
0.9971509971509972
0.9971509971509972
0.9971509971509972
0.9971509971509972
0.9971509971509972
0.9971509971509972
0.9971509971509972
0.9971509971509972
0.9971509971509972
0.9971509971509972
0.9971509971509972
0.9971509971509972
0.9971509971509972
0.9971509971509972
0.9971509971509972
0.9971509971509972
0.9971509971509972
0.9971509971509972
0.9971509971509972
0.9971509971509972
0.9971509971509972
0.9971509971509972
0.9971509971509972
0.9971509971509972
0.9971509971509972
0.9971509971509972
0.9971509971509972
0.9971509971509972
0.9971509971509972
0.9971509971509972
0.9971509971509972
0.9971509971509972
0.9971509971509972
0.9971509971509972
0.9971509971509972
0.9971509971509972
0.9971509971509972
0.9971509971509972
0.9971509971509972
0.9971509971509972
0.9971509971509972
0.9971509971509972
0.9971509971509972
0.9971509971509972
0.9971509971509972
0.9971509971509972
0.9971509971509972
0.9971509971509972
0.9971509971509972
0.9971509971509972
0.9971509971509972
0.9971509971509972
0.9971509971509972
0.9971509971509972
0.9971509971509972
0.9971509971509972
0.9971509971509972
0.9971509971509972
0.9971509971509972
0.9971509971509972
0.9971509971509972
0.9971509971509972
0.9971509971509972
0.9971509971509972
0.9971509971509972
0.9971509971509972
0.9971509971509972
0.9971509971509972
0.9971509971509972
0.9971509971509972
0.9971509971509972
0.9971509971509972
0.9971509971509972
0.9971509971509972
0.9971509971509972
0.9971509971509972
0.9971509971509972
0.9971509971509972
0.9971509971509972
0.9971509971509972
0.9971509971509972
0.9971509971509972
0.9971509971509972
0.9971509971509972
0.9971509971509972
0.9971509971509972
0.9971509971509972
0.9971509971509972
0.9971509971509972
0.9971509971509972
0.9971509971509972
0.9971509971509972
0.9971509971509972
0.9971509971509972
0.9971509971509972
0.9971509971509972
0.9971509971509972
0.9971509971509972
0.9971509971509972
0.9971509971509972
0.9971509971509972
0.9971509971509972
0.9971509971509972
0.9971509971509972
0.9971509971509972
0.9971509971509972
0.9971509971509972
0.9971509971509972
0.9971509971509972
0.9971509971509972
0.9971509971509972
0.9971509971509972
0.9971509971509972
0.9971509971509972
0.9971509971509972
0.9971509971509972
0.9971509971509972
0.9971509971509972
0.9971509971509972
0.9971509971509972
0.9971509971509972
0.9971509971509972
0.9971509971509972
0.9971509971509972
0.9971509971509972
0.9971509971509972
0.9971509971509972
0.9971509971509972
0.9971509971509972
0.9971509971509972
0.9971509971509972
0.9971509971509972
0.9971509971509972
0.9971509971509972
0.9971509971509972
0.9971509971509972
0.9971509971509972
0.9971509971509972
0.9971509971509972
0.9971509971509972
0.9971509971509972
0.9971509971509972
0.9971509971509972
0.9971509971509972
0.9971509971509972
0.9971509971509972
0.9971509971509972
0.9971509971509972
0.9971509971509972
0.9971509971509972
0.9971509971509972
0.9971509971509972
0.9971509971509972
0.9971509971509972
0.9971509971509972
0.9971509971509972
0.9971509971509972
0.9971509971509972
0.9971509971509972
0.9971509971509972
0.9971509971509972
0.9971509971509972
0.9971509971509972
0.9971509971509972
0.9971509971509972
0.9971509971509972
0.9971509971509972
0.9971509971509972
0.9971509971509972
0.9971509971509972
0.9971509971509972
0.9971509971509972
0.9971509971509972
0.9971509971509972
0.9971509971509972
0.9971509971509972
0.9971509971509972
0.9971509971509972
0.9971509971509972
0.9971509971509972
0.9971509971509972
0.9971509971509972
0.9971509971509972
0.9971509971509972
0.9971509971509972
0.9971509971509972
0.9971509971509972
0.9971509971509972
0.9971509971509972
0.9971509971509972
0.9971509971509972
0.9971509971509972
0.9971509971509972
0.9971509971509972
0.9971509971509972
0.9971509971509972
0.9971509971509972
0.9971509971509972
0.9971509971509972
0.9971509971509972
0.9971509971509972
0.9971509971509972
0.9971509971509972
0.9971509971509972
0.9971509971509972
0.9971509971509972
0.9971509971509972
0.9971509971509972
0.9971509971509972
0.9971509971509972
0.9971509971509972
0.9971509971509972
0.9971509971509972
0.9971509971509972
0.9971509971509972
0.9971509971509972
0.9971509971509972
0.9971509971509972
0.9971509971509972
0.9971509971509972
0.9971509971509972
0.9971509971509972
0.9971509971509972
0.9971509971509972
0.9971509971509972
0.9971509971509972
0.9971509971509972
0.9971509971509972
0.9971509971509972
0.9971509971509972
0.9971509971509972
0.9971509971509972
0.9971509971509972
0.9971509971509972
0.9971509971509972
0.9971509971509972
0.9971509971509972
0.9971509971509972
0.9971509971509972
0.9971509971509972
0.9971509971509972
0.9971509971509972
0.9971509971509972
0.9971509971509972
0.9971509971509972
0.9971509971509972
0.9971509971509972
0.9971509971509972
0.9971509971509972
0.9971509971509972
0.9971509971509972
0.9971509971509972
0.9971509971509972
0.9971509971509972
0.9971509971509972
0.9971509971509972
0.9971509971509972
0.9971509971509972
0.9971509971509972
0.9971509971509972
0.9971509971509972
0.9971509971509972
0.9971509971509972
0.9971509971509972
0.9971509971509972
0.9971509971509972
0.9971509971509972
0.9971509971509972
0.9971509971509972
0.9971509971509972
0.9971509971509972
0.9971509971509972
0.9971509971509972
0.9971509971509972
0.9971509971509972
0.9971509971509972
0.9971509971509972
0.9971509971509972
0.9971509971509972
0.9971509971509972
0.9971509971509972
0.9971509971509972
0.9971509971509972
0.9971509971509972
0.9971509971509972
0.9971509971509972
0.9971509971509972
0.9971509971509972
0.9971509971509972
0.9971509971509972
0.9971509971509972
0.9971509971509972
0.9971509971509972
0.9971509971509972
0.9971509971509972
0.9971509971509972
0.9971509971509972
0.9971509971509972
0.9971509971509972
0.9971509971509972
0.9971509971509972
0.9971509971509972
0.9971509971509972
0.9971509971509972
0.9971509971509972
0.9971509971509972
0.9971509971509972
0.9971509971509972
0.9971509971509972
0.9971509971509972
0.9971509971509972
0.9971509971509972
0.9971509971509972
0.9971509971509972
0.9971509971509972
0.9971509971509972
0.9971509971509972
0.9971509971509972
0.9971509971509972
0.9971509971509972
0.9971509971509972
0.9971509971509972
0.9971509971509972
0.9971509971509972
0.9971509971509972
0.9971509971509972
0.9971509971509972
0.9971509971509972
0.9971509971509972
0.9971509971509972
0.9971509971509972
0.9971509971509972
0.9971509971509972
0.9971509971509972
0.9971509971509972
0.9971509971509972
0.9971509971509972
0.9971509971509972
0.9971509971509972
0.9971509971509972
0.9971509971509972
0.9971509971509972
0.9971509971509972
0.9971509971509972
0.9971509971509972
0.9971509971509972
0.9971509971509972
0.9971509971509972
0.9971509971509972
0.9971509971509972
0.9971509971509972
0.9971509971509972
0.9971509971509972
0.9971509971509972
0.9971509971509972
0.9971509971509972
0.9971509971509972
0.9971509971509972
0.9971509971509972
0.9971509971509972
0.9971509971509972
0.9971509971509972
0.9971509971509972
0.9971509971509972
0.9971509971509972
0.9971509971509972
0.9971509971509972
0.9971509971509972
0.9971509971509972
0.9971509971509972
0.9971509971509972
0.9971509971509972
0.9971509971509972
0.9971509971509972
0.9971509971509972
0.9971509971509972
0.9971509971509972
0.9971509971509972
0.9971509971509972
0.9971509971509972
0.9971509971509972
0.9971509971509972
0.9971509971509972
0.9971509971509972
0.9971509971509972
0.9971509971509972
0.9971509971509972
0.9971509971509972
0.9971509971509972
0.9971509971509972
0.9971509971509972
0.9971509971509972
0.9971509971509972
0.9971509971509972
0.9971509971509972
0.9971509971509972
0.9971509971509972
0.9971509971509972
0.9971509971509972
0.9971509971509972
0.9971509971509972
0.9971509971509972
0.9971509971509972
0.9971509971509972
0.9971509971509972
0.9971509971509972
0.9971509971509972
0.9971509971509972
0.9971509971509972
0.9971509971509972
0.9971509971509972
0.9971509971509972
0.9971509971509972
0.9971509971509972
0.9971509971509972
0.9971509971509972
0.9971509971509972
0.9971509971509972
0.9971509971509972
0.9971509971509972
0.9971509971509972
0.9971509971509972
0.9971509971509972
0.9971509971509972
0.9971509971509972
0.9971509971509972
0.9971509971509972
0.9971509971509972
0.9971509971509972
0.9971509971509972
0.9971509971509972
0.9971509971509972
0.9971509971509972
0.9971509971509972
0.9971509971509972
0.9971509971509972
0.9971509971509972
0.9971509971509972
0.9971509971509972
0.9971509971509972
0.9971509971509972
0.9971509971509972
0.9971509971509972
0.9971509971509972
0.9971509971509972
0.9971509971509972
0.9971509971509972
0.9971509971509972
0.9971509971509972
0.9971509971509972
0.9971509971509972
0.9971509971509972
0.9971509971509972
0.9971509971509972
0.9971509971509972
0.9971509971509972
0.9971509971509972
0.9971509971509972
0.9971509971509972
0.9971509971509972
0.9971509971509972
0.9971509971509972
0.9971509971509972
0.9971509971509972
0.9971509971509972
0.9971509971509972
0.9971509971509972
0.9971509971509972
0.9971509971509972
0.9971509971509972
0.9971509971509972
0.9971509971509972
0.9971509971509972
0.9971509971509972
0.9971509971509972
0.9971509971509972
0.9971509971509972
0.9971509971509972
0.9971509971509972
0.9971509971509972
0.9971509971509972
0.9971509971509972
0.9971509971509972
0.9971509971509972
0.9971509971509972
0.9971509971509972
0.9971509971509972
0.9971509971509972
0.9971509971509972
0.9971509971509972
0.9971509971509972
0.9971509971509972
0.9971509971509972
0.9971509971509972
0.9971509971509972
0.9971509971509972
0.9971509971509972
0.9971509971509972
0.9971509971509972
0.9971509971509972
0.9971509971509972
0.9971509971509972
0.9971509971509972
0.9971509971509972
0.9971509971509972
0.9971509971509972
0.9971509971509972
0.9971509971509972
0.9971509971509972
0.9971509971509972
0.9971509971509972
0.9971509971509972
0.9971509971509972
0.9971509971509972
0.9971509971509972
0.9971509971509972
0.9971509971509972
0.9971509971509972
0.9971509971509972
0.9971509971509972
0.9971509971509972
0.9971509971509972
0.9971509971509972
0.9971509971509972
0.9971509971509972
0.9971509971509972
0.9971509971509972
0.9971509971509972
0.9971509971509972
0.9971509971509972
0.9971509971509972
0.9971509971509972
0.9971509971509972
0.9971509971509972
0.9971509971509972
0.9971509971509972
0.9971509971509972
0.9971509971509972
0.9971509971509972
0.9971509971509972
0.9971509971509972
0.9971509971509972
0.9971509971509972
0.9971509971509972
0.9971509971509972
0.9971509971509972
0.9971509971509972
0.9971509971509972
0.9971509971509972
0.9971509971509972
0.9971509971509972
0.9971509971509972
0.9971509971509972
0.9971509971509972
0.9971509971509972
0.9971509971509972
0.9971509971509972
0.9971509971509972
0.9971509971509972
0.9971509971509972
0.9971509971509972
0.9971509971509972
0.9971509971509972
0.9971509971509972
0.9971509971509972
0.9971509971509972
0.9971509971509972
0.9971509971509972
0.9971509971509972
0.9971509971509972
0.9971509971509972
0.9971509971509972
0.9971509971509972
0.9971509971509972
0.9971509971509972
0.9971509971509972
0.9971509971509972
0.9971509971509972
0.9971509971509972
0.9971509971509972
0.9971509971509972
0.9971509971509972
0.9971509971509972
0.9971509971509972
0.9971509971509972
0.9971509971509972
0.9971509971509972
0.9971509971509972
0.9971509971509972
0.9971509971509972
0.9971509971509972
0.9971509971509972
0.9971509971509972
0.9971509971509972
0.9971509971509972
0.9971509971509972
0.9971509971509972
0.9971509971509972
0.9971509971509972
0.9971509971509972
0.9971509971509972
0.9971509971509972
0.9971509971509972
0.9971509971509972
0.9971509971509972
0.9971509971509972
0.9971509971509972
0.9971509971509972
0.9971509971509972
0.9971509971509972
0.9971509971509972
0.9971509971509972
0.9971509971509972
0.9971509971509972
0.9971509971509972
0.9971509971509972
0.9971509971509972
0.9971509971509972
0.9971509971509972
0.9971509971509972
0.9971509971509972
0.9971509971509972
0.9971509971509972
0.9971509971509972
0.9971509971509972
0.9971509971509972
0.9971509971509972
0.9971509971509972
0.9971509971509972
0.9971509971509972
0.9971509971509972
0.9971509971509972
0.9971509971509972
0.9971509971509972
0.9971509971509972
0.9971509971509972
0.9971509971509972
0.9971509971509972
0.9971509971509972
0.9971509971509972
0.9971509971509972
0.9971509971509972
0.9971509971509972
0.9971509971509972
0.9971509971509972
0.9971509971509972
0.9971509971509972
0.9971509971509972
0.9971509971509972
0.9971509971509972
0.9971509971509972
0.9971509971509972
0.9971509971509972
0.9971509971509972
0.9971509971509972
0.9971509971509972
0.9971509971509972
0.9971509971509972
0.9971509971509972
0.9971509971509972
0.9971509971509972
0.9971509971509972
0.9971509971509972
0.9971509971509972
0.9971509971509972
0.9971509971509972
0.9971509971509972
0.9971509971509972
0.9971509971509972
0.9971509971509972
0.9971509971509972
0.9971509971509972
0.9971509971509972
0.9971509971509972
0.9971509971509972
0.9971509971509972
0.9971509971509972
0.9971509971509972
0.9971509971509972
0.9971509971509972
0.9971509971509972
0.9971509971509972
0.9971509971509972
0.9971509971509972
0.9971509971509972
0.9971509971509972
0.9971509971509972
0.9971509971509972
0.9971509971509972
0.9971509971509972
0.9971509971509972
0.9971509971509972
0.9971509971509972
0.9971509971509972
0.9971509971509972
0.9971509971509972
0.9971509971509972
0.9971509971509972
0.9971509971509972
0.9971509971509972
0.9971509971509972
0.9971509971509972
0.9971509971509972
0.9971509971509972
0.9971509971509972
0.9971509971509972
0.9971509971509972
0.9971509971509972
0.9971509971509972
0.9971509971509972
0.9971509971509972
0.9971509971509972
0.9971509971509972
0.9971509971509972
0.9971509971509972
0.9971509971509972
0.9971509971509972
0.9971509971509972
0.9971509971509972
0.9971509971509972
0.9971509971509972
0.9971509971509972
0.9971509971509972
0.9971509971509972
0.9971509971509972
0.9971509971509972
0.9971509971509972
0.9971509971509972
0.9971509971509972
0.9971509971509972
0.9971509971509972
0.9971509971509972
0.9971509971509972
0.9971509971509972
0.9971509971509972
0.9971509971509972
0.9971509971509972
0.9971509971509972
0.9971509971509972
0.9971509971509972
0.9971509971509972
0.9971509971509972
0.9971509971509972
0.9971509971509972
0.9971509971509972
0.9971509971509972
0.9971509971509972
0.9971509971509972
0.9971509971509972
0.9971509971509972
0.9971509971509972
0.9971509971509972
0.9971509971509972
0.9971509971509972
0.9971509971509972
0.9971509971509972
0.9971509971509972
0.9971509971509972
0.9971509971509972
0.9971509971509972
0.9971509971509972
0.9971509971509972
0.9971509971509972
0.9971509971509972
0.9971509971509972
0.9971509971509972
0.9971509971509972
0.9971509971509972
0.9971509971509972
0.9971509971509972
0.9971509971509972
0.9971509971509972
0.9971509971509972
0.9971509971509972
0.9971509971509972
0.9971509971509972
0.9971509971509972
0.9971509971509972
0.9971509971509972
0.9971509971509972
0.9971509971509972
0.9971509971509972
0.9971509971509972
0.9971509971509972
0.9971509971509972
0.9971509971509972
0.9971509971509972
0.9971509971509972
0.9971509971509972
0.9971509971509972
0.9971509971509972
0.9971509971509972
0.9971509971509972
0.9971509971509972
0.9971509971509972
0.9971509971509972
0.9971509971509972
0.9971509971509972
0.9971509971509972
0.9971509971509972
0.9971509971509972
0.9971509971509972
0.9971509971509972
0.9971509971509972
0.9971509971509972
0.9971509971509972
0.9971509971509972
0.9971509971509972
0.9971509971509972
0.9971509971509972
0.9971509971509972
0.9971509971509972
0.9971509971509972
0.9971509971509972
0.9971509971509972
0.9971509971509972
0.9971509971509972
0.9971509971509972
0.9971509971509972
0.9971509971509972
0.9971509971509972
0.9971509971509972
0.9971509971509972
0.9971509971509972
0.9971509971509972
0.9971509971509972
0.9971509971509972
0.9971509971509972
0.9971509971509972
0.9971509971509972
0.9971509971509972
0.9971509971509972
0.9971509971509972
0.9971509971509972
0.9971509971509972
0.9971509971509972
0.9971509971509972
0.9971509971509972
0.9971509971509972
0.9971509971509972
0.9971509971509972
0.9971509971509972
0.9971509971509972
0.9971509971509972
0.9971509971509972
0.9971509971509972
0.9971509971509972
0.9971509971509972
0.9971509971509972
0.9971509971509972
0.9971509971509972
0.9971509971509972
0.9971509971509972
0.9971509971509972
0.9971509971509972
0.9971509971509972
0.9971509971509972
0.9971509971509972
0.9971509971509972
0.9971509971509972
0.9971509971509972
0.9971509971509972
0.9971509971509972
0.9971509971509972
0.9971509971509972
0.9971509971509972
0.9971509971509972
0.9971509971509972
0.9971509971509972
0.9971509971509972
0.9971509971509972
0.9971509971509972
0.9971509971509972
0.9971509971509972
0.9971509971509972
0.9971509971509972
0.9971509971509972
0.9971509971509972
0.9971509971509972
0.9971509971509972
0.9971509971509972
0.9971509971509972
0.9971509971509972
0.9971509971509972
0.9971509971509972
0.9971509971509972
0.9971509971509972
0.9971509971509972
0.9971509971509972
0.9971509971509972
0.9971509971509972
0.9971509971509972
0.9971509971509972
0.9971509971509972
0.9971509971509972
0.9971509971509972
0.9971509971509972
0.9971509971509972
0.9971509971509972
0.9971509971509972
0.9971509971509972
0.9971509971509972
0.9971509971509972
0.9971509971509972
0.9971509971509972
0.9971509971509972
0.9971509971509972
0.9971509971509972
0.9971509971509972
0.9971509971509972
0.9971509971509972
0.9971509971509972
0.9971509971509972
0.9971509971509972
0.9971509971509972
0.9971509971509972
0.9971509971509972
0.9971509971509972
0.9971509971509972
0.9971509971509972
0.9971509971509972
0.9971509971509972
0.9971509971509972
0.9971509971509972
0.9971509971509972
0.9971509971509972
0.9971509971509972
0.9971509971509972
0.9971509971509972
0.9971509971509972
0.9971509971509972
0.9971509971509972
0.9971509971509972
0.9971509971509972
0.9971509971509972
0.9971509971509972
0.9971509971509972
0.9971509971509972
0.9971509971509972
0.9971509971509972
0.9971509971509972
0.9971509971509972
0.9971509971509972
0.9971509971509972
0.9971509971509972
0.9971509971509972
0.9971509971509972
0.9971509971509972
0.9971509971509972
0.9971509971509972
0.9971509971509972
0.9971509971509972
0.9971509971509972
0.9971509971509972
0.9971509971509972
0.9971509971509972
0.9971509971509972
0.9971509971509972
0.9971509971509972
0.9971509971509972
0.9971509971509972
0.9971509971509972
0.9971509971509972
0.9971509971509972
0.9971509971509972
0.9971509971509972
0.9971509971509972
0.9971509971509972
0.9971509971509972
0.9971509971509972
0.9971509971509972
0.9971509971509972
0.9971509971509972
0.9971509971509972
0.9971509971509972
0.9971509971509972
0.9971509971509972
0.9971509971509972
0.9971509971509972
0.9971509971509972
0.9971509971509972
0.9971509971509972
0.9971509971509972
0.9971509971509972
0.9971509971509972
0.9971509971509972
0.9971509971509972
0.9971509971509972
0.9971509971509972
0.9971509971509972
0.9971509971509972
0.9971509971509972
0.9971509971509972
0.9971509971509972
0.9971509971509972
0.9971509971509972
0.9971509971509972
0.9971509971509972
0.9971509971509972
0.9971509971509972
0.9971509971509972
0.9971509971509972
0.9971509971509972
0.9971509971509972
0.9971509971509972
0.9971509971509972
0.9971509971509972
0.9971509971509972
0.9971509971509972
0.9971509971509972
0.9971509971509972
0.9971509971509972
0.9971509971509972
0.9971509971509972
0.9971509971509972
0.9971509971509972
0.9971509971509972
0.9971509971509972
0.9971509971509972
0.9971509971509972
0.9971509971509972
0.9971509971509972
0.9971509971509972
0.9971509971509972
0.9971509971509972
0.9971509971509972
0.9971509971509972
0.9971509971509972
0.9971509971509972
0.9971509971509972
0.9971509971509972
0.9971509971509972
0.9971509971509972
0.9971509971509972
0.9971509971509972
0.9971509971509972
0.9971509971509972
0.9971509971509972
0.9971509971509972
0.9971509971509972
0.9971509971509972
0.9971509971509972
0.9971509971509972
0.9971509971509972
0.9971509971509972
0.9971509971509972
0.9971509971509972
0.9971509971509972
0.9971509971509972
0.9971509971509972
0.9971509971509972
0.9971509971509972
0.9971509971509972
0.9971509971509972
0.9971509971509972
0.9971509971509972
0.9971509971509972
0.9971509971509972
0.9971509971509972
0.9971509971509972
0.9971509971509972
0.9971509971509972
0.9971509971509972
0.9971509971509972
0.9971509971509972
0.9971509971509972
0.9971509971509972
0.9971509971509972
0.9971509971509972
0.9971509971509972
0.9971509971509972
0.9971509971509972
0.9971509971509972
0.9971509971509972
0.9971509971509972
0.9971509971509972
0.9971509971509972
0.9971509971509972
0.9971509971509972
1.0
1.0
