0.02376603876108894
0.047352952150799085
0.06548553322377573
0.08794446406552266
0.11569587514870719
0.13266948567862963
0.15164610394437547
0.16507525997231276
0.1668250412496531
0.17103670859151107
0.17313260045118245
0.1825980986963286
0.18559101788751042
0.19348020124227477
0.20206568812194184
0.20919603640925852
0.21223944303313413
0.22442556192999652
0.23565313295251167
0.23821793683884251
0.24129719963643412
0.25294207503692306
0.2694449522109943
0.2741417965742587
0.27851733147097874
0.282507287034751
0.28967952918820883
0.2950460102948215
0.30779086071569334
0.3124777534599101
0.3230331250089783
0.32857544050648446
0.3316052829344117
0.33604764423751426
0.34200225777359794
0.3501570598696405
0.35878373085883514
0.3660019309024698
0.37200567236467164
0.3833250625701356
0.3903875518186657
0.3933914896919246
0.39614108211959576
0.4037740404811357
0.4225960813669476
0.4280311582850593
0.4366393272131808
0.44463954931986066
0.45321446524592407
0.466852956317375
0.46998163948463095
0.4785971396457441
0.4901588966290047
0.4986911212982375
0.5003945987418467
0.5085720864979248
0.5202522169687647
0.5279778366969269
0.529681314140536
0.5357460900241331
0.5395745863882957
0.5406533350398599
0.5415146614825816
0.550890273594801
0.5538339277012458
0.5573521696567935
0.5668599114302967
0.5738964961241585
0.5811663499922024
0.5880465962132635
0.5985728443130308
0.6103594783787596
0.6186930401968043
0.6186930401968043
0.6213499557096301
0.6213499557096301
0.6230793377079075
0.6326275129363571
0.6364822062987342
0.6444645798277366
0.6516468224589336
0.6533830395403256
0.6596599209527345
0.6605348115914047
0.6642536890536325
0.6672466082448143
0.6728442478014172
0.6759987814771359
0.685643601503017
0.6886734439309442
0.6951559257452649
0.7023069576243244
0.70404990381855
0.7082573356373703
0.7109468848176981
0.7172006821562443
0.722915890165537
0.7247373837903094
0.7265588774150816
0.7324305251358968
0.7353307674122332
0.7353307674122332
0.7362415142246195
0.7398919018456289
0.7460997085297275
0.7531957628394419
0.7561328743063185
0.7561328743063185
0.7561328743063185
0.7591126770300254
0.7651421677619682
0.7651421677619682
0.7687992844958115
0.7696741751344817
0.7705355015772034
0.7726781130077405
0.7726781130077405
0.7778532676650036
0.7807451126621118
0.7875311197722138
0.7904982896936545
0.796740609592892
0.8025094734948864
0.8062629373782626
0.8083455574855318
0.8129789527775997
0.8159723196972551
0.8159723196972551
0.8171933209182564
0.8171933209182564
0.8189295379996483
0.8208763422067681
0.8243622345952195
0.8285203472830971
0.8319098644893038
0.8359816876169771
0.8392853089452476
0.840120730833301
0.8444421510800867
0.8444421510800867
0.8465179361042412
0.8465179361042412
0.8473533579922948
0.8513239516409672
0.8529947954170741
0.8555010610812345
0.8572372781626264
0.8636006944031078
0.8649078839455915
0.8649078839455915
0.8649078839455915
0.8649078839455915
0.8657827745842616
0.8657827745842616
0.8657827745842616
0.867512156582539
0.8744577527043675
0.8763978277986535
0.8785295758320408
0.8802398883587644
0.881075310246818
0.8819107321348714
0.8819107321348714
0.8827856227735416
0.8827856227735416
0.8857636560921323
0.88767782663175
0.88767782663175
0.8885527172704202
0.8903247905255279
0.8911996811641981
0.8911996811641981
0.89206100760692
0.8947505567872478
0.8985188546191399
0.9002482366174173
0.9047993134614845
0.9047993134614845
0.9070172498163545
0.9080959984679186
0.9089573249106403
0.9089573249106403
0.9106935419920323
0.9106935419920323
0.9123970194356414
0.9123970194356414
0.9132650749911969
0.9152187142814312
0.9160936049201014
0.9186085239311841
0.9194439458192376
0.9194439458192376
0.9194439458192376
0.9202793677072909
0.9202793677072909
0.9213581163588551
0.9225658458274543
0.9234407364661243
0.9234407364661243
0.9246617376871256
0.9246617376871256
0.9246617376871256
0.9246617376871256
0.9246617376871256
0.9255297932426811
0.9255297932426811
0.9255297932426811
0.9255297932426811
0.9272759619431208
0.9281440174986764
0.9314943583978125
0.9325731070493766
0.9325731070493766
0.936026365770326
0.937762582851718
0.9390697723942016
0.9390697723942016
0.9390697723942016
0.9390697723942016
0.9390697723942016
0.9390697723942016
0.9421557643046271
0.9432345129561912
0.9445417024986749
0.9445417024986749
0.9453771243867285
0.9453771243867285
0.9453771243867285
0.9462878711991145
0.9462878711991145
0.9462878711991145
0.9462878711991145
0.9462878711991145
0.9471232930871678
0.9506175006759301
0.9506175006759301
0.951478827118652
0.951478827118652
0.951478827118652
0.9527860166611356
0.9527860166611356
0.9527860166611356
0.9527860166611356
0.9536473431038573
0.9536473431038573
0.9536473431038573
0.9536473431038573
0.9536473431038573
0.9548683443248586
0.9548683443248586
0.9548683443248586
0.9557296707675804
0.9557296707675804
0.9557296707675804
0.9557296707675804
0.9569506719885816
0.9569506719885816
0.9569506719885816
0.9569506719885816
0.9569506719885816
0.9578119984313034
0.9586868890699736
0.9586868890699736
0.9586868890699736
0.9586868890699736
0.9586868890699736
0.9599940786124572
0.9599940786124572
0.9599940786124572
0.960855405055179
0.960855405055179
0.960855405055179
0.960855405055179
0.9619341537067432
0.9627695755947967
0.9636376311503523
0.9636376311503523
0.9645125217890224
0.9654232686014086
0.9654232686014086
0.96751916046108
0.96751916046108
0.96751916046108
0.96751916046108
0.96751916046108
0.96751916046108
0.96751916046108
0.9683804869038019
0.9683804869038019
0.9692485424593573
0.9701098689020792
0.9711886175536433
0.9711886175536433
0.9711886175536433
0.9723963470222423
0.9723963470222423
0.9723963470222423
0.9733070938346285
0.9733070938346285
0.9733070938346285
0.9733070938346285
0.9733070938346285
0.9733070938346285
0.9745280950556298
0.9745280950556298
0.9745280950556298
0.9745280950556298
0.9745280950556298
0.9753635169436831
0.9753635169436831
0.9753635169436831
0.9753635169436831
0.9753635169436831
0.9753635169436831
0.9753635169436831
0.9762315724992386
0.9762315724992386
0.9770928989419604
0.9770928989419604
0.9770928989419604
0.9779542253846822
0.9779542253846822
0.9779542253846822
0.9796971715789079
0.9796971715789079
0.9809181727999091
0.9809181727999091
0.9809181727999091
0.9818289196122953
0.9818289196122953
0.9826902460550172
0.9826902460550172
0.9826902460550172
0.9826902460550172
0.9826902460550172
0.9826902460550172
0.9826902460550172
0.9826902460550172
0.9835583016105728
0.9835583016105728
0.9835583016105728
0.9835583016105728
0.984469048422959
0.984469048422959
0.984469048422959
0.984469048422959
0.984469048422959
0.984469048422959
0.985379795235345
0.985379795235345
0.985379795235345
0.985379795235345
0.987319870329631
0.9881552922176845
0.9881552922176845
0.9881552922176845
0.9892340408692486
0.9892340408692486
0.9892340408692486
0.9892340408692486
0.9904417703378479
0.9904417703378479
0.9904417703378479
0.9904417703378479
0.9904417703378479
0.9904417703378479
0.9904417703378479
0.9904417703378479
0.9904417703378479
0.9904417703378479
0.9904417703378479
0.9904417703378479
0.9904417703378479
0.9904417703378479
0.9913166609765179
0.9913166609765179
0.9913166609765179
0.9913166609765179
0.9913166609765179
0.9913166609765179
0.9913166609765179
0.9913166609765179
0.9913166609765179
0.9913166609765179
0.9913166609765179
0.9913166609765179
0.9913166609765179
0.9913166609765179
0.9913166609765179
0.9913166609765179
0.9913166609765179
0.9913166609765179
0.9913166609765179
0.9921779874192398
0.9921779874192398
0.9921779874192398
0.993088734231626
0.993088734231626
0.993088734231626
0.993088734231626
0.993088734231626
0.993088734231626
0.993088734231626
0.993088734231626
0.993088734231626
0.993088734231626
0.993088734231626
0.993088734231626
0.993088734231626
0.993088734231626
0.993088734231626
0.993088734231626
0.993088734231626
0.993088734231626
0.993088734231626
0.993088734231626
0.993088734231626
0.993088734231626
0.993088734231626
0.993088734231626
0.993088734231626
0.993088734231626
0.993088734231626
0.993088734231626
0.993088734231626
0.993088734231626
0.993088734231626
0.993088734231626
0.993088734231626
0.993088734231626
0.993088734231626
0.993088734231626
0.993088734231626
0.9951777910081828
0.9951777910081828
0.9951777910081828
0.9951777910081828
0.9951777910081828
0.9951777910081828
0.9951777910081828
0.9951777910081828
0.9960391174509043
0.9969498642632906
0.9969498642632906
0.9969498642632906
0.9969498642632906
0.9969498642632906
0.9969498642632906
0.9969498642632906
0.9969498642632906
0.9969498642632906
0.9969498642632906
0.9969498642632906
0.9969498642632906
0.9969498642632906
0.9982570538057742
0.9982570538057742
0.9982570538057742
0.9982570538057742
0.9982570538057742
0.9982570538057742
0.9982570538057742
0.9982570538057742
0.9982570538057742
0.9982570538057742
0.9982570538057742
0.9982570538057742
0.9982570538057742
0.9982570538057742
0.9982570538057742
0.9982570538057742
0.9982570538057742
0.9982570538057742
0.9982570538057742
0.9982570538057742
0.9982570538057742
0.9991251093613298
0.9991251093613298
0.9991251093613298
0.9991251093613298
0.9991251093613298
0.9991251093613298
0.9991251093613298
0.9991251093613298
0.9991251093613298
0.9991251093613298
0.9991251093613298
0.9991251093613298
0.9991251093613298
0.9991251093613298
0.9991251093613298
0.9991251093613298
0.9991251093613298
0.9991251093613298
0.9991251093613298
0.9991251093613298
0.9991251093613298
0.9991251093613298
0.9991251093613298
0.9991251093613298
0.9991251093613298
0.9991251093613298
0.9991251093613298
0.9991251093613298
0.9991251093613298
0.9991251093613298
0.9991251093613298
0.9991251093613298
0.9991251093613298
0.9991251093613298
0.9991251093613298
0.9991251093613298
0.9991251093613298
0.9991251093613298
0.9991251093613298
0.9991251093613298
0.9991251093613298
0.9991251093613298
0.9991251093613298
0.9991251093613298
0.9991251093613298
0.9991251093613298
0.9991251093613298
0.9991251093613298
0.9991251093613298
0.9991251093613298
0.9991251093613298
0.9991251093613298
0.9991251093613298
0.9991251093613298
0.9991251093613298
0.9991251093613298
0.9991251093613298
0.9991251093613298
0.9991251093613298
0.9991251093613298
0.9991251093613298
0.9991251093613298
0.9991251093613298
0.9991251093613298
0.9991251093613298
0.9991251093613298
0.9991251093613298
0.9991251093613298
0.9991251093613298
0.9991251093613298
0.9991251093613298
0.9991251093613298
0.9991251093613298
0.9991251093613298
0.9991251093613298
0.9991251093613298
0.9991251093613298
0.9991251093613298
0.9991251093613298
0.9991251093613298
0.9991251093613298
0.9991251093613298
0.9991251093613298
0.9991251093613298
0.9991251093613298
0.9991251093613298
0.9991251093613298
0.9991251093613298
0.9991251093613298
0.9991251093613298
0.9991251093613298
0.9991251093613298
0.9991251093613298
0.9991251093613298
0.9991251093613298
0.9991251093613298
0.9991251093613298
0.9991251093613298
0.9991251093613298
0.9991251093613298
0.9991251093613298
0.9991251093613298
0.9991251093613298
0.9991251093613298
0.9991251093613298
0.9991251093613298
0.9991251093613298
0.9991251093613298
0.9991251093613298
0.9991251093613298
0.9991251093613298
0.9991251093613298
0.9991251093613298
0.9991251093613298
0.9991251093613298
0.9991251093613298
0.9991251093613298
0.9991251093613298
0.9991251093613298
0.9991251093613298
0.9991251093613298
0.9991251093613298
0.9991251093613298
0.9991251093613298
0.9991251093613298
0.9991251093613298
0.9991251093613298
0.9991251093613298
0.9991251093613298
0.9991251093613298
0.9991251093613298
0.9991251093613298
0.9991251093613298
0.9991251093613298
0.9991251093613298
0.9991251093613298
0.9991251093613298
0.9991251093613298
0.9991251093613298
0.9991251093613298
0.9991251093613298
0.9991251093613298
0.9991251093613298
0.9991251093613298
0.9991251093613298
0.9991251093613298
0.9991251093613298
0.9991251093613298
0.9991251093613298
0.9991251093613298
0.9991251093613298
0.9991251093613298
0.9991251093613298
0.9991251093613298
0.9991251093613298
0.9991251093613298
0.9991251093613298
0.9991251093613298
0.9991251093613298
0.9991251093613298
0.9991251093613298
0.9991251093613298
0.9991251093613298
0.9991251093613298
0.9991251093613298
0.9991251093613298
0.9991251093613298
0.9991251093613298
0.9991251093613298
0.9991251093613298
0.9991251093613298
0.9991251093613298
0.9991251093613298
0.9991251093613298
0.9991251093613298
0.9991251093613298
0.9991251093613298
0.9991251093613298
0.9991251093613298
0.9991251093613298
0.9991251093613298
0.9991251093613298
0.9991251093613298
0.9991251093613298
0.9991251093613298
0.9991251093613298
0.9991251093613298
0.9991251093613298
0.9991251093613298
0.9991251093613298
0.9991251093613298
0.9991251093613298
0.9991251093613298
0.9991251093613298
0.9991251093613298
0.9991251093613298
0.9991251093613298
0.9991251093613298
0.9991251093613298
0.9991251093613298
0.9991251093613298
0.9991251093613298
0.9991251093613298
0.9991251093613298
0.9991251093613298
0.9991251093613298
0.9991251093613298
0.9991251093613298
0.9991251093613298
0.9991251093613298
0.9991251093613298
0.9991251093613298
0.9991251093613298
0.9991251093613298
0.9991251093613298
0.9991251093613298
0.9991251093613298
0.9991251093613298
0.9991251093613298
0.9991251093613298
0.9991251093613298
0.9991251093613298
0.9991251093613298
0.9991251093613298
0.9991251093613298
0.9991251093613298
0.9991251093613298
0.9991251093613298
0.9991251093613298
0.9991251093613298
0.9991251093613298
0.9991251093613298
0.9991251093613298
0.9991251093613298
0.9991251093613298
0.9991251093613298
0.9991251093613298
0.9991251093613298
0.9991251093613298
0.9991251093613298
0.9991251093613298
0.9991251093613298
1.0
1.0
