0.0218083117192926
0.03928769447070385
0.059919600935056674
0.08055228654355583
0.10359308667290154
0.12300012911339957
0.1419628878419681
0.17953763907085907
0.19055957398914303
0.20272150101023972
0.213134308237547
0.22283102183838702
0.23085773331401047
0.2329359232766123
0.26141717298830613
0.27062681768333857
0.27914814177353564
0.29007003667581316
0.3026905611143715
0.30881061592577397
0.31268763679552747
0.33848133225349236
0.348005577489087
0.3556881259462195
0.36914664687369597
0.3828348964206925
0.39094826927365484
0.3958215219694721
0.4280360322741705
0.4436956617709964
0.45277570397209377
0.45890338316969453
0.4705639275794516
0.4752368582109593
0.4772292411856545
0.5110927505907037
0.5237065050324959
0.5345425122694346
0.5460877678907886
0.5540210479923071
0.5602993381408553
0.5640686139309719
0.5876910053298128
0.5931666157198405
0.5975021533296235
0.6018166879145405
0.6099719915719486
0.6206859400237181
0.6233875713828287
0.6347468993228375
0.6352845337314396
0.6404084373942106
0.6452462926821977
0.6515675239473421
0.6544770210795283
0.6614360881241457
0.6677286919782259
0.6689755747712434
0.6713120400869972
0.6753539856132301
0.6810517754818657
0.685552237748128
0.6895226899919864
0.7006885465418838
0.7044654467181988
0.7059201952842918
0.7069954641014962
0.710249043574741
0.7142338095241315
0.7171433066563176
0.7271193793126078
0.7361346175506644
0.7367580589471732
0.7373958140492138
0.737933448457816
0.7408429455900023
0.7447343608427202
0.7530260369908294
0.75753412364329
0.7610527484664527
0.7634893344756454
0.7634893344756454
0.7643063279396977
0.766578069969843
0.7716447940557716
0.7772492332277345
0.7818784435984997
0.7855762261062418
0.7895390539639019
0.7916172439265037
0.7921548783351058
0.7958813689313443
0.7990205140056184
0.8015362176833837
0.807340898242224
0.8118346711891524
0.8194458070413427
0.8220759451180788
0.8255877999444757
0.8261254343530778
0.8280176966343344
0.8280176966343344
0.8309128800609886
0.8329052630356837
0.83553540111242
0.8423009160894936
0.8434619918946047
0.8434619918946047
0.8451607021083176
0.8451607021083176
0.8490242636619714
0.8524570814972277
0.8586638783634013
0.8603625885771143
0.8609002229857164
0.8615379780877572
0.862161419484266
0.8649497122207154
0.8661251017313584
0.8724320192909707
0.876129882476145
0.8785664684853374
0.8785664684853374
0.8793834619493897
0.8827304727967394
0.8832681072053417
0.884622735077996
0.8867009250405978
0.8894959877738133
0.890119429170322
0.890119429170322
0.8919182600774738
0.8933730086435668
0.8961680713767822
0.8967915127732909
0.8980527092718406
0.8991279780890449
0.902281436868851
0.902281436868851
0.9029191919708919
0.903456826379494
0.904897261240055
0.9066102851593001
0.9078857953633818
0.9110535678487199
0.9128667124614037
0.9140421019720467
0.9140421019720467
0.9140421019720467
0.9140421019720467
0.9145797363806488
0.9153967298447011
0.9171097537639463
0.9179267472279986
0.9216178404164068
0.9222412818129155
0.9228790369149563
0.9228790369149563
0.9228790369149563
0.9241402334135059
0.9241402334135059
0.9276445445311367
0.9303461758902473
0.930983930992288
0.9316073723887968
0.9316073723887968
0.9316073723887968
0.9316073723887968
0.9327684481939076
0.9334062032959485
0.9339438377045506
0.9344814721131527
0.9344814721131527
0.9357569823172344
0.9363947374192751
0.9375558132243861
0.9393689578370699
0.9412822231431923
0.9412822231431923
0.9412822231431923
0.9427226580037533
0.9427226580037533
0.9438837338088641
0.9450448096139751
0.9450448096139751
0.9472164309506818
0.9490009481523014
0.9496243895488101
0.9496243895488101
0.9496243895488101
0.950247830945319
0.9524194522820256
0.9532364457460779
0.9532364457460779
0.9538598871425866
0.9538598871425866
0.9538598871425866
0.9538598871425866
0.9538598871425866
0.9546768806066389
0.9546768806066389
0.9553003220031476
0.9565758322072292
0.9585682151819246
0.9593852086459769
0.9593852086459769
0.9602022021100292
0.9602022021100292
0.9602022021100292
0.9608256435065379
0.9608256435065379
0.9608256435065379
0.9619867193116487
0.9626101607081574
0.9626101607081574
0.9632479158101983
0.9632479158101983
0.9644947986032157
0.9651182399997245
0.9651182399997245
0.9651182399997245
0.9651182399997245
0.9651182399997245
0.9651182399997245
0.9671964299623264
0.9671964299623264
0.9671964299623264
0.9677340643709285
0.969088692243583
0.969088692243583
0.969088692243583
0.9699056857076352
0.9699056857076352
0.9699056857076352
0.9699056857076352
0.9707226791716875
0.9707226791716875
0.9712603135802896
0.9718837549767984
0.9718837549767984
0.9718837549767984
0.9718837549767984
0.9718837549767984
0.9724213893854006
0.9724213893854006
0.9744137723600957
0.9744137723600957
0.9744137723600957
0.9744137723600957
0.9744137723600957
0.9749514067686978
0.9749514067686978
0.9749514067686978
0.9749514067686978
0.9754890411773001
0.9754890411773001
0.9754890411773001
0.9754890411773001
0.9763060346413523
0.9763060346413523
0.9763060346413523
0.9763060346413523
0.9763060346413523
0.9763060346413523
0.9769294760378611
0.9769294760378611
0.9781048655485041
0.9781048655485041
0.9789218590125564
0.9797388524766086
0.9797388524766086
0.9797388524766086
0.9805558459406609
0.9805558459406609
0.9805558459406609
0.9805558459406609
0.9813728394047132
0.9813728394047132
0.9813728394047132
0.9813728394047132
0.9819962808012219
0.9819962808012219
0.9826197221977306
0.9826197221977306
0.9826197221977306
0.9826197221977306
0.9831573566063327
0.983974350070385
0.9846121051724259
0.985149739581028
0.985149739581028
0.985149739581028
0.985149739581028
0.985149739581028
0.9859667330450803
0.9859667330450803
0.9859667330450803
0.9859667330450803
0.9859667330450803
0.9859667330450803
0.9859667330450803
0.9865043674536824
0.9865043674536824
0.9871278088501911
0.9871278088501911
0.9871278088501911
0.9879448023142434
0.9879448023142434
0.9879448023142434
0.9879448023142434
0.9884824367228456
0.9884824367228456
0.9884824367228456
0.9884824367228456
0.9884824367228456
0.9884824367228456
0.9890200711314477
0.9890200711314477
0.9896578262334885
0.9896578262334885
0.9896578262334885
0.9896578262334885
0.9904748196975409
0.9904748196975409
0.9904748196975409
0.9904748196975409
0.9904748196975409
0.9904748196975409
0.9904748196975409
0.9904748196975409
0.9904748196975409
0.9904748196975409
0.9904748196975409
0.9904748196975409
0.9904748196975409
0.9904748196975409
0.9904748196975409
0.9904748196975409
0.9904748196975409
0.9904748196975409
0.9904748196975409
0.9904748196975409
0.9904748196975409
0.9904748196975409
0.9904748196975409
0.9904748196975409
0.9904748196975409
0.9910124541061431
0.9910124541061431
0.9910124541061431
0.9915500885147452
0.9920877229233473
0.9920877229233473
0.9929047163873996
0.9929047163873996
0.9929047163873996
0.9929047163873996
0.9929047163873996
0.9929047163873996
0.9929047163873996
0.9929047163873996
0.9929047163873996
0.9929047163873996
0.9929047163873996
0.9929047163873996
0.9929047163873996
0.9929047163873996
0.9929047163873996
0.9929047163873996
0.9929047163873996
0.9929047163873996
0.9929047163873996
0.9929047163873996
0.9929047163873996
0.9929047163873996
0.9934423507960018
0.9934423507960018
0.9934423507960018
0.9934423507960018
0.9934423507960018
0.9934423507960018
0.9934423507960018
0.9942593442600541
0.9942593442600541
0.9942593442600541
0.9947969786686562
0.9947969786686562
0.9947969786686562
0.9947969786686562
0.9947969786686562
0.9947969786686562
0.9947969786686562
0.9947969786686562
0.9947969786686562
0.9947969786686562
0.9947969786686562
0.9947969786686562
0.9947969786686562
0.9947969786686562
0.9956139721327085
0.9956139721327085
0.9956139721327085
0.9956139721327085
0.9956139721327085
0.9956139721327085
0.9962374135292172
0.9962374135292172
0.9962374135292172
0.9962374135292172
0.9962374135292172
0.9962374135292172
0.9962374135292172
0.9962374135292172
0.9962374135292172
0.9962374135292172
0.9962374135292172
0.9962374135292172
0.9962374135292172
0.9962374135292172
0.9962374135292172
0.9962374135292172
0.9962374135292172
0.9962374135292172
0.9962374135292172
0.9962374135292172
0.996860854925726
0.9973984893343282
0.9973984893343282
0.9973984893343282
0.9973984893343282
0.9973984893343282
0.9973984893343282
0.9973984893343282
0.9973984893343282
0.9973984893343282
0.9980219307308369
0.9980219307308369
0.9980219307308369
0.9980219307308369
0.9980219307308369
0.9980219307308369
0.9980219307308369
0.9980219307308369
0.9980219307308369
0.9980219307308369
0.9980219307308369
0.9980219307308369
0.9980219307308369
0.9980219307308369
0.9980219307308369
0.9980219307308369
0.9980219307308369
0.9980219307308369
0.9980219307308369
0.9980219307308369
0.9980219307308369
0.9980219307308369
0.9980219307308369
0.9980219307308369
0.9986453721273456
0.9986453721273456
0.9986453721273456
0.9986453721273456
0.9986453721273456
0.9986453721273456
0.9986453721273456
0.9986453721273456
0.9986453721273456
0.9986453721273456
0.9986453721273456
0.9986453721273456
0.9986453721273456
0.9986453721273456
0.9986453721273456
0.9986453721273456
0.9986453721273456
0.9986453721273456
0.9986453721273456
0.9986453721273456
0.9986453721273456
0.9986453721273456
0.9986453721273456
0.9986453721273456
0.9986453721273456
0.9986453721273456
0.9986453721273456
0.9986453721273456
0.9986453721273456
0.9986453721273456
0.9986453721273456
0.9986453721273456
0.9986453721273456
0.9986453721273456
0.9986453721273456
0.9986453721273456
0.9986453721273456
0.9986453721273456
0.9986453721273456
0.9986453721273456
0.9991830065359477
0.9991830065359477
0.9991830065359477
0.9991830065359477
0.9991830065359477
0.9991830065359477
0.9991830065359477
0.9991830065359477
0.9991830065359477
0.9991830065359477
0.9991830065359477
0.9991830065359477
0.9991830065359477
0.9991830065359477
0.9991830065359477
0.9991830065359477
0.9991830065359477
0.9991830065359477
0.9991830065359477
0.9991830065359477
0.9991830065359477
0.9991830065359477
0.9991830065359477
0.9991830065359477
0.9991830065359477
0.9991830065359477
0.9991830065359477
0.9991830065359477
0.9991830065359477
0.9991830065359477
0.9991830065359477
0.9991830065359477
0.9991830065359477
0.9991830065359477
0.9991830065359477
0.9991830065359477
0.9991830065359477
0.9991830065359477
0.9991830065359477
0.9991830065359477
0.9991830065359477
0.9991830065359477
0.9991830065359477
0.9991830065359477
0.9991830065359477
0.9991830065359477
0.9991830065359477
0.9991830065359477
0.9991830065359477
0.9991830065359477
0.9991830065359477
0.9991830065359477
0.9991830065359477
0.9991830065359477
0.9991830065359477
0.9991830065359477
0.9991830065359477
0.9991830065359477
0.9991830065359477
0.9991830065359477
1.0
1.0
