0.11930546365168758
0.22641042191686958
0.3373987730935562
0.39480392269529485
0.4050308022412569
0.42882395322647865
0.4661193453999195
0.509435762680907
0.5205805355285064
0.5340535315163794
0.560970890648915
0.59724826882728
0.6153149971006556
0.6339991759179203
0.6633536636036443
0.694757015374192
0.7014871329434356
0.7099647367728901
0.7186872373168289
0.7337157203535155
0.7458063154471024
0.755703351112252
0.7717356903612007
0.7799491839076016
0.7878109707267456
0.8009481265490402
0.8167801437336794
0.8274015152007763
0.8357799334036566
0.8419076126012575
0.8546804567696276
0.8614954462599134
0.8614954462599134
0.8697652649937244
0.877849075368758
0.888477216832621
0.8951569248217883
0.8980167108406122
0.9015428793725411
0.9099783964748316
0.9154463824786612
0.9171450926923742
0.9221908137534369
0.9221908137534369
0.9255302002145883
0.9255302002145883
0.93101249992395
0.93101249992395
0.9320877687411544
0.9339724066362125
0.9345100410448147
0.9362945582464343
0.9368321926550365
0.9399780270486443
0.9416910509678893
0.9434755681695091
0.9440132025781112
0.9464641022928357
0.9530359845249338
0.9553724498406876
0.960762253242809
0.960762253242809
0.9639080876364168
0.9663446736456094
0.9687669459492697
0.969842214766474
0.9711034112650235
0.9716410456736256
0.9721786800822279
0.9739918246949116
0.9752530211934611
0.9752530211934611
0.9752530211934611
0.9752530211934611
0.977575172803683
0.9798115174259981
0.980972593231109
0.9827571104327286
0.9846274346222548
0.9846274346222548
0.9846274346222548
0.9846274346222548
0.9846274346222548
0.9846274346222548
0.9851650690308569
0.9864262655294065
0.9864262655294065
0.9888342241275347
0.9888342241275347
0.9888342241275347
0.9888342241275347
0.9894576655240435
0.9906187413291544
0.9906187413291544
0.9912421827256631
0.9912421827256631
0.9912421827256631
0.9912421827256631
0.9920591761897154
0.9932202519948263
0.9932202519948263
0.9932202519948263
0.9932202519948263
0.9932202519948263
0.9932202519948263
0.9932202519948263
0.9940372454588786
0.9940372454588786
0.9940372454588786
0.9940372454588786
0.9940372454588786
0.9940372454588786
0.9940372454588786
0.9940372454588786
0.9946750005609195
0.9952126349695216
0.9963880244801645
0.9963880244801645
0.9963880244801645
0.9963880244801645
0.9963880244801645
0.9963880244801645
0.9963880244801645
0.9963880244801645
0.9963880244801645
0.9969256588887667
0.9969256588887667
0.9969256588887667
0.9969256588887667
0.9969256588887667
0.9969256588887667
0.9969256588887667
0.9969256588887667
0.9975634139908076
0.9975634139908076
0.9975634139908076
0.9975634139908076
0.9975634139908076
0.9975634139908076
0.9975634139908076
0.9975634139908076
0.9975634139908076
0.9975634139908076
0.9975634139908076
0.9975634139908076
0.9975634139908076
0.9975634139908076
0.9975634139908076
0.9975634139908076
0.9975634139908076
0.9975634139908076
0.9975634139908076
0.9981868553873163
0.9981868553873163
0.9981868553873163
0.9981868553873163
0.998824610489357
0.998824610489357
0.998824610489357
0.998824610489357
0.998824610489357
0.9993622448979592
0.9993622448979592
0.9993622448979592
0.9993622448979592
0.9993622448979592
0.9993622448979592
0.9993622448979592
0.9993622448979592
0.9993622448979592
0.9993622448979592
0.9993622448979592
0.9993622448979592
0.9993622448979592
0.9993622448979592
0.9993622448979592
0.9993622448979592
0.9993622448979592
0.9993622448979592
0.9993622448979592
0.9993622448979592
0.9993622448979592
0.9993622448979592
0.9993622448979592
0.9993622448979592
0.9993622448979592
1.0
1.0
