0.04238593811289558
0.07424461982781581
0.11543248032067845
0.15408311696226532
0.19274448641025968
0.21417110117566074
0.216457579295824
0.2365595805494562
0.24914975403651463
0.25543945947285224
0.28333216086043034
0.3023970214400269
0.3144222977888679
0.326753997731662
0.3439703179175517
0.375009134192951
0.382810233674418
0.3973927640015493
0.4128082168785862
0.4156331342305901
0.43605249825987324
0.456596073044024
0.48068532301176237
0.4967259487977366
0.5046238599343202
0.5250733136065057
0.5315064239098534
0.5341139190530148
0.549495883760271
0.5544031287759977
0.5772984267309555
0.5871250336958537
0.5883327631644526
0.5958619829089726
0.6027105565552802
0.6243540570451673
0.6385071250268728
0.6483187390418643
0.6558795710939221
0.6618410197131204
0.6750540469638723
0.6836713076570148
0.6968308982527802
0.698501742028887
0.7130167383151522
0.731907051016695
0.738806449275073
0.7439747688492214
0.7510214027892714
0.7572684710149841
0.7696113186676077
0.7796309202482502
0.7842783442418502
0.7892753901559602
0.7937734692004274
0.8007676519253787
0.8086072081574313
0.8137150886798382
0.8202834663720951
0.8242799645754358
0.8281687447064126
0.8281687447064126
0.8307798524264747
0.834436969160318
0.8365127541844727
0.8477602284450831
0.8497070326522029
0.852456625079874
0.8533315157185442
0.8584566306715868
0.8652755638927372
0.8672650593566875
0.8693476794639566
0.871926047546236
0.871926047546236
0.8744976865156815
0.8770434209304585
0.8820731041236517
0.8850370515388787
0.8871128365630333
0.8942455039955937
0.896885632806257
0.8977210546943106
0.8977210546943106
0.903459742142747
0.9055161652518018
0.9063774916945234
0.9084206430511761
0.9111101922315039
0.9119782477870595
0.9174142728591254
0.9271796842791071
0.9298692334594352
0.9309479821109993
0.9309479821109993
0.9318160376665549
0.9326514595546084
0.9335263501932786
0.9356154069698354
0.937704463746392
0.9398797088444313
0.9421661869645946
0.9456676422179798
0.9456676422179798
0.9456676422179798
0.9497756139629154
0.9521910729001133
0.9521910729001133
0.9521910729001133
0.9521910729001133
0.9530591284556689
0.9530591284556689
0.9530591284556689
0.9538945503437224
0.9551155515647236
0.957723046707885
0.9594692154083246
0.9603046372963782
0.9629256966354879
0.9629256966354879
0.9629256966354879
0.9666982299904178
0.9666982299904178
0.9686383050847037
0.9686383050847037
0.9686383050847037
0.9686383050847037
0.9699454946271874
0.9708203852658576
0.9708203852658576
0.9708203852658576
0.9708203852658576
0.971688440821413
0.9725497672641349
0.9742959359645744
0.9742959359645744
0.9742959359645744
0.9742959359645744
0.9751572624072963
0.9760680092196825
0.9760680092196825
0.9760680092196825
0.9760680092196825
0.9760680092196825
0.9769293356624043
0.9769293356624043
0.9769293356624043
0.9769293356624043
0.9769293356624043
0.9769293356624043
0.9769293356624043
0.9769293356624043
0.9777647575504579
0.9777647575504579
0.9777647575504579
0.9777647575504579
0.9786001794385112
0.9786001794385112
0.9786001794385112
0.9786001794385112
0.9786001794385112
0.9786001794385112
0.9786001794385112
0.9786001794385112
0.9786001794385112
0.9794682349940668
0.9794682349940668
0.9794682349940668
0.9794682349940668
0.9794682349940668
0.9805469836456311
0.9822437319764062
0.9822437319764062
0.9822437319764062
0.9822437319764062
0.9835509215188899
0.9835509215188899
0.9835509215188899
0.984758650987489
0.984758650987489
0.9856267065430446
0.9856267065430446
0.9856267065430446
0.9856267065430446
0.9856267065430446
0.9856267065430446
0.9856267065430446
0.9865374533554306
0.9865374533554306
0.987616202006995
0.9912924941826728
0.9912924941826728
0.992203240995059
0.992203240995059
0.992203240995059
0.992203240995059
0.992203240995059
0.992203240995059
0.992203240995059
0.993078131633729
0.993078131633729
0.9939135535217827
0.9939135535217827
0.9939135535217827
0.9939135535217827
0.9947816090773381
0.9947816090773381
0.9947816090773381
0.9947816090773381
0.9947816090773381
0.9947816090773381
0.9956496646328937
0.9956496646328937
0.9956496646328937
0.9956496646328937
0.9956496646328937
0.9956496646328937
0.9956496646328937
0.9956496646328937
0.9956496646328937
0.9965177201884493
0.9973857757440049
0.9973857757440049
0.9973857757440049
0.9973857757440049
0.9982538312995604
0.9982538312995604
0.9982538312995604
0.9982538312995604
0.9982538312995604
0.9982538312995604
0.9982538312995604
0.9982538312995604
0.9982538312995604
0.9982538312995604
0.9982538312995604
0.9982538312995604
0.9982538312995604
0.9982538312995604
0.9982538312995604
0.9982538312995604
0.9982538312995604
0.9982538312995604
0.9982538312995604
0.9982538312995604
0.9982538312995604
0.9982538312995604
0.9982538312995604
0.9982538312995604
0.9982538312995604
0.9982538312995604
0.9982538312995604
0.9982538312995604
0.9982538312995604
0.9982538312995604
0.999089253187614
0.999089253187614
0.999089253187614
0.999089253187614
0.999089253187614
0.999089253187614
0.999089253187614
0.999089253187614
0.999089253187614
0.999089253187614
0.999089253187614
0.999089253187614
0.999089253187614
0.999089253187614
0.999089253187614
0.999089253187614
0.999089253187614
0.999089253187614
0.999089253187614
0.999089253187614
0.999089253187614
0.999089253187614
0.999089253187614
0.999089253187614
0.999089253187614
0.999089253187614
0.999089253187614
0.999089253187614
0.999089253187614
0.999089253187614
0.999089253187614
0.999089253187614
0.999089253187614
0.999089253187614
0.999089253187614
0.999089253187614
0.999089253187614
0.999089253187614
0.999089253187614
0.999089253187614
0.999089253187614
0.999089253187614
0.999089253187614
0.999089253187614
0.999089253187614
0.999089253187614
0.999089253187614
0.999089253187614
0.999089253187614
0.999089253187614
0.999089253187614
0.999089253187614
0.999089253187614
0.999089253187614
0.999089253187614
0.999089253187614
0.999089253187614
0.999089253187614
0.999089253187614
0.999089253187614
0.999089253187614
0.999089253187614
0.999089253187614
0.999089253187614
0.999089253187614
0.999089253187614
0.999089253187614
0.999089253187614
0.999089253187614
1.0
1.0
