0.016046580462336833
0.018143016521037045
0.024295889969507975
0.02635350313823226
0.027940804725533848
0.03719429301466155
0.043336482870853385
0.04903901079560354
0.05098832853439496
0.05863662723960424
0.06702237147440508
0.07121524359180549
0.07121524359180549
0.07639440649454562
0.07639440649454562
0.07939740949754863
0.08134672723634005
0.08344316329504026
0.08644616629804326
0.09063903841544368
0.09732577906444848
0.09732577906444848
0.09732577906444848
0.10003580616471947
0.10213224222341968
0.10693870538239089
0.10693870538239089
0.11113157749979131
0.11113157749979131
0.11113157749979131
0.11113157749979131
0.1131891906685156
0.11724562805828634
0.11919494579707773
0.12078224738437934
0.12236954897168092
0.12507957607195194
0.12507957607195194
0.13433306436107964
0.13797797911710552
0.14412016897329735
0.14658930477576648
0.14658930477576648
0.1532124898056601
0.15516180754445152
0.1572194207131758
0.16122635162069152
0.16122635162069152
0.16122635162069152
0.16491008926669332
0.16491008926669332
0.17445271459879233
0.17654915065749252
0.17813645224479413
0.18019406541351843
0.18019406541351843
0.1864057278096672
0.1930677357295367
0.1999260765501417
0.20202251260884188
0.20697483335063635
0.21178129650960753
0.21387773256830775
0.21387773256830775
0.21756147021430955
0.2227406331170497
0.2227406331170497
0.22483706917574986
0.2278400721787529
0.24012104532257497
0.24012104532257497
0.24170834690987655
0.24666066765167102
0.2482479692389726
0.25030558240769685
0.25301560950796786
0.258194772410708
0.258194772410708
0.2687554158081604
0.2707047335469518
0.2707047335469518
0.2707047335469518
0.2707047335469518
0.2707047335469518
0.27280116960565204
0.2796652459333475
0.28176168199204776
0.28801216727817247
0.2910151702811754
0.2910151702811754
0.29907853857846184
0.3059814377961333
0.3059814377961333
0.3059814377961333
0.3059814377961333
0.3131773129165367
0.3147646145038383
0.31682222767256263
0.3188798408412869
0.3218828438442899
0.32488584684729294
0.3305189022320862
0.33508447409325554
0.3387682117392573
0.34147823883952827
0.34147823883952827
0.34357467489822846
0.34357467489822846
0.34357467489822846
0.35114324976240074
0.35114324976240074
0.353239685821101
0.353239685821101
0.353239685821101
0.3575370145086736
0.3633171882133756
0.36578632401584477
0.3722623907258296
0.3763081445233212
0.3808984491136258
0.38566608938262104
0.3918082792388129
0.3939047152975131
0.3984314642687065
0.3984314642687065
0.40632065427171765
0.4126755961280145
0.4126755961280145
0.4126755961280145
0.4126755961280145
0.42128692178667554
0.42128692178667554
0.42128692178667554
0.42399694888694656
0.425946266625738
0.425946266625738
0.4299920204232296
0.4299920204232296
0.4299920204232296
0.4299920204232296
0.43418489254063003
0.43837776465803047
0.44290451362922384
0.44290451362922384
0.44590751663222694
0.4537169827942011
0.4537169827942011
0.4588961456969412
0.46136528149941036
0.46136528149941036
0.46589203047060374
0.46589203047060374
0.46589203047060374
0.4718980364766098
0.4718980364766098
0.47348533806391135
0.47984027992020817
0.4819367159789084
0.4844058517813776
0.488971423642547
0.4957378881325887
0.5077014035219874
0.5077014035219874
0.5077014035219874
0.5077014035219874
0.5097590166907117
0.5113463182780132
0.5113463182780132
0.5132956360168047
0.5174496852442292
0.5195461213029294
0.5195461213029294
0.5216425573616296
0.523591875100421
0.523591875100421
0.5290640139058931
0.5310133316446846
0.535965652386479
0.5380620884451792
0.5396493900324808
0.5396493900324808
0.5396493900324808
0.5412366916197824
0.5412366916197824
0.5464689079631098
0.5480562095504113
0.5480562095504113
0.5496435111377129
0.5496435111377129
0.5517011243064373
0.555384861952439
0.5595777340698395
0.5595777340698395
0.5636234878673311
0.5636234878673311
0.5685758086091255
0.5706722446678256
0.5736752476708287
0.5787746867325319
0.5787746867325319
0.5787746867325319
0.5787746867325319
0.5787746867325319
0.5787746867325319
0.5831931402737925
0.5831931402737925
0.5831931402737925
0.5868768779197944
0.5916833410787655
0.59680726199216
0.5988648751608845
0.5988648751608845
0.5988648751608845
0.6004521767481861
0.6055516158098891
0.6076480518685893
0.6138985371547141
0.6159949732134145
0.6159949732134145
0.6208014363723857
0.6208014363723857
0.6208014363723857
0.6208014363723857
0.6208014363723857
0.622750754111177
0.6248471901698773
0.6278501931728803
0.6278501931728803
0.6305602202731512
0.6348575489607238
0.6392760025019845
0.6392760025019845
0.6417451383044536
0.6438415743631537
0.645899187531878
0.645899187531878
0.6479956235905782
0.6479956235905782
0.6479956235905782
0.6500920596492783
0.6500920596492783
0.6525611954517474
0.6525611954517474
0.6567540675691479
0.6567540675691479
0.6587033853079391
0.6587033853079391
0.6606527030467306
0.6606527030467306
0.6606527030467306
0.6606527030467306
0.6633627301470018
0.6633627301470018
0.6654591662057019
0.6654591662057019
0.6691040809617278
0.6706913825490294
0.6706913825490294
0.672278684136331
0.672278684136331
0.672278684136331
0.6754532873109341
0.6754532873109341
0.6754532873109341
0.6775109004796585
0.6775109004796585
0.6775109004796585
0.6794602182184498
0.6831439558644516
0.6831439558644516
0.6831439558644516
0.6873368279818521
0.6894332640405524
0.6924362670435554
0.6924362670435554
0.6945327031022557
0.6966291391609558
0.6986867523296801
0.7013967794299512
0.7034932154886513
0.7034932154886513
0.7034932154886513
0.7055896515473514
0.7075389692861429
0.7075389692861429
0.7075389692861429
0.7075389692861429
0.7075389692861429
0.7075389692861429
0.7115954066759136
0.716122155647107
0.7182185917058073
0.7182185917058073
0.7182185917058073
0.7230250548647784
0.7230250548647784
0.7230250548647784
0.7230250548647784
0.72461235645208
0.727615359455083
0.7295646771938745
0.7295646771938745
0.7295646771938745
0.7331012965199675
0.7355704323224366
0.7385734353254396
0.7385734353254396
0.7385734353254396
0.7406698713841399
0.74276630744284
0.7448239206115642
0.7448239206115642
0.7448239206115642
0.7469203566702645
0.7496303837705355
0.7517268198292357
0.7538232558879359
0.7538232558879359
0.7538232558879359
0.7557725736267273
0.7557725736267273
0.7557725736267273
0.7557725736267273
0.7578301867954517
0.7578301867954517
0.7634244192902688
0.7634244192902688
0.7634244192902688
0.7634244192902688
0.7634244192902688
0.7634244192902688
0.7661344463905398
0.7661344463905398
0.7661344463905398
0.7661344463905398
0.7661344463905398
0.7661344463905398
0.7661344463905398
0.7661344463905398
0.7661344463905398
0.7661344463905398
0.7661344463905398
0.7682308824492401
0.7682308824492401
0.7722766362467317
0.774373072305432
0.7764695083641322
0.7764695083641322
0.7764695083641322
0.7764695083641322
0.7780568099514338
0.7780568099514338
0.7821132473412045
0.7842096833999047
0.7842096833999047
0.7842096833999047
0.7861590011386961
0.7861590011386961
0.7888690282389671
0.7888690282389671
0.7909654642976673
0.7930619003563675
0.7946492019436691
0.7946492019436691
0.7967456380023693
0.7967456380023693
0.7967456380023693
0.7967456380023693
0.7988032511710936
0.8003905527583952
0.8031005798586661
0.8051581930273906
0.8051581930273906
0.8051581930273906
0.8102576320890936
0.8127267678915628
0.8127267678915628
0.8127267678915628
0.814823203950263
0.814823203950263
0.8189772531776875
0.8189772531776875
0.8189772531776875
0.8210348663464117
0.8237448934466828
0.8237448934466828
0.8237448934466828
0.8237448934466828
0.8262140292491519
0.8262140292491519
0.8262140292491519
0.8262140292491519
0.8262140292491519
0.8262140292491519
0.828683165051621
0.828683165051621
0.828683165051621
0.8307407782203453
0.8307407782203453
0.8307407782203453
0.8307407782203453
0.8307407782203453
0.8328372142790456
0.8328372142790456
0.8328372142790456
0.8365209519250473
0.8365209519250473
0.8365209519250473
0.8426631417812391
0.846308056537265
0.846308056537265
0.846308056537265
0.8484044925959653
0.8505009286546655
0.8505009286546655
0.8505009286546655
0.8524502463934569
0.8524502463934569
0.8570158182546262
0.8594849540570954
0.8594849540570954
0.8630215733831884
0.8630215733831884
0.8630215733831884
0.8630215733831884
0.8630215733831884
0.8630215733831884
0.8630215733831884
0.8630215733831884
0.8630215733831884
0.8630215733831884
0.8630215733831884
0.8649708911219798
0.8649708911219798
0.8670285042907041
0.8670285042907041
0.8670285042907041
0.8670285042907041
0.8670285042907041
0.8670285042907041
0.8670285042907041
0.8715940761518736
0.8715940761518736
0.8715940761518736
0.8715940761518736
0.8715940761518736
0.8715940761518736
0.8715940761518736
0.8715940761518736
0.8715940761518736
0.8715940761518736
0.8715940761518736
0.8715940761518736
0.8715940761518736
0.8715940761518736
0.8715940761518736
0.8715940761518736
0.8715940761518736
0.8715940761518736
0.8715940761518736
0.8715940761518736
0.8715940761518736
0.8715940761518736
0.8715940761518736
0.8736905122105737
0.8756398299493652
0.8756398299493652
0.8756398299493652
0.8796855837468568
0.8817820198055569
0.8817820198055569
0.8817820198055569
0.8817820198055569
0.8817820198055569
0.8817820198055569
0.8817820198055569
0.8817820198055569
0.8817820198055569
0.8817820198055569
0.8817820198055569
0.8817820198055569
0.8817820198055569
0.8817820198055569
0.8817820198055569
0.8817820198055569
0.8817820198055569
0.8817820198055569
0.8817820198055569
0.88478502280856
0.88478502280856
0.88478502280856
0.88478502280856
0.88478502280856
0.88478502280856
0.88478502280856
0.88478502280856
0.88478502280856
0.8868814588672601
0.8868814588672601
0.8868814588672601
0.8868814588672601
0.8868814588672601
0.8868814588672601
0.8868814588672601
0.8868814588672601
0.8868814588672601
0.8868814588672601
0.890565196513262
0.890565196513262
0.890565196513262
0.890565196513262
0.890565196513262
0.8926228096819862
0.8926228096819862
0.8926228096819862
0.8926228096819862
0.8926228096819862
0.8926228096819862
0.8926228096819862
0.8926228096819862
0.8926228096819862
0.8926228096819862
0.8947192457406863
0.8947192457406863
0.8947192457406863
0.8947192457406863
0.8947192457406863
0.8947192457406863
0.8947192457406863
0.8947192457406863
0.8947192457406863
0.8947192457406863
0.8947192457406863
0.8947192457406863
0.8947192457406863
0.8967768589094107
0.8967768589094107
0.8967768589094107
0.8967768589094107
0.8967768589094107
0.8967768589094107
0.8967768589094107
0.8967768589094107
0.8967768589094107
0.8967768589094107
0.8967768589094107
0.8967768589094107
0.8967768589094107
0.8983641604967123
0.8983641604967123
0.8983641604967123
0.8983641604967123
0.9003134782355038
0.9003134782355038
0.904879050096673
0.904879050096673
0.9075890771969441
0.9075890771969441
0.9102991042972151
0.9102991042972151
0.9102991042972151
0.9102991042972151
0.9102991042972151
0.9102991042972151
0.9102991042972151
0.9102991042972151
0.9102991042972151
0.9102991042972151
0.9102991042972151
0.9102991042972151
0.9102991042972151
0.9102991042972151
0.9123567174659394
0.9123567174659394
0.9123567174659394
0.9123567174659394
0.9123567174659394
0.9123567174659394
0.9144531535246395
0.9144531535246395
0.9144531535246395
0.9144531535246395
0.9144531535246395
0.9144531535246395
0.9144531535246395
0.9144531535246395
0.9174561565276426
0.9174561565276426
0.919405474266434
0.919405474266434
0.919405474266434
0.919405474266434
0.919405474266434
0.919405474266434
0.919405474266434
0.919405474266434
0.919405474266434
0.919405474266434
0.919405474266434
0.9215019103251342
0.9215019103251342
0.9215019103251342
0.9235983463838343
0.9235983463838343
0.9235983463838343
0.9235983463838343
0.9235983463838343
0.9235983463838343
0.9235983463838343
0.9256947824425347
0.9256947824425347
0.9256947824425347
0.9256947824425347
0.9256947824425347
0.9256947824425347
0.9256947824425347
0.9256947824425347
0.9256947824425347
0.9256947824425347
0.9256947824425347
0.9256947824425347
0.9256947824425347
0.9256947824425347
0.9256947824425347
0.9256947824425347
0.9256947824425347
0.9256947824425347
0.9256947824425347
0.9256947824425347
0.9256947824425347
0.9256947824425347
0.9256947824425347
0.9256947824425347
0.9256947824425347
0.9277912185012348
0.9277912185012348
0.9293785200885364
0.9293785200885364
0.9293785200885364
0.9293785200885364
0.9293785200885364
0.9293785200885364
0.9293785200885364
0.9293785200885364
0.9293785200885364
0.9293785200885364
0.9293785200885364
0.9293785200885364
0.9293785200885364
0.9293785200885364
0.9293785200885364
0.9314749561472367
0.9314749561472367
0.9314749561472367
0.9314749561472367
0.9314749561472367
0.9314749561472367
0.9314749561472367
0.9314749561472367
0.9314749561472367
0.9314749561472367
0.9314749561472367
0.9314749561472367
0.9314749561472367
0.9314749561472367
0.9314749561472367
0.9314749561472367
0.9314749561472367
0.9314749561472367
0.9314749561472367
0.9314749561472367
0.9314749561472367
0.9314749561472367
0.9314749561472367
0.9330622577345383
0.9330622577345383
0.9330622577345383
0.9330622577345383
0.9330622577345383
0.9330622577345383
0.9330622577345383
0.9351586937932385
0.9351586937932385
0.9378687208935094
0.9378687208935094
0.9405787479937805
0.9405787479937805
0.9405787479937805
0.9426751840524806
0.9426751840524806
0.9447716201111809
0.9447716201111809
0.946868056169881
0.946868056169881
0.946868056169881
0.946868056169881
0.946868056169881
0.946868056169881
0.9489644922285811
0.9489644922285811
0.9489644922285811
0.9489644922285811
0.9489644922285811
0.9489644922285811
0.9489644922285811
0.9489644922285811
0.9489644922285811
0.9489644922285811
0.9489644922285811
0.9489644922285811
0.9489644922285811
0.9489644922285811
0.9489644922285811
0.9489644922285811
0.9489644922285811
0.9489644922285811
0.9489644922285811
0.9510609282872815
0.9510609282872815
0.9531573643459816
0.9531573643459816
0.9531573643459816
0.9531573643459816
0.9531573643459816
0.9558673914462525
0.9558673914462525
0.9558673914462525
0.9558673914462525
0.9558673914462525
0.9558673914462525
0.9558673914462525
0.9558673914462525
0.9558673914462525
0.9558673914462525
0.9558673914462525
0.9558673914462525
0.9558673914462525
0.9558673914462525
0.9558673914462525
0.9579638275049529
0.9579638275049529
0.9579638275049529
0.9579638275049529
0.9579638275049529
0.9579638275049529
0.9579638275049529
0.9579638275049529
0.9579638275049529
0.9579638275049529
0.9579638275049529
0.9579638275049529
0.9579638275049529
0.9579638275049529
0.9579638275049529
0.9579638275049529
0.9579638275049529
0.9579638275049529
0.9579638275049529
0.9579638275049529
0.9579638275049529
0.9599131452437444
0.9599131452437444
0.9599131452437444
0.9599131452437444
0.9599131452437444
0.9629161482467473
0.9629161482467473
0.9629161482467473
0.9629161482467473
0.9629161482467473
0.9629161482467473
0.9629161482467473
0.9629161482467473
0.9629161482467473
0.9629161482467473
0.9629161482467473
0.9629161482467473
0.9629161482467473
0.9629161482467473
0.9629161482467473
0.9629161482467473
0.9629161482467473
0.9629161482467473
0.9629161482467473
0.9629161482467473
0.9629161482467473
0.9629161482467473
0.9629161482467473
0.9629161482467473
0.9629161482467473
0.9629161482467473
0.9629161482467473
0.9629161482467473
0.9629161482467473
0.9629161482467473
0.9629161482467473
0.9629161482467473
0.9629161482467473
0.9629161482467473
0.9629161482467473
0.9629161482467473
0.9629161482467473
0.9645034498340489
0.9645034498340489
0.9645034498340489
0.9645034498340489
0.9645034498340489
0.9645034498340489
0.9645034498340489
0.9645034498340489
0.9645034498340489
0.9645034498340489
0.9645034498340489
0.9645034498340489
0.9645034498340489
0.9645034498340489
0.9645034498340489
0.9645034498340489
0.9645034498340489
0.9645034498340489
0.9645034498340489
0.9645034498340489
0.9645034498340489
0.9645034498340489
0.9645034498340489
0.9645034498340489
0.9645034498340489
0.9645034498340489
0.9645034498340489
0.9645034498340489
0.9645034498340489
0.9645034498340489
0.9645034498340489
0.9645034498340489
0.9645034498340489
0.9645034498340489
0.9645034498340489
0.9645034498340489
0.9645034498340489
0.9645034498340489
0.9645034498340489
0.9645034498340489
0.9645034498340489
0.9645034498340489
0.9645034498340489
0.9645034498340489
0.9645034498340489
0.9645034498340489
0.9645034498340489
0.9645034498340489
0.9645034498340489
0.9645034498340489
0.9645034498340489
0.9660907514213505
0.9660907514213505
0.9660907514213505
0.9660907514213505
0.9660907514213505
0.9660907514213505
0.9660907514213505
0.9660907514213505
0.9660907514213505
0.9660907514213505
0.9660907514213505
0.9660907514213505
0.9660907514213505
0.9660907514213505
0.9660907514213505
0.9660907514213505
0.9660907514213505
0.9660907514213505
0.9660907514213505
0.9660907514213505
0.9660907514213505
0.9660907514213505
0.9660907514213505
0.9660907514213505
0.9660907514213505
0.9660907514213505
0.9660907514213505
0.9660907514213505
0.9660907514213505
0.9660907514213505
0.9660907514213505
0.9660907514213505
0.9660907514213505
0.9660907514213505
0.9660907514213505
0.9660907514213505
0.9660907514213505
0.9660907514213505
0.9660907514213505
0.9660907514213505
0.9660907514213505
0.9660907514213505
0.9660907514213505
0.9660907514213505
0.9660907514213505
0.9660907514213505
0.9660907514213505
0.9660907514213505
0.9660907514213505
0.9660907514213505
0.9660907514213505
0.9660907514213505
0.9660907514213505
0.9660907514213505
0.9660907514213505
0.9660907514213505
0.9660907514213505
0.9660907514213505
0.9660907514213505
0.9660907514213505
0.9660907514213505
0.9660907514213505
0.9660907514213505
0.9660907514213505
0.9660907514213505
0.9660907514213505
0.9660907514213505
0.9660907514213505
0.9660907514213505
0.9660907514213505
0.9660907514213505
0.9660907514213505
0.9660907514213505
0.9660907514213505
0.9660907514213505
0.9660907514213505
0.9660907514213505
0.9660907514213505
0.9660907514213505
0.9660907514213505
0.9660907514213505
0.9660907514213505
0.9660907514213505
0.9660907514213505
0.9660907514213505
0.9660907514213505
0.9660907514213505
0.9660907514213505
0.9660907514213505
0.9660907514213505
0.9660907514213505
0.9660907514213505
0.9660907514213505
0.9660907514213505
0.9660907514213505
0.9660907514213505
0.9660907514213505
0.9660907514213505
0.9660907514213505
0.9660907514213505
0.9660907514213505
0.9688007785216214
0.9688007785216214
0.9688007785216214
0.970388080108923
0.970388080108923
0.970388080108923
0.970388080108923
0.970388080108923
0.970388080108923
0.970388080108923
0.970388080108923
0.970388080108923
0.970388080108923
0.970388080108923
0.970388080108923
0.970388080108923
0.970388080108923
0.970388080108923
0.970388080108923
0.970388080108923
0.970388080108923
0.970388080108923
0.970388080108923
0.970388080108923
0.970388080108923
0.970388080108923
0.970388080108923
0.970388080108923
0.970388080108923
0.970388080108923
0.970388080108923
0.970388080108923
0.970388080108923
0.970388080108923
0.970388080108923
0.970388080108923
0.970388080108923
0.970388080108923
0.970388080108923
0.970388080108923
0.970388080108923
0.970388080108923
0.970388080108923
0.970388080108923
0.970388080108923
0.970388080108923
0.970388080108923
0.970388080108923
0.970388080108923
0.970388080108923
0.970388080108923
0.970388080108923
0.9724456932776473
0.9724456932776473
0.9724456932776473
0.9724456932776473
0.9724456932776473
0.9724456932776473
0.9724456932776473
0.9740329948649489
0.9740329948649489
0.9740329948649489
0.9740329948649489
0.9740329948649489
0.9740329948649489
0.9740329948649489
0.9740329948649489
0.9740329948649489
0.9740329948649489
0.9740329948649489
0.9740329948649489
0.9740329948649489
0.9740329948649489
0.9740329948649489
0.9740329948649489
0.9740329948649489
0.9740329948649489
0.9740329948649489
0.9740329948649489
0.9740329948649489
0.9740329948649489
0.9740329948649489
0.9740329948649489
0.9740329948649489
0.9740329948649489
0.9740329948649489
0.9740329948649489
0.9740329948649489
0.9740329948649489
0.9740329948649489
0.9740329948649489
0.9740329948649489
0.9740329948649489
0.9740329948649489
0.9740329948649489
0.9740329948649489
0.976129430923649
0.976129430923649
0.976129430923649
0.976129430923649
0.976129430923649
0.976129430923649
0.976129430923649
0.976129430923649
0.976129430923649
0.9782258669823494
0.9782258669823494
0.9782258669823494
0.9782258669823494
0.9782258669823494
0.9782258669823494
0.9782258669823494
0.9782258669823494
0.9782258669823494
0.9782258669823494
0.9782258669823494
0.9782258669823494
0.9782258669823494
0.9782258669823494
0.9782258669823494
0.9782258669823494
0.9782258669823494
0.9782258669823494
0.9782258669823494
0.9782258669823494
0.9782258669823494
0.9782258669823494
0.9782258669823494
0.9782258669823494
0.9782258669823494
0.9782258669823494
0.9782258669823494
0.9782258669823494
0.9782258669823494
0.9782258669823494
0.9782258669823494
0.9782258669823494
0.9803223030410497
0.9803223030410497
0.9803223030410497
0.9803223030410497
0.9803223030410497
0.9803223030410497
0.9803223030410497
0.9803223030410497
0.9803223030410497
0.9803223030410497
0.9803223030410497
0.9803223030410497
0.9803223030410497
0.9803223030410497
0.9803223030410497
0.9803223030410497
0.9803223030410497
0.9803223030410497
0.9803223030410497
0.9803223030410497
0.9803223030410497
0.9803223030410497
0.9803223030410497
0.9803223030410497
0.9803223030410497
0.9803223030410497
0.9803223030410497
0.9803223030410497
0.9803223030410497
0.9803223030410497
0.9803223030410497
0.9803223030410497
0.9803223030410497
0.9803223030410497
0.9803223030410497
0.9803223030410497
0.9803223030410497
0.9803223030410497
0.9803223030410497
0.9803223030410497
0.9803223030410497
0.9803223030410497
0.9803223030410497
0.9803223030410497
0.9803223030410497
0.9803223030410497
0.9803223030410497
0.9803223030410497
0.9803223030410497
0.9827914388435188
0.9827914388435188
0.9827914388435188
0.9827914388435188
0.9827914388435188
0.9827914388435188
0.9827914388435188
0.9827914388435188
0.9827914388435188
0.9827914388435188
0.9827914388435188
0.9827914388435188
0.9827914388435188
0.9827914388435188
0.9827914388435188
0.9827914388435188
0.9827914388435188
0.9827914388435188
0.9827914388435188
0.9827914388435188
0.9827914388435188
0.9827914388435188
0.9827914388435188
0.9827914388435188
0.9827914388435188
0.9827914388435188
0.9827914388435188
0.9827914388435188
0.9827914388435188
0.9847407565823101
0.9847407565823101
0.9847407565823101
0.9847407565823101
0.9847407565823101
0.9847407565823101
0.9847407565823101
0.9847407565823101
0.9847407565823101
0.9847407565823101
0.9847407565823101
0.9847407565823101
0.9847407565823101
0.9847407565823101
0.9847407565823101
0.9847407565823101
0.9847407565823101
0.9847407565823101
0.9847407565823101
0.9847407565823101
0.9847407565823101
0.9847407565823101
0.9847407565823101
0.9847407565823101
0.9847407565823101
0.9847407565823101
0.9847407565823101
0.9847407565823101
0.9847407565823101
0.9847407565823101
0.9847407565823101
0.9847407565823101
0.9847407565823101
0.9847407565823101
0.9847407565823101
0.9847407565823101
0.9847407565823101
0.9847407565823101
0.9847407565823101
0.9847407565823101
0.9847407565823101
0.9847407565823101
0.9847407565823101
0.9847407565823101
0.9847407565823101
0.9847407565823101
0.9847407565823101
0.9847407565823101
0.9847407565823101
0.9847407565823101
0.9847407565823101
0.9847407565823101
0.9847407565823101
0.9847407565823101
0.9847407565823101
0.9847407565823101
0.9847407565823101
0.9847407565823101
0.9847407565823101
0.9847407565823101
0.9847407565823101
0.9847407565823101
0.9847407565823101
0.9847407565823101
0.9847407565823101
0.9847407565823101
0.9847407565823101
0.9847407565823101
0.9847407565823101
0.9847407565823101
0.9847407565823101
0.9847407565823101
0.9847407565823101
0.9847407565823101
0.9847407565823101
0.9847407565823101
0.9847407565823101
0.9847407565823101
0.9847407565823101
0.9847407565823101
0.9847407565823101
0.9847407565823101
0.9847407565823101
0.9847407565823101
0.9847407565823101
0.9847407565823101
0.9847407565823101
0.9847407565823101
0.9847407565823101
0.9847407565823101
0.9847407565823101
0.9847407565823101
0.9847407565823101
0.9847407565823101
0.9847407565823101
0.9847407565823101
0.9847407565823101
0.9847407565823101
0.9847407565823101
0.9847407565823101
0.9847407565823101
0.9847407565823101
0.9847407565823101
0.9847407565823101
0.9847407565823101
0.9847407565823101
0.9847407565823101
0.9847407565823101
0.9847407565823101
0.9847407565823101
0.9847407565823101
0.9847407565823101
0.9847407565823101
0.9847407565823101
0.9847407565823101
0.9847407565823101
0.9847407565823101
0.9847407565823101
0.9847407565823101
0.9847407565823101
0.9847407565823101
0.9847407565823101
0.9847407565823101
0.9847407565823101
0.9847407565823101
0.9847407565823101
0.9847407565823101
0.9872098923847792
0.9872098923847792
0.9872098923847792
0.9872098923847792
0.9872098923847792
0.9872098923847792
0.9872098923847792
0.9872098923847792
0.9872098923847792
0.9872098923847792
0.9872098923847792
0.9872098923847792
0.9872098923847792
0.9872098923847792
0.9872098923847792
0.9872098923847792
0.9872098923847792
0.9872098923847792
0.9872098923847792
0.9872098923847792
0.9872098923847792
0.9872098923847792
0.9872098923847792
0.9872098923847792
0.9872098923847792
0.9872098923847792
0.9872098923847792
0.9872098923847792
0.9872098923847792
0.9872098923847792
0.9921622131265736
0.9921622131265736
0.9921622131265736
0.9921622131265736
0.9921622131265736
0.9921622131265736
0.994258649185274
0.994258649185274
0.994258649185274
0.994258649185274
0.994258649185274
0.994258649185274
0.994258649185274
0.994258649185274
0.994258649185274
0.994258649185274
0.994258649185274
0.994258649185274
0.994258649185274
0.994258649185274
0.994258649185274
0.994258649185274
0.994258649185274
0.994258649185274
0.994258649185274
0.994258649185274
0.994258649185274
0.994258649185274
0.994258649185274
0.994258649185274
0.994258649185274
0.994258649185274
0.994258649185274
0.994258649185274
0.994258649185274
0.994258649185274
0.994258649185274
0.994258649185274
0.994258649185274
0.994258649185274
0.994258649185274
0.994258649185274
0.994258649185274
0.994258649185274
0.994258649185274
0.994258649185274
0.994258649185274
0.994258649185274
0.994258649185274
0.994258649185274
0.994258649185274
0.994258649185274
0.994258649185274
0.994258649185274
0.994258649185274
0.994258649185274
0.994258649185274
0.994258649185274
0.994258649185274
0.994258649185274
0.994258649185274
0.994258649185274
0.994258649185274
0.994258649185274
0.994258649185274
0.994258649185274
0.994258649185274
0.994258649185274
0.994258649185274
0.994258649185274
0.994258649185274
0.994258649185274
0.994258649185274
0.994258649185274
0.994258649185274
0.994258649185274
0.994258649185274
0.994258649185274
0.994258649185274
0.994258649185274
0.994258649185274
0.994258649185274
0.994258649185274
0.994258649185274
0.994258649185274
0.994258649185274
0.994258649185274
0.994258649185274
0.994258649185274
0.994258649185274
0.994258649185274
0.994258649185274
0.994258649185274
0.994258649185274
0.994258649185274
0.994258649185274
0.994258649185274
0.994258649185274
0.994258649185274
0.994258649185274
0.994258649185274
0.994258649185274
0.994258649185274
0.994258649185274
0.994258649185274
0.994258649185274
0.994258649185274
0.994258649185274
0.994258649185274
0.994258649185274
0.994258649185274
0.994258649185274
0.994258649185274
0.994258649185274
0.994258649185274
0.994258649185274
0.994258649185274
0.994258649185274
0.994258649185274
0.994258649185274
0.994258649185274
0.994258649185274
0.994258649185274
0.994258649185274
0.994258649185274
0.994258649185274
0.994258649185274
0.994258649185274
0.994258649185274
0.994258649185274
0.994258649185274
0.994258649185274
0.994258649185274
0.994258649185274
0.994258649185274
0.994258649185274
0.994258649185274
0.994258649185274
0.994258649185274
0.994258649185274
0.994258649185274
0.994258649185274
0.994258649185274
0.994258649185274
0.994258649185274
0.994258649185274
0.994258649185274
0.994258649185274
0.994258649185274
0.994258649185274
0.994258649185274
0.994258649185274
0.994258649185274
0.994258649185274
0.994258649185274
0.994258649185274
0.994258649185274
0.994258649185274
0.994258649185274
0.994258649185274
0.994258649185274
0.994258649185274
0.994258649185274
0.994258649185274
0.994258649185274
0.994258649185274
0.994258649185274
0.994258649185274
0.994258649185274
0.994258649185274
0.994258649185274
0.994258649185274
0.994258649185274
0.994258649185274
0.994258649185274
0.994258649185274
0.994258649185274
0.994258649185274
0.994258649185274
0.994258649185274
0.994258649185274
0.994258649185274
0.994258649185274
0.994258649185274
0.994258649185274
0.994258649185274
0.994258649185274
0.994258649185274
0.994258649185274
0.994258649185274
0.9963550852439741
0.9963550852439741
0.9963550852439741
0.9963550852439741
0.9963550852439741
0.9963550852439741
0.9963550852439741
0.9963550852439741
0.9963550852439741
0.9963550852439741
0.9963550852439741
0.9963550852439741
0.9963550852439741
0.9963550852439741
0.9963550852439741
0.9963550852439741
0.9963550852439741
0.9963550852439741
0.9963550852439741
0.9963550852439741
0.9963550852439741
0.9963550852439741
0.9963550852439741
0.9963550852439741
0.9963550852439741
0.9963550852439741
0.9963550852439741
0.9963550852439741
0.9963550852439741
0.9963550852439741
0.9963550852439741
0.9963550852439741
0.9963550852439741
0.9963550852439741
0.9963550852439741
0.9963550852439741
0.9963550852439741
0.9963550852439741
0.9963550852439741
0.9963550852439741
0.9963550852439741
0.9963550852439741
0.9963550852439741
0.9963550852439741
0.9963550852439741
0.9963550852439741
0.9963550852439741
0.9963550852439741
0.9963550852439741
0.9963550852439741
0.9963550852439741
0.9963550852439741
0.9963550852439741
0.9963550852439741
0.9963550852439741
0.9963550852439741
0.9963550852439741
0.9963550852439741
0.9963550852439741
0.9963550852439741
0.9963550852439741
0.9963550852439741
0.9963550852439741
0.9963550852439741
0.9963550852439741
0.9963550852439741
0.9963550852439741
0.9963550852439741
0.9963550852439741
0.9963550852439741
0.9963550852439741
0.9963550852439741
0.9963550852439741
0.9963550852439741
0.9963550852439741
0.9963550852439741
0.9963550852439741
0.9963550852439741
0.9963550852439741
0.9963550852439741
0.9963550852439741
0.9963550852439741
0.9963550852439741
0.9963550852439741
0.9963550852439741
0.9963550852439741
0.9963550852439741
0.9963550852439741
0.9963550852439741
0.9963550852439741
0.9963550852439741
0.9963550852439741
0.9963550852439741
0.9963550852439741
0.9963550852439741
0.9963550852439741
0.9963550852439741
0.9963550852439741
0.9963550852439741
0.9963550852439741
0.9963550852439741
0.9963550852439741
0.9963550852439741
0.9963550852439741
0.9963550852439741
0.9963550852439741
0.9963550852439741
0.9963550852439741
0.9963550852439741
0.9963550852439741
0.9963550852439741
0.9963550852439741
0.9963550852439741
0.9963550852439741
0.9963550852439741
0.9963550852439741
0.9963550852439741
0.9979423868312757
0.9979423868312757
0.9979423868312757
0.9979423868312757
0.9979423868312757
0.9979423868312757
0.9979423868312757
0.9979423868312757
0.9979423868312757
0.9979423868312757
0.9979423868312757
0.9979423868312757
0.9979423868312757
0.9979423868312757
0.9979423868312757
0.9979423868312757
0.9979423868312757
0.9979423868312757
0.9979423868312757
0.9979423868312757
0.9979423868312757
0.9979423868312757
0.9979423868312757
0.9979423868312757
0.9979423868312757
0.9979423868312757
0.9979423868312757
0.9979423868312757
0.9979423868312757
0.9979423868312757
0.9979423868312757
0.9979423868312757
0.9979423868312757
0.9979423868312757
0.9979423868312757
0.9979423868312757
0.9979423868312757
0.9979423868312757
0.9979423868312757
0.9979423868312757
0.9979423868312757
0.9979423868312757
0.9979423868312757
0.9979423868312757
0.9979423868312757
0.9979423868312757
0.9979423868312757
0.9979423868312757
0.9979423868312757
0.9979423868312757
0.9979423868312757
0.9979423868312757
0.9979423868312757
0.9979423868312757
0.9979423868312757
0.9979423868312757
0.9979423868312757
0.9979423868312757
0.9979423868312757
0.9979423868312757
0.9979423868312757
0.9979423868312757
0.9979423868312757
0.9979423868312757
0.9979423868312757
0.9979423868312757
0.9979423868312757
0.9979423868312757
0.9979423868312757
0.9979423868312757
0.9979423868312757
0.9979423868312757
0.9979423868312757
0.9979423868312757
0.9979423868312757
0.9979423868312757
0.9979423868312757
0.9979423868312757
0.9979423868312757
0.9979423868312757
0.9979423868312757
0.9979423868312757
0.9979423868312757
0.9979423868312757
0.9979423868312757
0.9979423868312757
0.9979423868312757
0.9979423868312757
0.9979423868312757
0.9979423868312757
0.9979423868312757
0.9979423868312757
0.9979423868312757
0.9979423868312757
0.9979423868312757
0.9979423868312757
0.9979423868312757
0.9979423868312757
0.9979423868312757
0.9979423868312757
0.9979423868312757
0.9979423868312757
0.9979423868312757
0.9979423868312757
0.9979423868312757
0.9979423868312757
0.9979423868312757
0.9979423868312757
0.9979423868312757
0.9979423868312757
0.9979423868312757
0.9979423868312757
0.9979423868312757
0.9979423868312757
0.9979423868312757
0.9979423868312757
0.9979423868312757
0.9979423868312757
0.9979423868312757
0.9979423868312757
0.9979423868312757
0.9979423868312757
0.9979423868312757
0.9979423868312757
0.9979423868312757
0.9979423868312757
0.9979423868312757
0.9979423868312757
0.9979423868312757
0.9979423868312757
0.9979423868312757
0.9979423868312757
0.9979423868312757
0.9979423868312757
0.9979423868312757
0.9979423868312757
0.9979423868312757
0.9979423868312757
0.9979423868312757
0.9979423868312757
0.9979423868312757
0.9979423868312757
0.9979423868312757
0.9979423868312757
0.9979423868312757
0.9979423868312757
0.9979423868312757
0.9979423868312757
0.9979423868312757
0.9979423868312757
0.9979423868312757
0.9979423868312757
0.9979423868312757
0.9979423868312757
0.9979423868312757
0.9979423868312757
0.9979423868312757
0.9979423868312757
0.9979423868312757
0.9979423868312757
0.9979423868312757
0.9979423868312757
0.9979423868312757
0.9979423868312757
0.9979423868312757
0.9979423868312757
0.9979423868312757
0.9979423868312757
0.9979423868312757
0.9979423868312757
0.9979423868312757
0.9979423868312757
0.9979423868312757
0.9979423868312757
0.9979423868312757
0.9979423868312757
0.9979423868312757
0.9979423868312757
0.9979423868312757
0.9979423868312757
0.9979423868312757
0.9979423868312757
0.9979423868312757
0.9979423868312757
0.9979423868312757
0.9979423868312757
0.9979423868312757
0.9979423868312757
0.9979423868312757
0.9979423868312757
0.9979423868312757
0.9979423868312757
0.9979423868312757
0.9979423868312757
0.9979423868312757
0.9979423868312757
0.9979423868312757
0.9979423868312757
0.9979423868312757
0.9979423868312757
0.9979423868312757
0.9979423868312757
0.9979423868312757
0.9979423868312757
0.9979423868312757
0.9979423868312757
0.9979423868312757
0.9979423868312757
0.9979423868312757
0.9979423868312757
0.9979423868312757
0.9979423868312757
0.9979423868312757
0.9979423868312757
0.9979423868312757
0.9979423868312757
0.9979423868312757
0.9979423868312757
0.9979423868312757
0.9979423868312757
0.9979423868312757
0.9979423868312757
0.9979423868312757
0.9979423868312757
0.9979423868312757
0.9979423868312757
0.9979423868312757
0.9979423868312757
0.9979423868312757
0.9979423868312757
0.9979423868312757
0.9979423868312757
0.9979423868312757
0.9979423868312757
0.9979423868312757
0.9979423868312757
0.9979423868312757
0.9979423868312757
0.9979423868312757
0.9979423868312757
0.9979423868312757
0.9979423868312757
0.9979423868312757
0.9979423868312757
0.9979423868312757
0.9979423868312757
0.9979423868312757
0.9979423868312757
0.9979423868312757
0.9979423868312757
0.9979423868312757
0.9979423868312757
0.9979423868312757
0.9979423868312757
0.9979423868312757
0.9979423868312757
0.9979423868312757
0.9979423868312757
0.9979423868312757
1.0
1.0
