0.0
0.0
0.0
0.0
0.0
0.0
0.0
0.0
0.0
0.0
0.0
0.0
0.0
0.0
0.0
0.0
0.0012919896640826874
0.0012919896640826874
0.0012919896640826874
0.0012919896640826874
0.0012919896640826874
0.0012919896640826874
0.003996092776230102
0.003996092776230102
0.003996092776230102
0.006700195888377516
0.006700195888377516
0.006700195888377516
0.007882228985304229
0.007882228985304229
0.007882228985304229
0.007882228985304229
0.007882228985304229
0.007882228985304229
0.007882228985304229
0.007882228985304229
0.007882228985304229
0.011796370399445644
0.01681195174481422
0.01681195174481422
0.01681195174481422
0.01681195174481422
0.01681195174481422
0.01681195174481422
0.01681195174481422
0.022165107529004486
0.022165107529004486
0.022165107529004486
0.022165107529004486
0.022165107529004486
0.02766004576127945
0.03438790934436268
0.03438790934436268
0.03438790934436268
0.03438790934436268
0.03438790934436268
0.038204814023336336
0.038204814023336336
0.038204814023336336
0.038204814023336336
0.038204814023336336
0.038204814023336336
0.038204814023336336
0.038204814023336336
0.043285371305773875
0.043285371305773875
0.043285371305773875
0.043285371305773875
0.043285371305773875
0.043285371305773875
0.043285371305773875
0.043285371305773875
0.043285371305773875
0.043285371305773875
0.043285371305773875
0.04446740440270058
0.04446740440270058
0.04598947441792129
0.04598947441792129
0.04598947441792129
0.04598947441792129
0.04598947441792129
0.04598947441792129
0.04598947441792129
0.04877417069576825
0.04877417069576825
0.04877417069576825
0.04877417069576825
0.04877417069576825
0.04877417069576825
0.05262223188975754
0.0538848581523838
0.0538848581523838
0.0538848581523838
0.05540692816760451
0.05540692816760451
0.05540692816760451
0.05540692816760451
0.05540692816760451
0.05540692816760451
0.05540692816760451
0.06100501475884178
0.06100501475884178
0.06603331593619856
0.06603331593619856
0.06603331593619856
0.06603331593619856
0.06603331593619856
0.06603331593619856
0.06603331593619856
0.06603331593619856
0.06603331593619856
0.06603331593619856
0.07145324077101702
0.07405977529244515
0.07405977529244515
0.07544866418133403
0.07544866418133403
0.07826205449472436
0.07826205449472436
0.07826205449472436
0.07826205449472436
0.07826205449472436
0.07826205449472436
0.07826205449472436
0.07826205449472436
0.07826205449472436
0.07826205449472436
0.07826205449472436
0.08501861211335095
0.08501861211335095
0.08501861211335095
0.09000303694370387
0.09000303694370387
0.09000303694370387
0.09525929350308796
0.09525929350308796
0.09664818239197684
0.09664818239197684
0.09664818239197684
0.09664818239197684
0.09664818239197684
0.10175886984859239
0.10175886984859239
0.10294090294551911
0.10294090294551911
0.10294090294551911
0.10294090294551911
0.10294090294551911
0.10294090294551911
0.10294090294551911
0.10412293604244582
0.10551182493133471
0.10551182493133471
0.10551182493133471
0.11112688694759171
0.11112688694759171
0.11112688694759171
0.11112688694759171
0.11112688694759171
0.11112688694759171
0.11112688694759171
0.11112688694759171
0.11112688694759171
0.11112688694759171
0.11112688694759171
0.11112688694759171
0.11112688694759171
0.11526787946067725
0.1194708280288695
0.1194708280288695
0.1194708280288695
0.1194708280288695
0.1194708280288695
0.1194708280288695
0.1194708280288695
0.1194708280288695
0.1194708280288695
0.1194708280288695
0.1194708280288695
0.1194708280288695
0.12074796723704322
0.12074796723704322
0.12446976580476986
0.12446976580476986
0.12573239206739611
0.12702438173147879
0.12702438173147879
0.12702438173147879
0.13348143992636854
0.13348143992636854
0.13348143992636854
0.13348143992636854
0.13348143992636854
0.14105788633260216
0.14105788633260216
0.14105788633260216
0.14105788633260216
0.14105788633260216
0.14105788633260216
0.14105788633260216
0.14105788633260216
0.14234987599668486
0.14361250225931116
0.14361250225931116
0.14361250225931116
0.14361250225931116
0.1501777239077976
0.1501777239077976
0.1501777239077976
0.1501777239077976
0.1501777239077976
0.1501777239077976
0.1501777239077976
0.1501777239077976
0.1501777239077976
0.1501777239077976
0.1501777239077976
0.1501777239077976
0.1501777239077976
0.15391403542107174
0.15391403542107174
0.15391403542107174
0.15391403542107174
0.15391403542107174
0.15391403542107174
0.15391403542107174
0.16538173053782246
0.16538173053782246
0.169522723050908
0.169522723050908
0.169522723050908
0.169522723050908
0.1761682003547324
0.1761682003547324
0.1761682003547324
0.1761682003547324
0.17755708924362132
0.17755708924362132
0.17755708924362132
0.17755708924362132
0.17755708924362132
0.17755708924362132
0.17755708924362132
0.17755708924362132
0.17755708924362132
0.18372354717090097
0.18501553683498365
0.18501553683498365
0.18501553683498365
0.18501553683498365
0.18501553683498365
0.18627816309760992
0.18627816309760992
0.18894419119467248
0.18894419119467248
0.18894419119467248
0.18894419119467248
0.18894419119467248
0.1915133200669289
0.19279045927510255
0.19279045927510255
0.19279045927510255
0.19279045927510255
0.19279045927510255
0.19421496069960398
0.19421496069960398
0.19421496069960398
0.19421496069960398
0.19421496069960398
0.19421496069960398
0.19968019802006096
0.20352646610049105
0.20352646610049105
0.20352646610049105
0.20481845576457372
0.20481845576457372
0.20481845576457372
0.20718252195842718
0.20718252195842718
0.20718252195842718
0.20718252195842718
0.20718252195842718
0.20718252195842718
0.20836455505535387
0.21229320941504268
0.21229320941504268
0.21229320941504268
0.2163695578466108
0.2163695578466108
0.2163695578466108
0.2163695578466108
0.2163695578466108
0.2163695578466108
0.2163695578466108
0.2163695578466108
0.2163695578466108
0.2163695578466108
0.22522961415885023
0.22522961415885023
0.22522961415885023
0.22522961415885023
0.22522961415885023
0.22522961415885023
0.22522961415885023
0.22675168417407088
0.22675168417407088
0.22675168417407088
0.22675168417407088
0.22675168417407088
0.22675168417407088
0.2280288233822446
0.2280288233822446
0.2280288233822446
0.2280288233822446
0.2280288233822446
0.2280288233822446
0.2280288233822446
0.2280288233822446
0.2280288233822446
0.2280288233822446
0.2280288233822446
0.2370090034784661
0.2370090034784661
0.2394681757835665
0.2394681757835665
0.2394681757835665
0.2394681757835665
0.2394681757835665
0.2394681757835665
0.2394681757835665
0.2394681757835665
0.2394681757835665
0.2394681757835665
0.2394681757835665
0.2394681757835665
0.2394681757835665
0.2394681757835665
0.2394681757835665
0.2420390977693821
0.2420390977693821
0.2420390977693821
0.2420390977693821
0.2420390977693821
0.24608642030985528
0.24608642030985528
0.24608642030985528
0.24608642030985528
0.24608642030985528
0.24608642030985528
0.2527191777816916
0.2527191777816916
0.2527191777816916
0.2527191777816916
0.2527191777816916
0.2527191777816916
0.25671280807844943
0.25671280807844943
0.25671280807844943
0.25671280807844943
0.259393686631421
0.259393686631421
0.259393686631421
0.26678605400263117
0.26678605400263117
0.26678605400263117
0.26678605400263117
0.26934033241897853
0.26934033241897853
0.26934033241897853
0.26934033241897853
0.26934033241897853
0.26934033241897853
0.273466474476155
0.273466474476155
0.273466474476155
0.27969165920634753
0.27969165920634753
0.27969165920634753
0.2821363185659005
0.2821363185659005
0.2821363185659005
0.2821363185659005
0.2821363185659005
0.2821363185659005
0.2821363185659005
0.2821363185659005
0.2821363185659005
0.2821363185659005
0.28461034132690993
0.29371465908028327
0.29371465908028327
0.29371465908028327
0.29371465908028327
0.29371465908028327
0.29371465908028327
0.29371465908028327
0.29371465908028327
0.29649935535813027
0.29649935535813027
0.29649935535813027
0.29649935535813027
0.29886342155198364
0.29886342155198364
0.29886342155198364
0.29886342155198364
0.29886342155198364
0.3029539510735477
0.3029539510735477
0.3029539510735477
0.3029539510735477
0.3029539510735477
0.3029539510735477
0.3053986104331007
0.3053986104331007
0.31039754820900106
0.31039754820900106
0.31039754820900106
0.31039754820900106
0.31039754820900106
0.31039754820900106
0.31039754820900106
0.31039754820900106
0.31039754820900106
0.31473367790352513
0.31473367790352513
0.31473367790352513
0.31473367790352513
0.31709774409737856
0.31709774409737856
0.31709774409737856
0.31709774409737856
0.31709774409737856
0.31709774409737856
0.31709774409737856
0.31709774409737856
0.3232147653739743
0.3232147653739743
0.3232147653739743
0.3232147653739743
0.3232147653739743
0.3320998393589487
0.3320998393589487
0.3320998393589487
0.3320998393589487
0.3320998393589487
0.3320998393589487
0.3320998393589487
0.3320998393589487
0.3320998393589487
0.3320998393589487
0.3320998393589487
0.3320998393589487
0.3320998393589487
0.33737060886388026
0.33737060886388026
0.33737060886388026
0.33737060886388026
0.33737060886388026
0.33737060886388026
0.33737060886388026
0.33737060886388026
0.33737060886388026
0.338552641960807
0.338552641960807
0.338552641960807
0.338552641960807
0.34228929098444266
0.34228929098444266
0.34228929098444266
0.34228929098444266
0.34228929098444266
0.34228929098444266
0.34228929098444266
0.3435519172470689
0.3488625548806445
0.3488625548806445
0.3488625548806445
0.3488625548806445
0.3488625548806445
0.35152858297770706
0.35152858297770706
0.3540977118499634
0.3540977118499634
0.3540977118499634
0.3540977118499634
0.3540977118499634
0.3540977118499634
0.3540977118499634
0.3540977118499634
0.3540977118499634
0.3540977118499634
0.3581740602815315
0.36563217036253226
0.36563217036253226
0.36563217036253226
0.36563217036253226
0.36563217036253226
0.36563217036253226
0.36563217036253226
0.36563217036253226
0.36563217036253226
0.36563217036253226
0.36563217036253226
0.36563217036253226
0.36957533766776846
0.37459091901313707
0.37459091901313707
0.37459091901313707
0.3785870117893672
0.3785870117893672
0.3785870117893672
0.38010908180458786
0.38010908180458786
0.38010908180458786
0.38010908180458786
0.38010908180458786
0.38010908180458786
0.38010908180458786
0.3827156163260161
0.3827156163260161
0.3827156163260161
0.3827156163260161
0.3827156163260161
0.3827156163260161
0.3827156163260161
0.3898883608931063
0.3898883608931063
0.3923475331982067
0.3923475331982067
0.3923475331982067
0.39373642208709553
0.39373642208709553
0.39373642208709553
0.39373642208709553
0.39373642208709553
0.39373642208709553
0.39373642208709553
0.39373642208709553
0.39373642208709553
0.39373642208709553
0.39373642208709553
0.39373642208709553
0.39638793723861077
0.39638793723861077
0.39767992690269344
0.39767992690269344
0.39767992690269344
0.39767992690269344
0.39767992690269344
0.4040822665130301
0.4068956568264205
0.4068956568264205
0.4068956568264205
0.4068956568264205
0.4068956568264205
0.4068956568264205
0.4068956568264205
0.4107648176104749
0.4107648176104749
0.41202744387310114
0.41202744387310114
0.41202744387310114
0.41202744387310114
0.41202744387310114
0.41202744387310114
0.41202744387310114
0.41202744387310114
0.41202744387310114
0.41608927935912177
0.41608927935912177
0.4186435577754691
0.4186435577754691
0.4186435577754691
0.4186435577754691
0.4186435577754691
0.4186435577754691
0.41992069698364287
0.41992069698364287
0.41992069698364287
0.41992069698364287
0.41992069698364287
0.41992069698364287
0.41992069698364287
0.42110273008056953
0.42110273008056953
0.42110273008056953
0.42110273008056953
0.42228476317749625
0.42228476317749625
0.42228476317749625
0.42228476317749625
0.42228476317749625
0.42228476317749625
0.43343595572988375
0.43343595572988375
0.43343595572988375
0.4374313791402008
0.4374313791402008
0.4374313791402008
0.4374313791402008
0.4374313791402008
0.4374313791402008
0.4374313791402008
0.4374313791402008
0.4374313791402008
0.4374313791402008
0.4386134122371275
0.4386134122371275
0.4386134122371275
0.4386134122371275
0.44259219207797634
0.44259219207797634
0.44259219207797634
0.44259219207797634
0.44259219207797634
0.44259219207797634
0.44259219207797634
0.44259219207797634
0.44259219207797634
0.4439810809668652
0.4439810809668652
0.4439810809668652
0.45039827103311086
0.45039827103311086
0.45039827103311086
0.45039827103311086
0.45039827103311086
0.453004805554539
0.453004805554539
0.453004805554539
0.453004805554539
0.453004805554539
0.453004805554539
0.453004805554539
0.453004805554539
0.453004805554539
0.4542674318171653
0.4542674318171653
0.4542674318171653
0.4542674318171653
0.4542674318171653
0.4542674318171653
0.45672660412226573
0.45672660412226573
0.4610264519152641
0.4610264519152641
0.4610264519152641
0.4610264519152641
0.4610264519152641
0.4623184415793468
0.4623184415793468
0.4623184415793468
0.4623184415793468
0.4623184415793468
0.4623184415793468
0.4623184415793468
0.4623184415793468
0.4623184415793468
0.4623184415793468
0.4623184415793468
0.4623184415793468
0.46883944937046795
0.46883944937046795
0.47144598389189607
0.47144598389189607
0.47144598389189607
0.47144598389189607
0.47144598389189607
0.47144598389189607
0.47144598389189607
0.47144598389189607
0.47144598389189607
0.47144598389189607
0.47144598389189607
0.47401690587771156
0.47401690587771156
0.47401690587771156
0.47401690587771156
0.4780479418236412
0.4780479418236412
0.4780479418236412
0.4780479418236412
0.48636710695204566
0.48636710695204566
0.48636710695204566
0.48636710695204566
0.48636710695204566
0.4875491400489724
0.4903625303623627
0.4903625303623627
0.4903625303623627
0.4903625303623627
0.4903625303623627
0.4903625303623627
0.4903625303623627
0.49435862313859263
0.49435862313859263
0.49435862313859263
0.49435862313859263
0.49435862313859263
0.49435862313859263
0.49435862313859263
0.49435862313859263
0.49435862313859263
0.49435862313859263
0.49435862313859263
0.49435862313859263
0.49435862313859263
0.49435862313859263
0.49435862313859263
0.49435862313859263
0.49706026377126783
0.5011888683079168
0.5049251798211908
0.5049251798211908
0.5049251798211908
0.5049251798211908
0.5049251798211908
0.5049251798211908
0.5049251798211908
0.5076416709097749
0.5076416709097749
0.5076416709097749
0.5076416709097749
0.5076416709097749
0.5076416709097749
0.5101008432148753
0.5101008432148753
0.5101008432148753
0.5138537982976177
0.5138537982976177
0.5138537982976177
0.5138537982976177
0.5138537982976177
0.5177523224831284
0.5177523224831284
0.5177523224831284
0.5177523224831284
0.5177523224831284
0.5190294616913022
0.5190294616913022
0.5190294616913022
0.5190294616913022
0.5190294616913022
0.5190294616913022
0.5190294616913022
0.522913135420904
0.522913135420904
0.522913135420904
0.522913135420904
0.522913135420904
0.522913135420904
0.5255646505724192
0.5255646505724192
0.5255646505724192
0.5255646505724192
0.5255646505724192
0.5295607433486492
0.5295607433486492
0.5295607433486492
0.5295607433486492
0.5295607433486492
0.5295607433486492
0.5321447226768146
0.5321447226768146
0.533569224101316
0.533569224101316
0.533569224101316
0.533569224101316
0.533569224101316
0.533569224101316
0.533569224101316
0.533569224101316
0.5347512571982427
0.5347512571982427
0.5347512571982427
0.5347512571982427
0.5362733272134634
0.5362733272134634
0.5362733272134634
0.5470259776083201
0.5483031168164938
0.5483031168164938
0.5483031168164938
0.5483031168164938
0.5483031168164938
0.5483031168164938
0.5483031168164938
0.5483031168164938
0.5483031168164938
0.5483031168164938
0.5483031168164938
0.5483031168164938
0.5483031168164938
0.5483031168164938
0.5483031168164938
0.5508573952328413
0.5547054564268304
0.5547054564268304
0.5547054564268304
0.5547054564268304
0.5547054564268304
0.5547054564268304
0.5558874895237572
0.5584584115095728
0.5584584115095728
0.5584584115095728
0.5584584115095728
0.5584584115095728
0.5584584115095728
0.5609030708691258
0.5609030708691258
0.5609030708691258
0.5609030708691258
0.5697334262695473
0.5724350669022225
0.5724350669022225
0.5738239557911112
0.5738239557911112
0.5738239557911112
0.5738239557911112
0.5738239557911112
0.5738239557911112
0.5738239557911112
0.5738239557911112
0.5738239557911112
0.5738239557911112
0.5738239557911112
0.5738239557911112
0.5738239557911112
0.5752484572156127
0.5778030731423216
0.5778030731423216
0.5778030731423216
0.5790656994049478
0.5790656994049478
0.5790656994049478
0.5790656994049478
0.5790656994049478
0.5790656994049478
0.5790656994049478
0.5790656994049478
0.5790656994049478
0.5790656994049478
0.5790656994049478
0.5790656994049478
0.5790656994049478
0.5790656994049478
0.5804545882938368
0.5830611228152649
0.5830611228152649
0.5830611228152649
0.5830611228152649
0.5843237490778912
0.5843237490778912
0.5843237490778912
0.5843237490778912
0.5843237490778912
0.5843237490778912
0.5843237490778912
0.5843237490778912
0.5843237490778912
0.5843237490778912
0.5843237490778912
0.5843237490778912
0.5870278521900386
0.5870278521900386
0.5870278521900386
0.5870278521900386
0.5883198418541213
0.5883198418541213
0.5883198418541213
0.5908889707263776
0.5908889707263776
0.5908889707263776
0.5908889707263776
0.5908889707263776
0.5908889707263776
0.5908889707263776
0.5908889707263776
0.5908889707263776
0.5908889707263776
0.593253036920231
0.593253036920231
0.593253036920231
0.593253036920231
0.593253036920231
0.593253036920231
0.593253036920231
0.593253036920231
0.593253036920231
0.5985089559692535
0.5985089559692535
0.5985089559692535
0.5985089559692535
0.6012130590814011
0.6012130590814011
0.6035771252752544
0.6035771252752544
0.6035771252752544
0.6035771252752544
0.6035771252752544
0.6035771252752544
0.6035771252752544
0.6035771252752544
0.6035771252752544
0.6035771252752544
0.6035771252752544
0.604854264483428
0.604854264483428
0.6101101835324505
0.6101101835324505
0.6101101835324505
0.6101101835324505
0.6101101835324505
0.6101101835324505
0.6168459790713736
0.6168459790713736
0.6207088907212719
0.6207088907212719
0.6207088907212719
0.6207088907212719
0.6207088907212719
0.6207088907212719
0.6207088907212719
0.6207088907212719
0.6231680630263723
0.6231680630263723
0.6231680630263723
0.6271641558026024
0.6271641558026024
0.6271641558026024
0.6271641558026024
0.6312571478036388
0.6324391809005655
0.6324391809005655
0.6324391809005655
0.6324391809005655
0.6324391809005655
0.6324391809005655
0.6324391809005655
0.633863682325067
0.633863682325067
0.633863682325067
0.633863682325067
0.633863682325067
0.633863682325067
0.6352881837495684
0.6380873929729627
0.6380873929729627
0.641840348055705
0.641840348055705
0.641840348055705
0.641840348055705
0.641840348055705
0.6430223811526319
0.6430223811526319
0.6430223811526319
0.6430223811526319
0.6442044142495585
0.6442044142495585
0.6442044142495585
0.6442044142495585
0.6442044142495585
0.6442044142495585
0.6442044142495585
0.6442044142495585
0.6454670405121847
0.6454670405121847
0.6454670405121847
0.6454670405121847
0.6454670405121847
0.6454670405121847
0.6454670405121847
0.6454670405121847
0.6454670405121847
0.6454670405121847
0.6454670405121847
0.6454670405121847
0.6454670405121847
0.6454670405121847
0.6454670405121847
0.6454670405121847
0.6454670405121847
0.6454670405121847
0.6454670405121847
0.6494631332884148
0.6521291613854774
0.6521291613854774
0.6521291613854774
0.6521291613854774
0.6521291613854774
0.6521291613854774
0.6521291613854774
0.6521291613854774
0.6521291613854774
0.6521291613854774
0.6521291613854774
0.6521291613854774
0.6534063005936511
0.6534063005936511
0.6534063005936511
0.6534063005936511
0.6534063005936511
0.6534063005936511
0.6599189342815054
0.6599189342815054
0.6599189342815054
0.6599189342815054
0.6599189342815054
0.661441004296726
0.661441004296726
0.661441004296726
0.661441004296726
0.661441004296726
0.661441004296726
0.661441004296726
0.661441004296726
0.661441004296726
0.661441004296726
0.661441004296726
0.661441004296726
0.661441004296726
0.661441004296726
0.6663741993628359
0.6675562324597626
0.6675562324597626
0.6675562324597626
0.6675562324597626
0.6675562324597626
0.6675562324597626
0.6675562324597626
0.6675562324597626
0.6675562324597626
0.6675562324597626
0.6700008918193157
0.6700008918193157
0.6700008918193157
0.6700008918193157
0.6700008918193157
0.6700008918193157
0.6700008918193157
0.6712780310274893
0.672460064124416
0.672460064124416
0.672460064124416
0.672460064124416
0.672460064124416
0.672460064124416
0.672460064124416
0.672460064124416
0.672460064124416
0.6738845655489174
0.6738845655489174
0.6738845655489174
0.6738845655489174
0.6753090669734187
0.6753090669734187
0.6753090669734187
0.6753090669734187
0.6753090669734187
0.6753090669734187
0.6766010566375015
0.6766010566375015
0.6766010566375015
0.6766010566375015
0.6766010566375015
0.6766010566375015
0.6766010566375015
0.6803228552052282
0.6803228552052282
0.6815854814678545
0.6815854814678545
0.6815854814678545
0.6815854814678545
0.6815854814678545
0.6815854814678545
0.6815854814678545
0.6815854814678545
0.6815854814678545
0.6815854814678545
0.6828626206760281
0.6828626206760281
0.6828626206760281
0.6828626206760281
0.6828626206760281
0.6854691551974562
0.6854691551974562
0.6854691551974562
0.6854691551974562
0.6854691551974562
0.6854691551974562
0.6854691551974562
0.6854691551974562
0.6854691551974562
0.6854691551974562
0.6854691551974562
0.6854691551974562
0.6854691551974562
0.6854691551974562
0.6880531345256216
0.6880531345256216
0.6906077504523306
0.693066922757431
0.693066922757431
0.693066922757431
0.693066922757431
0.693066922757431
0.693066922757431
0.693066922757431
0.693066922757431
0.693066922757431
0.693066922757431
0.693066922757431
0.693066922757431
0.693066922757431
0.6959778816615406
0.6959778816615406
0.6959778816615406
0.6987625779393876
0.7026462516689893
0.7026462516689893
0.7026462516689893
0.7026462516689893
0.7026462516689893
0.703828284765916
0.703828284765916
0.703828284765916
0.703828284765916
0.703828284765916
0.703828284765916
0.703828284765916
0.703828284765916
0.703828284765916
0.703828284765916
0.703828284765916
0.703828284765916
0.706529925398591
0.7118405630321667
0.7118405630321667
0.7118405630321667
0.7118405630321667
0.7118405630321667
0.7118405630321667
0.7118405630321667
0.7118405630321667
0.7118405630321667
0.7118405630321667
0.7130225961290935
0.7130225961290935
0.7130225961290935
0.7130225961290935
0.7130225961290935
0.7130225961290935
0.7154672554886463
0.7154672554886463
0.7154672554886463
0.7218101015233486
0.7218101015233486
0.7218101015233486
0.7218101015233486
0.7218101015233486
0.7218101015233486
0.7218101015233486
0.7218101015233486
0.7218101015233486
0.7218101015233486
0.7218101015233486
0.7218101015233486
0.7218101015233486
0.7218101015233486
0.7296898680291806
0.7296898680291806
0.7296898680291806
0.7296898680291806
0.7296898680291806
0.7296898680291806
0.7296898680291806
0.7296898680291806
0.7296898680291806
0.7296898680291806
0.7296898680291806
0.7296898680291806
0.7296898680291806
0.7296898680291806
0.7296898680291806
0.7296898680291806
0.7296898680291806
0.7309670072373542
0.7309670072373542
0.7309670072373542
0.7309670072373542
0.7309670072373542
0.7309670072373542
0.7309670072373542
0.7323558961262431
0.7323558961262431
0.7323558961262431
0.7323558961262431
0.7323558961262431
0.7323558961262431
0.7323558961262431
0.7323558961262431
0.7323558961262431
0.7323558961262431
0.7359971015282702
0.7359971015282702
0.7359971015282702
0.7359971015282702
0.7359971015282702
0.7359971015282702
0.7359971015282702
0.7359971015282702
0.7359971015282702
0.7384417608878233
0.7384417608878233
0.7384417608878233
0.7384417608878233
0.7384417608878233
0.7384417608878233
0.7384417608878233
0.7384417608878233
0.743729843328136
0.743729843328136
0.743729843328136
0.743729843328136
0.743729843328136
0.743729843328136
0.743729843328136
0.743729843328136
0.743729843328136
0.743729843328136
0.743729843328136
0.7462989722003924
0.7462989722003924
0.7462989722003924
0.7462989722003924
0.7462989722003924
0.7462989722003924
0.7462989722003924
0.7462989722003924
0.7462989722003924
0.7462989722003924
0.7462989722003924
0.7462989722003924
0.7462989722003924
0.7462989722003924
0.7462989722003924
0.7462989722003924
0.7462989722003924
0.7462989722003924
0.7462989722003924
0.750145577791184
0.750145577791184
0.750145577791184
0.750145577791184
0.755270778193347
0.755270778193347
0.755270778193347
0.755270778193347
0.755270778193347
0.755270778193347
0.755270778193347
0.755270778193347
0.755270778193347
0.755270778193347
0.755270778193347
0.755270778193347
0.755270778193347
0.755270778193347
0.755270778193347
0.7581197810423499
0.7581197810423499
0.7606889099146062
0.7606889099146062
0.7606889099146062
0.7606889099146062
0.7606889099146062
0.7606889099146062
0.7606889099146062
0.7606889099146062
0.7606889099146062
0.7606889099146062
0.7606889099146062
0.7606889099146062
0.762210979929827
0.762210979929827
0.762210979929827
0.762210979929827
0.762210979929827
0.7686939127058632
0.7686939127058632
0.7686939127058632
0.7686939127058632
0.7686939127058632
0.7686939127058632
0.7686939127058632
0.7686939127058632
0.7712630415781195
0.7712630415781195
0.7712630415781195
0.7712630415781195
0.7712630415781195
0.7712630415781195
0.7712630415781195
0.7712630415781195
0.7712630415781195
0.7761813861883202
0.7761813861883202
0.7791279576280424
0.7791279576280424
0.7791279576280424
0.7791279576280424
0.7791279576280424
0.7791279576280424
0.7791279576280424
0.7791279576280424
0.7791279576280424
0.7791279576280424
0.7791279576280424
0.7791279576280424
0.7791279576280424
0.7791279576280424
0.7791279576280424
0.7840466397486049
0.7840466397486049
0.7840466397486049
0.7840466397486049
0.7867126678456675
0.7867126678456675
0.7867126678456675
0.7867126678456675
0.7867126678456675
0.7867126678456675
0.7867126678456675
0.7867126678456675
0.7867126678456675
0.7867126678456675
0.7867126678456675
0.7867126678456675
0.7867126678456675
0.7879898070538413
0.7879898070538413
0.7879898070538413
0.7879898070538413
0.7879898070538413
0.7879898070538413
0.7879898070538413
0.7879898070538413
0.7879898070538413
0.7891718401507679
0.7891718401507679
0.7891718401507679
0.7891718401507679
0.7891718401507679
0.7891718401507679
0.7891718401507679
0.7891718401507679
0.7916970926760204
0.7916970926760204
0.7916970926760204
0.7916970926760204
0.7916970926760204
0.7916970926760204
0.7916970926760204
0.7916970926760204
0.793219162691241
0.793219162691241
0.793219162691241
0.793219162691241
0.793219162691241
0.793219162691241
0.793219162691241
0.793219162691241
0.793219162691241
0.7944817889538673
0.7944817889538673
0.7944817889538673
0.7944817889538673
0.7944817889538673
0.7944817889538673
0.7944817889538673
0.7944817889538673
0.7944817889538673
0.7944817889538673
0.795758928162041
0.795758928162041
0.795758928162041
0.795758928162041
0.7972809981772618
0.7972809981772618
0.7972809981772618
0.8000802074006561
0.8000802074006561
0.8000802074006561
0.8000802074006561
0.8000802074006561
0.8000802074006561
0.8000802074006561
0.8000802074006561
0.8000802074006561
0.8000802074006561
0.8000802074006561
0.8000802074006561
0.8013721970647387
0.8013721970647387
0.8013721970647387
0.8013721970647387
0.8013721970647387
0.8054838261763678
0.8054838261763678
0.8054838261763678
0.8054838261763678
0.8054838261763678
0.8054838261763678
0.8054838261763678
0.8054838261763678
0.8054838261763678
0.8054838261763678
0.8054838261763678
0.8054838261763678
0.8054838261763678
0.8054838261763678
0.8069083276008693
0.8069083276008693
0.8069083276008693
0.8081709538634956
0.8081709538634956
0.8081709538634956
0.8081709538634956
0.8081709538634956
0.8081709538634956
0.8081709538634956
0.8081709538634956
0.8081709538634956
0.8081709538634956
0.8081709538634956
0.8081709538634956
0.8081709538634956
0.8081709538634956
0.8081709538634956
0.8081709538634956
0.8081709538634956
0.8081709538634956
0.8081709538634956
0.8081709538634956
0.8081709538634956
0.8081709538634956
0.8081709538634956
0.8081709538634956
0.8081709538634956
0.8081709538634956
0.8081709538634956
0.8081709538634956
0.8081709538634956
0.8094629435275782
0.8094629435275782
0.8094629435275782
0.8094629435275782
0.8094629435275782
0.81568992137133
0.8232148005029589
0.8232148005029589
0.8232148005029589
0.8232148005029589
0.8232148005029589
0.8232148005029589
0.8232148005029589
0.8232148005029589
0.8232148005029589
0.8232148005029589
0.8232148005029589
0.8232148005029589
0.8232148005029589
0.8232148005029589
0.8232148005029589
0.8232148005029589
0.8262589405334003
0.8262589405334003
0.8262589405334003
0.8275215667960265
0.8275215667960265
0.8275215667960265
0.8275215667960265
0.8275215667960265
0.8275215667960265
0.8275215667960265
0.8275215667960265
0.8275215667960265
0.8275215667960265
0.8275215667960265
0.8275215667960265
0.8275215667960265
0.8275215667960265
0.8298856329898799
0.8298856329898799
0.8298856329898799
0.8298856329898799
0.8298856329898799
0.8323448052949804
0.8323448052949804
0.8323448052949804
0.8323448052949804
0.8323448052949804
0.8323448052949804
0.8323448052949804
0.8323448052949804
0.8323448052949804
0.8323448052949804
0.8323448052949804
0.8323448052949804
0.8360977603777228
0.8360977603777228
0.8360977603777228
0.8360977603777228
0.8360977603777228
0.8360977603777228
0.8360977603777228
0.8387848880648503
0.8387848880648503
0.8387848880648503
0.8387848880648503
0.8387848880648503
0.8387848880648503
0.8387848880648503
0.8387848880648503
0.8387848880648503
0.8387848880648503
0.841450916161913
0.841450916161913
0.841450916161913
0.841450916161913
0.841450916161913
0.841450916161913
0.841450916161913
0.841450916161913
0.841450916161913
0.8441550192740603
0.8441550192740603
0.8441550192740603
0.8441550192740603
0.8441550192740603
0.8441550192740603
0.8441550192740603
0.8441550192740603
0.8441550192740603
0.8441550192740603
0.8441550192740603
0.845447008938143
0.845447008938143
0.845447008938143
0.845447008938143
0.845447008938143
0.845447008938143
0.845447008938143
0.845447008938143
0.8467096352007693
0.8467096352007693
0.8467096352007693
0.8467096352007693
0.8467096352007693
0.8467096352007693
0.8492494006715694
0.8492494006715694
0.8492494006715694
0.8492494006715694
0.8492494006715694
0.8492494006715694
0.8492494006715694
0.8492494006715694
0.8492494006715694
0.8492494006715694
0.8492494006715694
0.8492494006715694
0.8492494006715694
0.8492494006715694
0.8492494006715694
0.8492494006715694
0.8492494006715694
0.8504314337684961
0.8504314337684961
0.8504314337684961
0.8504314337684961
0.8504314337684961
0.8504314337684961
0.8504314337684961
0.8504314337684961
0.8504314337684961
0.8504314337684961
0.8504314337684961
0.8504314337684961
0.8504314337684961
0.8504314337684961
0.8504314337684961
0.8504314337684961
0.8504314337684961
0.8545575758256727
0.8545575758256727
0.8545575758256727
0.8545575758256727
0.8545575758256727
0.8545575758256727
0.8545575758256727
0.8545575758256727
0.8545575758256727
0.8545575758256727
0.8545575758256727
0.8545575758256727
0.8545575758256727
0.8545575758256727
0.8545575758256727
0.8545575758256727
0.8545575758256727
0.8600394567155978
0.8600394567155978
0.8600394567155978
0.8600394567155978
0.8600394567155978
0.8600394567155978
0.8600394567155978
0.8600394567155978
0.8600394567155978
0.8600394567155978
0.8600394567155978
0.8600394567155978
0.8600394567155978
0.8600394567155978
0.8600394567155978
0.8600394567155978
0.8600394567155978
0.8625792221863978
0.8625792221863978
0.8690468752441649
0.8690468752441649
0.8690468752441649
0.8690468752441649
0.8690468752441649
0.8690468752441649
0.8690468752441649
0.8690468752441649
0.8690468752441649
0.8690468752441649
0.8690468752441649
0.8690468752441649
0.8690468752441649
0.8690468752441649
0.8690468752441649
0.8728931433245951
0.8728931433245951
0.8728931433245951
0.8728931433245951
0.8769549788106157
0.8769549788106157
0.8769549788106157
0.8769549788106157
0.8769549788106157
0.8769549788106157
0.8769549788106157
0.8769549788106157
0.8769549788106157
0.8769549788106157
0.8769549788106157
0.8769549788106157
0.8769549788106157
0.8822257483155472
0.8822257483155472
0.8822257483155472
0.8822257483155472
0.8822257483155472
0.8822257483155472
0.8846849206206477
0.8846849206206477
0.8846849206206477
0.8846849206206477
0.8846849206206477
0.8846849206206477
0.8846849206206477
0.8846849206206477
0.8846849206206477
0.8846849206206477
0.8846849206206477
0.8872246860914476
0.8872246860914476
0.8872246860914476
0.8872246860914476
0.8872246860914476
0.8872246860914476
0.8872246860914476
0.8872246860914476
0.8887467561066683
0.8887467561066683
0.8887467561066683
0.8887467561066683
0.8887467561066683
0.8887467561066683
0.8887467561066683
0.8887467561066683
0.8887467561066683
0.890038745770751
0.890038745770751
0.890038745770751
0.890038745770751
0.890038745770751
0.890038745770751
0.890038745770751
0.890038745770751
0.890038745770751
0.890038745770751
0.8927196243237225
0.8927196243237225
0.8927196243237225
0.8927196243237225
0.8927196243237225
0.8927196243237225
0.8927196243237225
0.8927196243237225
0.8927196243237225
0.8927196243237225
0.8927196243237225
0.8927196243237225
0.8927196243237225
0.8927196243237225
0.8927196243237225
0.8927196243237225
0.8927196243237225
0.8927196243237225
0.8927196243237225
0.8927196243237225
0.8927196243237225
0.8927196243237225
0.8927196243237225
0.8927196243237225
0.8951642836832756
0.8951642836832756
0.8951642836832756
0.8951642836832756
0.8951642836832756
0.8951642836832756
0.8951642836832756
0.8951642836832756
0.8951642836832756
0.8951642836832756
0.8951642836832756
0.8951642836832756
0.8951642836832756
0.8951642836832756
0.8951642836832756
0.8951642836832756
0.8951642836832756
0.8951642836832756
0.8951642836832756
0.8951642836832756
0.8951642836832756
0.8951642836832756
0.8951642836832756
0.8951642836832756
0.8951642836832756
0.8951642836832756
0.8951642836832756
0.8951642836832756
0.8951642836832756
0.8951642836832756
0.8951642836832756
0.8951642836832756
0.8951642836832756
0.8951642836832756
0.8992548132048395
0.8992548132048395
0.8992548132048395
0.8992548132048395
0.8992548132048395
0.8992548132048395
0.8992548132048395
0.8992548132048395
0.8992548132048395
0.8992548132048395
0.8992548132048395
0.8992548132048395
0.8992548132048395
0.8992548132048395
0.8992548132048395
0.8992548132048395
0.8992548132048395
0.9031014187956311
0.9092017965027588
0.9092017965027588
0.9092017965027588
0.9092017965027588
0.9092017965027588
0.9092017965027588
0.9092017965027588
0.9092017965027588
0.9103838295996854
0.9103838295996854
0.9103838295996854
0.9103838295996854
0.9103838295996854
0.9103838295996854
0.9103838295996854
0.9103838295996854
0.9118083310241869
0.9118083310241869
0.9118083310241869
0.9143774598964431
0.9143774598964431
0.9143774598964431
0.9143774598964431
0.9143774598964431
0.9143774598964431
0.9143774598964431
0.9143774598964431
0.9143774598964431
0.9143774598964431
0.9143774598964431
0.9143774598964431
0.9143774598964431
0.9143774598964431
0.9143774598964431
0.9143774598964431
0.9143774598964431
0.9143774598964431
0.9143774598964431
0.9158019613209445
0.9158019613209445
0.9158019613209445
0.9158019613209445
0.9158019613209445
0.9158019613209445
0.9158019613209445
0.9158019613209445
0.9158019613209445
0.9158019613209445
0.9158019613209445
0.9158019613209445
0.9183417267917444
0.9183417267917444
0.9183417267917444
0.9183417267917444
0.9183417267917444
0.9183417267917444
0.9183417267917444
0.9183417267917444
0.9183417267917444
0.9183417267917444
0.9183417267917444
0.9183417267917444
0.9183417267917444
0.9183417267917444
0.9183417267917444
0.9183417267917444
0.9183417267917444
0.9195237598886712
0.9195237598886712
0.9195237598886712
0.9195237598886712
0.9195237598886712
0.9195237598886712
0.9195237598886712
0.9195237598886712
0.9195237598886712
0.9195237598886712
0.9195237598886712
0.9195237598886712
0.9195237598886712
0.9195237598886712
0.9195237598886712
0.9195237598886712
0.9195237598886712
0.9220635253594713
0.9220635253594713
0.9220635253594713
0.9220635253594713
0.9220635253594713
0.9220635253594713
0.9220635253594713
0.9220635253594713
0.9220635253594713
0.9220635253594713
0.9220635253594713
0.9220635253594713
0.9220635253594713
0.9220635253594713
0.9220635253594713
0.9220635253594713
0.9220635253594713
0.923585595374692
0.923585595374692
0.923585595374692
0.923585595374692
0.923585595374692
0.923585595374692
0.923585595374692
0.923585595374692
0.923585595374692
0.923585595374692
0.923585595374692
0.923585595374692
0.923585595374692
0.923585595374692
0.923585595374692
0.923585595374692
0.923585595374692
0.9249744842635808
0.9249744842635808
0.9249744842635808
0.9249744842635808
0.9249744842635808
0.9249744842635808
0.9249744842635808
0.9249744842635808
0.9249744842635808
0.9249744842635808
0.9249744842635808
0.9249744842635808
0.9249744842635808
0.9249744842635808
0.9249744842635808
0.9262516234717544
0.9262516234717544
0.9262516234717544
0.9262516234717544
0.9262516234717544
0.9262516234717544
0.9262516234717544
0.9262516234717544
0.9262516234717544
0.9262516234717544
0.9262516234717544
0.9262516234717544
0.9262516234717544
0.9262516234717544
0.9262516234717544
0.9262516234717544
0.9262516234717544
0.9262516234717544
0.9262516234717544
0.928710795776855
0.928710795776855
0.928710795776855
0.928710795776855
0.928710795776855
0.928710795776855
0.928710795776855
0.928710795776855
0.928710795776855
0.928710795776855
0.928710795776855
0.928710795776855
0.928710795776855
0.928710795776855
0.928710795776855
0.928710795776855
0.928710795776855
0.9338740711941027
0.9338740711941027
0.936918211224544
0.936918211224544
0.936918211224544
0.936918211224544
0.936918211224544
0.936918211224544
0.936918211224544
0.936918211224544
0.936918211224544
0.936918211224544
0.936918211224544
0.936918211224544
0.936918211224544
0.936918211224544
0.936918211224544
0.9381808374871703
0.9381808374871703
0.9381808374871703
0.9381808374871703
0.9381808374871703
0.9381808374871703
0.9381808374871703
0.9381808374871703
0.9381808374871703
0.9381808374871703
0.9381808374871703
0.9381808374871703
0.9381808374871703
0.9381808374871703
0.9381808374871703
0.9381808374871703
0.9381808374871703
0.9381808374871703
0.9381808374871703
0.9381808374871703
0.9381808374871703
0.9381808374871703
0.9381808374871703
0.9411274089268924
0.9411274089268924
0.9411274089268924
0.9411274089268924
0.9411274089268924
0.9411274089268924
0.9411274089268924
0.9411274089268924
0.9411274089268924
0.9411274089268924
0.9411274089268924
0.9436983309127078
0.9436983309127078
0.9436983309127078
0.9436983309127078
0.9436983309127078
0.9436983309127078
0.9436983309127078
0.9436983309127078
0.9436983309127078
0.9436983309127078
0.9436983309127078
0.9436983309127078
0.9436983309127078
0.9436983309127078
0.9436983309127078
0.9436983309127078
0.9436983309127078
0.9436983309127078
0.9436983309127078
0.9436983309127078
0.9436983309127078
0.9436983309127078
0.9436983309127078
0.9436983309127078
0.9436983309127078
0.9436983309127078
0.9436983309127078
0.9451228323372093
0.9451228323372093
0.9451228323372093
0.9451228323372093
0.9451228323372093
0.9451228323372093
0.9451228323372093
0.9477888604342719
0.9477888604342719
0.9477888604342719
0.9477888604342719
0.9477888604342719
0.9477888604342719
0.9477888604342719
0.9477888604342719
0.9477888604342719
0.9477888604342719
0.9477888604342719
0.9477888604342719
0.9515400224034553
0.9515400224034553
0.9515400224034553
0.9515400224034553
0.9515400224034553
0.9515400224034553
0.9515400224034553
0.9515400224034553
0.9515400224034553
0.9515400224034553
0.9515400224034553
0.9515400224034553
0.9515400224034553
0.9515400224034553
0.9515400224034553
0.9515400224034553
0.9515400224034553
0.9515400224034553
0.9515400224034553
0.9515400224034553
0.9515400224034553
0.9515400224034553
0.9515400224034553
0.9515400224034553
0.9515400224034553
0.9515400224034553
0.9515400224034553
0.9515400224034553
0.9515400224034553
0.9515400224034553
0.9515400224034553
0.9515400224034553
0.9515400224034553
0.9515400224034553
0.9515400224034553
0.9515400224034553
0.9515400224034553
0.9515400224034553
0.9515400224034553
0.9515400224034553
0.9515400224034553
0.9515400224034553
0.9515400224034553
0.9515400224034553
0.9515400224034553
0.9515400224034553
0.9515400224034553
0.9515400224034553
0.9515400224034553
0.9515400224034553
0.9515400224034553
0.9515400224034553
0.9515400224034553
0.9515400224034553
0.9515400224034553
0.9515400224034553
0.9553735706518971
0.9581876303312004
0.9581876303312004
0.9581876303312004
0.9581876303312004
0.9581876303312004
0.9581876303312004
0.9581876303312004
0.9581876303312004
0.9594502565938267
0.9594502565938267
0.9594502565938267
0.9594502565938267
0.9594502565938267
0.9594502565938267
0.9594502565938267
0.9594502565938267
0.9594502565938267
0.9594502565938267
0.9594502565938267
0.9607422462579094
0.9607422462579094
0.9607422462579094
0.9607422462579094
0.9607422462579094
0.9607422462579094
0.9607422462579094
0.9607422462579094
0.9607422462579094
0.9607422462579094
0.9607422462579094
0.9621311351467983
0.9621311351467983
0.9621311351467983
0.9621311351467983
0.9621311351467983
0.9621311351467983
0.9621311351467983
0.9621311351467983
0.9646051579078078
0.9646051579078078
0.9646051579078078
0.9646051579078078
0.9646051579078078
0.9646051579078078
0.9646051579078078
0.9646051579078078
0.9646051579078078
0.9646051579078078
0.9646051579078078
0.9646051579078078
0.9646051579078078
0.9646051579078078
0.9646051579078078
0.9646051579078078
0.9646051579078078
0.9646051579078078
0.9646051579078078
0.9646051579078078
0.9646051579078078
0.9646051579078078
0.9646051579078078
0.9646051579078078
0.9646051579078078
0.9646051579078078
0.9646051579078078
0.9646051579078078
0.9646051579078078
0.9646051579078078
0.9646051579078078
0.9646051579078078
0.9646051579078078
0.9646051579078078
0.9646051579078078
0.9646051579078078
0.9646051579078078
0.9646051579078078
0.9646051579078078
0.9646051579078078
0.9646051579078078
0.9646051579078078
0.9646051579078078
0.9646051579078078
0.9646051579078078
0.9646051579078078
0.9646051579078078
0.9646051579078078
0.9646051579078078
0.9646051579078078
0.9646051579078078
0.9646051579078078
0.9646051579078078
0.9646051579078078
0.9646051579078078
0.9646051579078078
0.9646051579078078
0.9646051579078078
0.9646051579078078
0.9646051579078078
0.9646051579078078
0.9646051579078078
0.9646051579078078
0.9646051579078078
0.9646051579078078
0.9646051579078078
0.9646051579078078
0.9646051579078078
0.9646051579078078
0.9646051579078078
0.9646051579078078
0.9646051579078078
0.9646051579078078
0.9646051579078078
0.9646051579078078
0.9646051579078078
0.9646051579078078
0.9646051579078078
0.9646051579078078
0.9646051579078078
0.9658822971159814
0.9658822971159814
0.9658822971159814
0.9658822971159814
0.9658822971159814
0.9658822971159814
0.9658822971159814
0.9658822971159814
0.9658822971159814
0.9658822971159814
0.9658822971159814
0.9658822971159814
0.9658822971159814
0.9658822971159814
0.9658822971159814
0.9658822971159814
0.9658822971159814
0.9658822971159814
0.9658822971159814
0.9658822971159814
0.9658822971159814
0.9658822971159814
0.9658822971159814
0.9658822971159814
0.9658822971159814
0.9658822971159814
0.9658822971159814
0.967064330212908
0.967064330212908
0.967064330212908
0.967064330212908
0.967064330212908
0.967064330212908
0.967064330212908
0.967064330212908
0.967064330212908
0.967064330212908
0.967064330212908
0.967064330212908
0.967064330212908
0.967064330212908
0.967064330212908
0.967064330212908
0.967064330212908
0.967064330212908
0.967064330212908
0.967064330212908
0.967064330212908
0.967064330212908
0.967064330212908
0.967064330212908
0.967064330212908
0.967064330212908
0.9695383529739175
0.9695383529739175
0.9695383529739175
0.9695383529739175
0.9695383529739175
0.9695383529739175
0.9695383529739175
0.9695383529739175
0.9695383529739175
0.9695383529739175
0.9695383529739175
0.9695383529739175
0.9695383529739175
0.9695383529739175
0.9695383529739175
0.9707203860708442
0.9707203860708442
0.9707203860708442
0.9707203860708442
0.9707203860708442
0.9707203860708442
0.9707203860708442
0.9707203860708442
0.9707203860708442
0.9707203860708442
0.9707203860708442
0.9707203860708442
0.9707203860708442
0.9707203860708442
0.9707203860708442
0.9707203860708442
0.9707203860708442
0.9721448874953457
0.9721448874953457
0.9721448874953457
0.9721448874953457
0.9721448874953457
0.9721448874953457
0.9733269205922723
0.9733269205922723
0.9733269205922723
0.9733269205922723
0.9733269205922723
0.9733269205922723
0.9733269205922723
0.9733269205922723
0.9733269205922723
0.9733269205922723
0.9733269205922723
0.9733269205922723
0.9733269205922723
0.9733269205922723
0.9733269205922723
0.9733269205922723
0.9733269205922723
0.9733269205922723
0.9733269205922723
0.9760077991452439
0.9760077991452439
0.9760077991452439
0.9760077991452439
0.9760077991452439
0.9760077991452439
0.9760077991452439
0.9760077991452439
0.9760077991452439
0.9760077991452439
0.9760077991452439
0.9760077991452439
0.9760077991452439
0.9760077991452439
0.9760077991452439
0.9760077991452439
0.9760077991452439
0.9760077991452439
0.9760077991452439
0.978709439777919
0.978709439777919
0.978709439777919
0.978709439777919
0.978709439777919
0.978709439777919
0.978709439777919
0.978709439777919
0.978709439777919
0.978709439777919
0.978709439777919
0.978709439777919
0.978709439777919
0.978709439777919
0.978709439777919
0.978709439777919
0.978709439777919
0.978709439777919
0.978709439777919
0.978709439777919
0.978709439777919
0.978709439777919
0.978709439777919
0.978709439777919
0.978709439777919
0.978709439777919
0.978709439777919
0.978709439777919
0.978709439777919
0.978709439777919
0.978709439777919
0.978709439777919
0.978709439777919
0.978709439777919
0.978709439777919
0.978709439777919
0.978709439777919
0.978709439777919
0.978709439777919
0.978709439777919
0.978709439777919
0.978709439777919
0.978709439777919
0.978709439777919
0.978709439777919
0.978709439777919
0.978709439777919
0.978709439777919
0.978709439777919
0.978709439777919
0.978709439777919
0.978709439777919
0.978709439777919
0.978709439777919
0.978709439777919
0.978709439777919
0.978709439777919
0.978709439777919
0.978709439777919
0.978709439777919
0.978709439777919
0.978709439777919
0.978709439777919
0.978709439777919
0.978709439777919
0.978709439777919
0.978709439777919
0.978709439777919
0.978709439777919
0.978709439777919
0.978709439777919
0.978709439777919
0.978709439777919
0.978709439777919
0.978709439777919
0.978709439777919
0.9811540991374721
0.9811540991374721
0.9811540991374721
0.9811540991374721
0.9811540991374721
0.9811540991374721
0.9811540991374721
0.9811540991374721
0.9811540991374721
0.9811540991374721
0.9811540991374721
0.9811540991374721
0.9811540991374721
0.9811540991374721
0.9811540991374721
0.9811540991374721
0.9811540991374721
0.9811540991374721
0.9811540991374721
0.9811540991374721
0.9811540991374721
0.9811540991374721
0.9811540991374721
0.9811540991374721
0.9811540991374721
0.9811540991374721
0.9811540991374721
0.9811540991374721
0.9811540991374721
0.9811540991374721
0.9811540991374721
0.9811540991374721
0.9811540991374721
0.9811540991374721
0.9811540991374721
0.9811540991374721
0.9811540991374721
0.9811540991374721
0.9811540991374721
0.9811540991374721
0.9811540991374721
0.9811540991374721
0.9811540991374721
0.9811540991374721
0.9811540991374721
0.9811540991374721
0.9811540991374721
0.9811540991374721
0.9811540991374721
0.9811540991374721
0.9811540991374721
0.9811540991374721
0.9811540991374721
0.9811540991374721
0.9811540991374721
0.9811540991374721
0.9811540991374721
0.9811540991374721
0.9811540991374721
0.9811540991374721
0.9811540991374721
0.9811540991374721
0.9811540991374721
0.9811540991374721
0.9811540991374721
0.9811540991374721
0.9811540991374721
0.9811540991374721
0.9811540991374721
0.9811540991374721
0.9811540991374721
0.9811540991374721
0.9811540991374721
0.9811540991374721
0.9811540991374721
0.9811540991374721
0.9811540991374721
0.9811540991374721
0.9811540991374721
0.9811540991374721
0.9811540991374721
0.9811540991374721
0.9811540991374721
0.9811540991374721
0.9811540991374721
0.9811540991374721
0.9811540991374721
0.9811540991374721
0.9811540991374721
0.9811540991374721
0.9811540991374721
0.9811540991374721
0.9811540991374721
0.9811540991374721
0.9811540991374721
0.9811540991374721
0.9811540991374721
0.9811540991374721
0.9811540991374721
0.9811540991374721
0.9811540991374721
0.9811540991374721
0.9811540991374721
0.9811540991374721
0.9811540991374721
0.9811540991374721
0.9811540991374721
0.9811540991374721
0.9811540991374721
0.9811540991374721
0.9811540991374721
0.9811540991374721
0.9811540991374721
0.9811540991374721
0.9811540991374721
0.9811540991374721
0.9811540991374721
0.9811540991374721
0.9811540991374721
0.9811540991374721
0.9811540991374721
0.9811540991374721
0.9811540991374721
0.9811540991374721
0.9811540991374721
0.9811540991374721
0.9811540991374721
0.9811540991374721
0.9811540991374721
0.9811540991374721
0.9811540991374721
0.9811540991374721
0.9811540991374721
0.9811540991374721
0.9811540991374721
0.9811540991374721
0.9811540991374721
0.9811540991374721
0.9811540991374721
0.9811540991374721
0.9811540991374721
0.9811540991374721
0.9811540991374721
0.9811540991374721
0.9811540991374721
0.9811540991374721
0.9811540991374721
0.9811540991374721
0.9811540991374721
0.9811540991374721
0.9811540991374721
0.9811540991374721
0.9811540991374721
0.9811540991374721
0.9811540991374721
0.9811540991374721
0.9811540991374721
0.9811540991374721
0.9811540991374721
0.9811540991374721
0.9811540991374721
0.9811540991374721
0.9811540991374721
0.9811540991374721
0.9811540991374721
0.9811540991374721
0.9811540991374721
0.9823361322343988
0.9823361322343988
0.9823361322343988
0.9823361322343988
0.9823361322343988
0.9823361322343988
0.9823361322343988
0.9823361322343988
0.9823361322343988
0.9823361322343988
0.9823361322343988
0.9823361322343988
0.9823361322343988
0.9823361322343988
0.9823361322343988
0.9823361322343988
0.9823361322343988
0.9823361322343988
0.9823361322343988
0.9823361322343988
0.9823361322343988
0.9823361322343988
0.9823361322343988
0.9823361322343988
0.9823361322343988
0.9823361322343988
0.9823361322343988
0.9823361322343988
0.9823361322343988
0.9823361322343988
0.9823361322343988
0.9823361322343988
0.9823361322343988
0.9823361322343988
0.9823361322343988
0.9823361322343988
0.9823361322343988
0.9823361322343988
0.9823361322343988
0.9823361322343988
0.9823361322343988
0.9823361322343988
0.9823361322343988
0.9823361322343988
0.9823361322343988
0.9823361322343988
0.9823361322343988
0.9823361322343988
0.9823361322343988
0.9823361322343988
0.9823361322343988
0.9823361322343988
0.9823361322343988
0.9823361322343988
0.9823361322343988
0.9823361322343988
0.9823361322343988
0.9823361322343988
0.9823361322343988
0.9823361322343988
0.9823361322343988
0.9823361322343988
0.9823361322343988
0.9823361322343988
0.9823361322343988
0.9823361322343988
0.9823361322343988
0.9823361322343988
0.9823361322343988
0.9823361322343988
0.9823361322343988
0.9823361322343988
0.9823361322343988
0.9823361322343988
0.9823361322343988
0.9823361322343988
0.9823361322343988
0.9823361322343988
0.9823361322343988
0.9823361322343988
0.9823361322343988
0.9823361322343988
0.9823361322343988
0.9823361322343988
0.9823361322343988
0.9823361322343988
0.9823361322343988
0.9848758977051987
0.9848758977051987
0.9848758977051987
0.9848758977051987
0.9848758977051987
0.9848758977051987
0.9848758977051987
0.9848758977051987
0.9848758977051987
0.9848758977051987
0.9848758977051987
0.9848758977051987
0.9848758977051987
0.9848758977051987
0.9848758977051987
0.9848758977051987
0.9848758977051987
0.9860579308021253
0.9860579308021253
0.9860579308021253
0.9860579308021253
0.9860579308021253
0.9860579308021253
0.9860579308021253
0.9860579308021253
0.9860579308021253
0.9860579308021253
0.9860579308021253
0.9860579308021253
0.9860579308021253
0.9860579308021253
0.9860579308021253
0.9860579308021253
0.9860579308021253
0.9860579308021253
0.9860579308021253
0.9860579308021253
0.9860579308021253
0.9860579308021253
0.9860579308021253
0.9860579308021253
0.9860579308021253
0.9860579308021253
0.9860579308021253
0.9860579308021253
0.9860579308021253
0.9860579308021253
0.9860579308021253
0.9860579308021253
0.9860579308021253
0.9860579308021253
0.9860579308021253
0.9860579308021253
0.9860579308021253
0.9860579308021253
0.9860579308021253
0.9860579308021253
0.9860579308021253
0.9860579308021253
0.9860579308021253
0.9860579308021253
0.9860579308021253
0.9860579308021253
0.9860579308021253
0.9860579308021253
0.9860579308021253
0.9860579308021253
0.9860579308021253
0.9860579308021253
0.9860579308021253
0.9860579308021253
0.9860579308021253
0.9860579308021253
0.9860579308021253
0.9860579308021253
0.9860579308021253
0.9860579308021253
0.9860579308021253
0.9860579308021253
0.9860579308021253
0.9860579308021253
0.9860579308021253
0.9860579308021253
0.9860579308021253
0.9860579308021253
0.9860579308021253
0.9860579308021253
0.9860579308021253
0.9860579308021253
0.9860579308021253
0.9860579308021253
0.9860579308021253
0.9860579308021253
0.9860579308021253
0.9860579308021253
0.9860579308021253
0.9860579308021253
0.9860579308021253
0.9860579308021253
0.9860579308021253
0.9860579308021253
0.9860579308021253
0.9860579308021253
0.9860579308021253
0.9860579308021253
0.9860579308021253
0.9860579308021253
0.9860579308021253
0.9860579308021253
0.9860579308021253
0.9860579308021253
0.9860579308021253
0.9860579308021253
0.9860579308021253
0.9860579308021253
0.9860579308021253
0.9860579308021253
0.9860579308021253
0.9860579308021253
0.9860579308021253
0.9860579308021253
0.9860579308021253
0.9860579308021253
0.9860579308021253
0.9860579308021253
0.9860579308021253
0.9860579308021253
0.9860579308021253
0.9860579308021253
0.9860579308021253
0.9860579308021253
0.9860579308021253
0.9860579308021253
0.9860579308021253
0.9860579308021253
0.9860579308021253
0.9873499204662082
0.9873499204662082
0.9873499204662082
0.9873499204662082
0.9873499204662082
0.9873499204662082
0.9873499204662082
0.9873499204662082
0.9873499204662082
0.9873499204662082
0.9873499204662082
0.9873499204662082
0.9873499204662082
0.9873499204662082
0.9873499204662082
0.9873499204662082
0.9873499204662082
0.9873499204662082
0.9873499204662082
0.9873499204662082
0.9873499204662082
0.9873499204662082
0.9873499204662082
0.9873499204662082
0.9873499204662082
0.9873499204662082
0.9873499204662082
0.9873499204662082
0.9873499204662082
0.9873499204662082
0.9873499204662082
0.9873499204662082
0.9873499204662082
0.9873499204662082
0.9873499204662082
0.9873499204662082
0.9873499204662082
0.9873499204662082
0.9873499204662082
0.9873499204662082
0.9873499204662082
0.9873499204662082
0.9873499204662082
0.9873499204662082
0.9873499204662082
0.9873499204662082
0.9873499204662082
0.9873499204662082
0.9873499204662082
0.9873499204662082
0.9873499204662082
0.9873499204662082
0.9873499204662082
0.9873499204662082
0.9873499204662082
0.9873499204662082
0.9873499204662082
0.9873499204662082
0.9873499204662082
0.9873499204662082
0.9873499204662082
0.9873499204662082
0.9873499204662082
0.9873499204662082
0.9873499204662082
0.9873499204662082
0.9873499204662082
0.9873499204662082
0.9873499204662082
0.9873499204662082
0.9873499204662082
0.9873499204662082
0.9873499204662082
0.9873499204662082
0.9873499204662082
0.9873499204662082
0.9873499204662082
0.9873499204662082
0.9873499204662082
0.9873499204662082
0.9873499204662082
0.9873499204662082
0.9873499204662082
0.9873499204662082
0.9873499204662082
0.9873499204662082
0.9873499204662082
0.9873499204662082
0.9873499204662082
0.9873499204662082
0.9873499204662082
0.9873499204662082
0.9873499204662082
0.9873499204662082
0.9873499204662082
0.9873499204662082
0.9873499204662082
0.9873499204662082
0.9873499204662082
0.9900515610988833
0.9900515610988833
0.9900515610988833
0.9900515610988833
0.9900515610988833
0.9900515610988833
0.9900515610988833
0.9900515610988833
0.9900515610988833
0.9900515610988833
0.9900515610988833
0.9900515610988833
0.9900515610988833
0.9900515610988833
0.9900515610988833
0.9900515610988833
0.9900515610988833
0.9900515610988833
0.9900515610988833
0.9900515610988833
0.9900515610988833
0.9900515610988833
0.9900515610988833
0.9900515610988833
0.9900515610988833
0.9900515610988833
0.9900515610988833
0.9900515610988833
0.9900515610988833
0.9900515610988833
0.9900515610988833
0.9900515610988833
0.9900515610988833
0.9900515610988833
0.9900515610988833
0.9900515610988833
0.9900515610988833
0.9900515610988833
0.9900515610988833
0.9900515610988833
0.9900515610988833
0.9900515610988833
0.9900515610988833
0.9900515610988833
0.9900515610988833
0.9900515610988833
0.9900515610988833
0.9900515610988833
0.9900515610988833
0.9900515610988833
0.9900515610988833
0.9900515610988833
0.9900515610988833
0.9900515610988833
0.9900515610988833
0.9900515610988833
0.9900515610988833
0.9900515610988833
0.9900515610988833
0.9900515610988833
0.9900515610988833
0.9900515610988833
0.9900515610988833
0.9900515610988833
0.9900515610988833
0.9900515610988833
0.9900515610988833
0.9900515610988833
0.9900515610988833
0.9900515610988833
0.9900515610988833
0.9900515610988833
0.9900515610988833
0.9900515610988833
0.9900515610988833
0.9900515610988833
0.9900515610988833
0.9900515610988833
0.9900515610988833
0.9900515610988833
0.9900515610988833
0.9900515610988833
0.9900515610988833
0.9900515610988833
0.9900515610988833
0.9900515610988833
0.9900515610988833
0.9900515610988833
0.9900515610988833
0.9900515610988833
0.9900515610988833
0.9900515610988833
0.9900515610988833
0.9900515610988833
0.9900515610988833
0.9900515610988833
0.9900515610988833
0.9900515610988833
0.9900515610988833
0.9900515610988833
0.9900515610988833
0.9900515610988833
0.9900515610988833
0.9900515610988833
0.9900515610988833
0.9900515610988833
0.9900515610988833
0.9900515610988833
0.9900515610988833
0.9900515610988833
0.9900515610988833
0.9900515610988833
0.9900515610988833
0.9900515610988833
0.9900515610988833
0.9900515610988833
0.9900515610988833
0.9900515610988833
0.9900515610988833
0.9900515610988833
0.9900515610988833
0.9900515610988833
0.9900515610988833
0.9900515610988833
0.9900515610988833
0.9900515610988833
0.9900515610988833
0.9900515610988833
0.9900515610988833
0.9900515610988833
0.9900515610988833
0.9900515610988833
0.9900515610988833
0.9900515610988833
0.9900515610988833
0.9900515610988833
0.9900515610988833
0.9900515610988833
0.9900515610988833
0.9900515610988833
0.9900515610988833
0.9900515610988833
0.9900515610988833
0.9900515610988833
0.9900515610988833
0.9900515610988833
0.9900515610988833
0.9900515610988833
0.9900515610988833
0.9900515610988833
0.9900515610988833
0.9900515610988833
0.9900515610988833
0.9900515610988833
0.9900515610988833
0.9900515610988833
0.9900515610988833
0.9900515610988833
0.9900515610988833
0.9900515610988833
0.9900515610988833
0.9900515610988833
0.9900515610988833
0.9900515610988833
0.9900515610988833
0.9900515610988833
0.9900515610988833
0.9900515610988833
0.9900515610988833
0.9900515610988833
0.9900515610988833
0.9900515610988833
0.9900515610988833
0.9900515610988833
0.9900515610988833
0.9900515610988833
0.9900515610988833
0.9900515610988833
0.9900515610988833
0.9900515610988833
0.9900515610988833
0.9900515610988833
0.9900515610988833
0.9900515610988833
0.9900515610988833
0.9900515610988833
0.9900515610988833
0.9900515610988833
0.9900515610988833
0.9900515610988833
0.9900515610988833
0.9900515610988833
0.9900515610988833
0.9900515610988833
0.9900515610988833
0.9900515610988833
0.9900515610988833
0.9900515610988833
0.9900515610988833
0.9900515610988833
0.9900515610988833
0.9900515610988833
0.9900515610988833
0.9900515610988833
0.9900515610988833
0.9900515610988833
0.9900515610988833
0.9900515610988833
0.9900515610988833
0.9900515610988833
0.9900515610988833
0.9900515610988833
0.9900515610988833
0.9900515610988833
0.9900515610988833
0.9900515610988833
0.9900515610988833
0.9900515610988833
0.9900515610988833
0.9900515610988833
0.9900515610988833
0.9900515610988833
0.9900515610988833
0.9900515610988833
0.9900515610988833
0.9900515610988833
0.9900515610988833
0.9900515610988833
0.9900515610988833
0.9900515610988833
0.9912335941958099
0.9912335941958099
0.9912335941958099
0.9912335941958099
0.9912335941958099
0.9912335941958099
0.9912335941958099
0.9912335941958099
0.9912335941958099
0.9912335941958099
0.9912335941958099
0.9912335941958099
0.9912335941958099
0.9912335941958099
0.9912335941958099
0.9912335941958099
0.9912335941958099
0.9912335941958099
0.9912335941958099
0.9912335941958099
0.9912335941958099
0.9912335941958099
0.9912335941958099
0.9912335941958099
0.9912335941958099
0.9912335941958099
0.9912335941958099
0.9912335941958099
0.9912335941958099
0.9912335941958099
0.9912335941958099
0.9912335941958099
0.9912335941958099
0.9912335941958099
0.9912335941958099
0.9912335941958099
0.9912335941958099
0.9912335941958099
0.9912335941958099
0.9912335941958099
0.9912335941958099
0.9912335941958099
0.9912335941958099
0.9912335941958099
0.9912335941958099
0.9912335941958099
0.9912335941958099
0.9912335941958099
0.9912335941958099
0.9912335941958099
0.9912335941958099
0.9912335941958099
0.9912335941958099
0.9912335941958099
0.9912335941958099
0.9912335941958099
0.9912335941958099
0.9912335941958099
0.9912335941958099
0.9912335941958099
0.9912335941958099
0.9912335941958099
0.9912335941958099
0.9912335941958099
0.9912335941958099
0.9912335941958099
0.9912335941958099
0.9912335941958099
0.9924156272927367
0.9924156272927367
0.9924156272927367
0.9924156272927367
0.9924156272927367
0.9924156272927367
0.9924156272927367
0.9924156272927367
0.9924156272927367
0.9924156272927367
0.9924156272927367
0.9924156272927367
0.9924156272927367
0.9924156272927367
0.9924156272927367
0.9924156272927367
0.9924156272927367
0.9924156272927367
0.9924156272927367
0.9924156272927367
0.9924156272927367
0.9924156272927367
0.9924156272927367
0.9924156272927367
0.9936927665009103
0.9936927665009103
0.9936927665009103
0.9936927665009103
0.9936927665009103
0.9936927665009103
0.9936927665009103
0.9936927665009103
0.9936927665009103
0.9936927665009103
0.9936927665009103
0.9936927665009103
0.9936927665009103
0.9936927665009103
0.9936927665009103
0.9936927665009103
0.9936927665009103
0.9936927665009103
0.9936927665009103
0.9936927665009103
0.9936927665009103
0.9936927665009103
0.9936927665009103
0.9936927665009103
0.9936927665009103
0.9936927665009103
0.9936927665009103
0.9936927665009103
0.9936927665009103
0.9936927665009103
0.9936927665009103
0.9936927665009103
0.9936927665009103
0.9936927665009103
0.9936927665009103
0.9936927665009103
0.9936927665009103
0.9936927665009103
0.9936927665009103
0.9936927665009103
0.9936927665009103
0.9936927665009103
0.9936927665009103
0.9936927665009103
0.9936927665009103
0.9936927665009103
0.9936927665009103
0.9936927665009103
0.9936927665009103
0.9936927665009103
0.9936927665009103
0.9936927665009103
0.9936927665009103
0.9936927665009103
0.9936927665009103
0.9936927665009103
0.9936927665009103
0.9936927665009103
0.9936927665009103
0.9936927665009103
0.9936927665009103
0.9936927665009103
0.9936927665009103
0.9936927665009103
0.9936927665009103
0.9936927665009103
0.9936927665009103
0.9936927665009103
0.9936927665009103
0.9936927665009103
0.9936927665009103
0.9936927665009103
0.9936927665009103
0.9936927665009103
0.9936927665009103
0.9936927665009103
0.9936927665009103
0.9936927665009103
0.9936927665009103
0.9936927665009103
0.9936927665009103
0.9936927665009103
0.9936927665009103
0.9936927665009103
0.9936927665009103
0.9936927665009103
0.9936927665009103
0.9936927665009103
0.9936927665009103
0.9936927665009103
0.9936927665009103
0.9936927665009103
0.9936927665009103
0.9936927665009103
0.9936927665009103
0.9936927665009103
0.9936927665009103
0.9936927665009103
0.9936927665009103
0.9936927665009103
0.9936927665009103
0.9936927665009103
0.9936927665009103
0.9936927665009103
0.9936927665009103
0.9936927665009103
0.9936927665009103
0.9936927665009103
0.9936927665009103
0.9936927665009103
0.9936927665009103
0.9936927665009103
0.9936927665009103
0.9936927665009103
0.9936927665009103
0.9936927665009103
0.9936927665009103
0.9936927665009103
0.9936927665009103
0.9936927665009103
0.9936927665009103
0.9936927665009103
0.9936927665009103
0.9936927665009103
0.9936927665009103
0.9936927665009103
0.9936927665009103
0.9936927665009103
0.9936927665009103
0.9936927665009103
0.9936927665009103
0.9936927665009103
0.9936927665009103
0.9936927665009103
0.9936927665009103
0.9936927665009103
0.9936927665009103
0.9936927665009103
0.9936927665009103
0.9936927665009103
0.9936927665009103
0.9936927665009103
0.9936927665009103
0.9936927665009103
0.9936927665009103
0.9936927665009103
0.9936927665009103
0.9936927665009103
0.9936927665009103
0.9936927665009103
0.9936927665009103
0.9936927665009103
0.9936927665009103
0.9936927665009103
0.9936927665009103
0.9936927665009103
0.9936927665009103
0.9936927665009103
0.9936927665009103
0.9936927665009103
0.9936927665009103
0.9936927665009103
0.9936927665009103
0.9936927665009103
0.9936927665009103
0.9936927665009103
0.9936927665009103
0.9936927665009103
0.9936927665009103
0.9936927665009103
0.9936927665009103
0.9936927665009103
0.9936927665009103
0.9936927665009103
0.9936927665009103
0.9936927665009103
0.9936927665009103
0.9936927665009103
0.9936927665009103
0.9936927665009103
0.9936927665009103
0.9936927665009103
0.9936927665009103
0.9936927665009103
0.9936927665009103
0.9936927665009103
0.9936927665009103
0.9936927665009103
0.9936927665009103
0.9936927665009103
0.9936927665009103
0.9936927665009103
0.9936927665009103
0.9936927665009103
0.9936927665009103
0.9936927665009103
0.9936927665009103
0.9936927665009103
0.9936927665009103
0.9936927665009103
0.9936927665009103
0.9936927665009103
0.9936927665009103
0.9936927665009103
0.9936927665009103
0.9936927665009103
0.9936927665009103
0.9936927665009103
0.9936927665009103
0.9936927665009103
0.9936927665009103
0.9936927665009103
0.9936927665009103
0.9936927665009103
0.9936927665009103
0.9936927665009103
0.9936927665009103
0.9936927665009103
0.9936927665009103
0.9936927665009103
0.9936927665009103
0.9936927665009103
0.9936927665009103
0.9936927665009103
0.9936927665009103
0.9936927665009103
0.9936927665009103
0.9936927665009103
0.9936927665009103
0.9936927665009103
0.994969905709084
0.994969905709084
0.994969905709084
0.994969905709084
0.994969905709084
0.994969905709084
0.994969905709084
0.994969905709084
0.994969905709084
0.994969905709084
0.994969905709084
0.994969905709084
0.994969905709084
0.994969905709084
0.994969905709084
0.994969905709084
0.994969905709084
0.994969905709084
0.994969905709084
0.994969905709084
0.994969905709084
0.994969905709084
0.994969905709084
0.994969905709084
0.994969905709084
0.994969905709084
0.994969905709084
0.994969905709084
0.994969905709084
0.994969905709084
0.994969905709084
0.994969905709084
0.994969905709084
0.994969905709084
0.994969905709084
0.994969905709084
0.994969905709084
0.994969905709084
0.994969905709084
0.994969905709084
0.994969905709084
0.994969905709084
0.994969905709084
0.994969905709084
0.994969905709084
0.994969905709084
0.994969905709084
0.994969905709084
0.994969905709084
0.994969905709084
0.994969905709084
0.994969905709084
0.994969905709084
0.994969905709084
0.994969905709084
0.994969905709084
0.994969905709084
0.994969905709084
0.994969905709084
0.994969905709084
0.994969905709084
0.994969905709084
0.994969905709084
0.994969905709084
0.994969905709084
0.994969905709084
0.994969905709084
0.994969905709084
0.994969905709084
0.994969905709084
0.994969905709084
0.994969905709084
0.994969905709084
0.994969905709084
0.994969905709084
0.994969905709084
0.994969905709084
0.994969905709084
0.994969905709084
0.994969905709084
0.994969905709084
0.994969905709084
0.994969905709084
0.994969905709084
0.994969905709084
0.994969905709084
0.994969905709084
0.994969905709084
0.994969905709084
0.994969905709084
0.994969905709084
0.994969905709084
0.994969905709084
0.994969905709084
0.994969905709084
0.994969905709084
0.994969905709084
0.994969905709084
0.994969905709084
0.994969905709084
0.994969905709084
0.994969905709084
0.994969905709084
0.994969905709084
0.994969905709084
0.994969905709084
0.994969905709084
0.994969905709084
0.994969905709084
0.994969905709084
0.994969905709084
0.994969905709084
0.994969905709084
0.994969905709084
0.994969905709084
0.994969905709084
0.994969905709084
0.994969905709084
0.994969905709084
0.994969905709084
0.994969905709084
0.994969905709084
0.994969905709084
0.994969905709084
0.994969905709084
0.994969905709084
0.994969905709084
0.994969905709084
0.994969905709084
0.994969905709084
0.994969905709084
0.994969905709084
0.994969905709084
0.994969905709084
0.994969905709084
0.994969905709084
0.994969905709084
0.994969905709084
0.994969905709084
0.994969905709084
0.994969905709084
0.994969905709084
0.994969905709084
0.994969905709084
0.994969905709084
0.994969905709084
0.994969905709084
0.994969905709084
0.994969905709084
0.994969905709084
0.994969905709084
0.994969905709084
0.994969905709084
0.994969905709084
0.994969905709084
0.994969905709084
0.994969905709084
0.994969905709084
0.994969905709084
0.994969905709084
0.994969905709084
0.994969905709084
0.994969905709084
0.994969905709084
0.994969905709084
0.994969905709084
0.994969905709084
0.994969905709084
0.994969905709084
0.994969905709084
0.994969905709084
0.994969905709084
0.994969905709084
0.994969905709084
0.994969905709084
0.9961519388060106
0.9961519388060106
0.9961519388060106
0.9961519388060106
0.9961519388060106
0.9961519388060106
0.9961519388060106
0.9961519388060106
0.9961519388060106
0.9961519388060106
0.9961519388060106
0.9961519388060106
0.9961519388060106
0.9961519388060106
0.9961519388060106
0.9961519388060106
0.9961519388060106
0.9961519388060106
0.9961519388060106
0.9961519388060106
0.9961519388060106
0.9961519388060106
0.9961519388060106
0.9961519388060106
0.9961519388060106
0.9961519388060106
0.9961519388060106
0.9961519388060106
0.9961519388060106
0.9961519388060106
0.9961519388060106
0.9961519388060106
0.9961519388060106
0.9961519388060106
0.9961519388060106
0.9961519388060106
0.9961519388060106
0.9961519388060106
0.9961519388060106
0.9961519388060106
0.9961519388060106
0.9961519388060106
0.9961519388060106
0.9961519388060106
0.9961519388060106
0.9961519388060106
0.9961519388060106
0.9961519388060106
0.9961519388060106
0.9961519388060106
0.9961519388060106
0.9961519388060106
0.9961519388060106
0.9961519388060106
0.9961519388060106
0.9961519388060106
0.9961519388060106
0.9961519388060106
0.9961519388060106
0.9961519388060106
0.9961519388060106
0.9961519388060106
0.9961519388060106
0.9961519388060106
0.9961519388060106
0.9961519388060106
0.9961519388060106
0.9961519388060106
0.9961519388060106
0.9961519388060106
0.9961519388060106
0.9961519388060106
0.9961519388060106
0.9961519388060106
0.9961519388060106
0.9961519388060106
0.9961519388060106
0.9961519388060106
0.9961519388060106
0.9961519388060106
0.9961519388060106
0.9961519388060106
0.9961519388060106
0.9961519388060106
0.9961519388060106
0.9961519388060106
0.9961519388060106
0.9961519388060106
0.9961519388060106
0.9961519388060106
0.9961519388060106
0.9961519388060106
0.9961519388060106
0.9961519388060106
0.9961519388060106
0.9961519388060106
0.9961519388060106
0.9961519388060106
0.9961519388060106
0.9961519388060106
0.9961519388060106
0.9961519388060106
0.9961519388060106
0.9961519388060106
0.9961519388060106
0.9961519388060106
0.9961519388060106
0.9961519388060106
0.9961519388060106
0.9961519388060106
0.9961519388060106
0.9961519388060106
0.9961519388060106
0.9961519388060106
0.9973339719029374
0.9973339719029374
0.9973339719029374
0.9973339719029374
0.9973339719029374
0.9973339719029374
0.9973339719029374
0.9973339719029374
0.9973339719029374
0.9973339719029374
0.9973339719029374
0.9973339719029374
0.9973339719029374
0.9973339719029374
0.9973339719029374
0.9973339719029374
0.9973339719029374
0.9973339719029374
0.9973339719029374
0.9973339719029374
0.9973339719029374
0.9973339719029374
0.9973339719029374
0.9973339719029374
0.9973339719029374
0.9973339719029374
0.9973339719029374
0.9973339719029374
0.9973339719029374
0.9973339719029374
0.9973339719029374
0.9973339719029374
0.9973339719029374
0.9973339719029374
0.9973339719029374
0.9973339719029374
0.9973339719029374
0.9973339719029374
0.9973339719029374
0.9973339719029374
0.9973339719029374
0.9973339719029374
0.9973339719029374
0.9973339719029374
0.9973339719029374
0.9973339719029374
0.9973339719029374
0.9973339719029374
0.9973339719029374
0.9973339719029374
0.9973339719029374
0.9973339719029374
0.9973339719029374
0.9973339719029374
0.9973339719029374
0.9973339719029374
0.9973339719029374
0.9973339719029374
0.9973339719029374
0.9973339719029374
0.9973339719029374
0.9973339719029374
0.9973339719029374
0.9973339719029374
0.9973339719029374
0.9973339719029374
0.9973339719029374
0.9973339719029374
0.9973339719029374
0.9973339719029374
0.9973339719029374
0.9973339719029374
0.9973339719029374
0.9973339719029374
0.9973339719029374
0.9973339719029374
0.9973339719029374
0.9973339719029374
0.9973339719029374
0.9973339719029374
0.9973339719029374
0.9973339719029374
0.9973339719029374
0.9973339719029374
0.9973339719029374
0.9973339719029374
0.9973339719029374
0.9973339719029374
0.9973339719029374
0.9973339719029374
0.9973339719029374
0.9973339719029374
0.9973339719029374
0.9973339719029374
0.9973339719029374
0.9973339719029374
0.9973339719029374
0.9973339719029374
0.9973339719029374
0.9973339719029374
0.9973339719029374
0.9973339719029374
0.9973339719029374
0.9973339719029374
0.9973339719029374
0.9973339719029374
0.9973339719029374
0.9973339719029374
0.9973339719029374
0.9973339719029374
0.9973339719029374
0.9973339719029374
0.9973339719029374
0.9973339719029374
0.9973339719029374
0.9973339719029374
0.9973339719029374
0.9973339719029374
0.9973339719029374
0.9973339719029374
0.9973339719029374
0.9973339719029374
0.9973339719029374
0.9973339719029374
0.9973339719029374
0.9973339719029374
0.9973339719029374
0.9973339719029374
0.9973339719029374
0.9973339719029374
0.9973339719029374
0.9973339719029374
0.9973339719029374
0.9973339719029374
0.9973339719029374
0.9973339719029374
0.9973339719029374
0.9973339719029374
0.9973339719029374
0.9973339719029374
0.9973339719029374
0.9973339719029374
0.9973339719029374
0.9973339719029374
0.9973339719029374
0.9973339719029374
0.9973339719029374
0.9973339719029374
0.9973339719029374
0.9973339719029374
0.9973339719029374
0.9973339719029374
0.9973339719029374
0.9973339719029374
0.9973339719029374
0.9973339719029374
0.9973339719029374
0.9973339719029374
0.9973339719029374
0.9973339719029374
0.9973339719029374
0.9973339719029374
0.9973339719029374
0.9973339719029374
0.9973339719029374
0.9973339719029374
0.9973339719029374
0.9973339719029374
0.9973339719029374
0.9973339719029374
0.9973339719029374
0.9986111111111112
0.9986111111111112
0.9986111111111112
0.9986111111111112
0.9986111111111112
0.9986111111111112
0.9986111111111112
0.9986111111111112
0.9986111111111112
0.9986111111111112
0.9986111111111112
0.9986111111111112
0.9986111111111112
0.9986111111111112
0.9986111111111112
0.9986111111111112
0.9986111111111112
0.9986111111111112
0.9986111111111112
0.9986111111111112
0.9986111111111112
0.9986111111111112
0.9986111111111112
0.9986111111111112
0.9986111111111112
0.9986111111111112
0.9986111111111112
0.9986111111111112
0.9986111111111112
0.9986111111111112
0.9986111111111112
0.9986111111111112
0.9986111111111112
0.9986111111111112
0.9986111111111112
0.9986111111111112
0.9986111111111112
0.9986111111111112
0.9986111111111112
0.9986111111111112
0.9986111111111112
0.9986111111111112
0.9986111111111112
0.9986111111111112
0.9986111111111112
0.9986111111111112
0.9986111111111112
0.9986111111111112
0.9986111111111112
0.9986111111111112
0.9986111111111112
0.9986111111111112
0.9986111111111112
0.9986111111111112
0.9986111111111112
0.9986111111111112
0.9986111111111112
0.9986111111111112
0.9986111111111112
0.9986111111111112
0.9986111111111112
0.9986111111111112
0.9986111111111112
0.9986111111111112
0.9986111111111112
0.9986111111111112
0.9986111111111112
0.9986111111111112
0.9986111111111112
0.9986111111111112
0.9986111111111112
0.9986111111111112
0.9986111111111112
0.9986111111111112
0.9986111111111112
0.9986111111111112
0.9986111111111112
0.9986111111111112
0.9986111111111112
0.9986111111111112
0.9986111111111112
0.9986111111111112
0.9986111111111112
0.9986111111111112
0.9986111111111112
0.9986111111111112
0.9986111111111112
0.9986111111111112
0.9986111111111112
0.9986111111111112
0.9986111111111112
0.9986111111111112
0.9986111111111112
0.9986111111111112
0.9986111111111112
0.9986111111111112
0.9986111111111112
0.9986111111111112
0.9986111111111112
0.9986111111111112
0.9986111111111112
0.9986111111111112
0.9986111111111112
0.9986111111111112
0.9986111111111112
0.9986111111111112
0.9986111111111112
0.9986111111111112
0.9986111111111112
0.9986111111111112
0.9986111111111112
0.9986111111111112
0.9986111111111112
0.9986111111111112
0.9986111111111112
0.9986111111111112
0.9986111111111112
0.9986111111111112
0.9986111111111112
0.9986111111111112
0.9986111111111112
0.9986111111111112
0.9986111111111112
0.9986111111111112
0.9986111111111112
0.9986111111111112
0.9986111111111112
0.9986111111111112
0.9986111111111112
0.9986111111111112
0.9986111111111112
0.9986111111111112
0.9986111111111112
0.9986111111111112
0.9986111111111112
0.9986111111111112
0.9986111111111112
0.9986111111111112
0.9986111111111112
0.9986111111111112
0.9986111111111112
0.9986111111111112
0.9986111111111112
0.9986111111111112
0.9986111111111112
0.9986111111111112
0.9986111111111112
0.9986111111111112
0.9986111111111112
0.9986111111111112
0.9986111111111112
0.9986111111111112
0.9986111111111112
0.9986111111111112
0.9986111111111112
0.9986111111111112
0.9986111111111112
0.9986111111111112
0.9986111111111112
0.9986111111111112
0.9986111111111112
0.9986111111111112
0.9986111111111112
0.9986111111111112
0.9986111111111112
0.9986111111111112
0.9986111111111112
0.9986111111111112
0.9986111111111112
0.9986111111111112
0.9986111111111112
0.9986111111111112
0.9986111111111112
0.9986111111111112
0.9986111111111112
0.9986111111111112
0.9986111111111112
0.9986111111111112
0.9986111111111112
0.9986111111111112
0.9986111111111112
0.9986111111111112
0.9986111111111112
0.9986111111111112
0.9986111111111112
0.9986111111111112
0.9986111111111112
0.9986111111111112
0.9986111111111112
0.9986111111111112
0.9986111111111112
0.9986111111111112
0.9986111111111112
0.9986111111111112
0.9986111111111112
0.9986111111111112
0.9986111111111112
0.9986111111111112
0.9986111111111112
0.9986111111111112
0.9986111111111112
0.9986111111111112
0.9986111111111112
0.9986111111111112
0.9986111111111112
0.9986111111111112
0.9986111111111112
0.9986111111111112
0.9986111111111112
0.9986111111111112
0.9986111111111112
0.9986111111111112
0.9986111111111112
0.9986111111111112
0.9986111111111112
0.9986111111111112
0.9986111111111112
0.9986111111111112
0.9986111111111112
0.9986111111111112
0.9986111111111112
0.9986111111111112
0.9986111111111112
0.9986111111111112
0.9986111111111112
0.9986111111111112
0.9986111111111112
0.9986111111111112
0.9986111111111112
0.9986111111111112
0.9986111111111112
0.9986111111111112
0.9986111111111112
0.9986111111111112
0.9986111111111112
0.9986111111111112
0.9986111111111112
0.9986111111111112
0.9986111111111112
0.9986111111111112
0.9986111111111112
0.9986111111111112
0.9986111111111112
0.9986111111111112
0.9986111111111112
0.9986111111111112
0.9986111111111112
0.9986111111111112
0.9986111111111112
0.9986111111111112
0.9986111111111112
0.9986111111111112
0.9986111111111112
0.9986111111111112
0.9986111111111112
0.9986111111111112
0.9986111111111112
0.9986111111111112
0.9986111111111112
0.9986111111111112
0.9986111111111112
0.9986111111111112
0.9986111111111112
0.9986111111111112
0.9986111111111112
0.9986111111111112
0.9986111111111112
0.9986111111111112
0.9986111111111112
0.9986111111111112
0.9986111111111112
0.9986111111111112
0.9986111111111112
0.9986111111111112
0.9986111111111112
0.9986111111111112
0.9986111111111112
0.9986111111111112
0.9986111111111112
0.9986111111111112
0.9986111111111112
0.9986111111111112
0.9986111111111112
0.9986111111111112
0.9986111111111112
0.9986111111111112
0.9986111111111112
0.9986111111111112
0.9986111111111112
0.9986111111111112
0.9986111111111112
0.9986111111111112
0.9986111111111112
0.9986111111111112
0.9986111111111112
0.9986111111111112
0.9986111111111112
0.9986111111111112
0.9986111111111112
0.9986111111111112
0.9986111111111112
0.9986111111111112
0.9986111111111112
0.9986111111111112
0.9986111111111112
0.9986111111111112
0.9986111111111112
0.9986111111111112
0.9986111111111112
0.9986111111111112
0.9986111111111112
0.9986111111111112
0.9986111111111112
0.9986111111111112
0.9986111111111112
0.9986111111111112
0.9986111111111112
0.9986111111111112
0.9986111111111112
0.9986111111111112
0.9986111111111112
0.9986111111111112
0.9986111111111112
0.9986111111111112
0.9986111111111112
0.9986111111111112
0.9986111111111112
0.9986111111111112
0.9986111111111112
0.9986111111111112
0.9986111111111112
0.9986111111111112
0.9986111111111112
0.9986111111111112
0.9986111111111112
0.9986111111111112
0.9986111111111112
0.9986111111111112
0.9986111111111112
0.9986111111111112
0.9986111111111112
0.9986111111111112
0.9986111111111112
0.9986111111111112
0.9986111111111112
0.9986111111111112
0.9986111111111112
0.9986111111111112
0.9986111111111112
0.9986111111111112
0.9986111111111112
0.9986111111111112
0.9986111111111112
0.9986111111111112
0.9986111111111112
0.9986111111111112
0.9986111111111112
0.9986111111111112
0.9986111111111112
0.9986111111111112
0.9986111111111112
0.9986111111111112
0.9986111111111112
0.9986111111111112
0.9986111111111112
0.9986111111111112
0.9986111111111112
0.9986111111111112
0.9986111111111112
0.9986111111111112
0.9986111111111112
0.9986111111111112
0.9986111111111112
0.9986111111111112
0.9986111111111112
0.9986111111111112
0.9986111111111112
0.9986111111111112
0.9986111111111112
0.9986111111111112
0.9986111111111112
0.9986111111111112
0.9986111111111112
0.9986111111111112
0.9986111111111112
0.9986111111111112
0.9986111111111112
0.9986111111111112
0.9986111111111112
0.9986111111111112
0.9986111111111112
0.9986111111111112
0.9986111111111112
0.9986111111111112
0.9986111111111112
0.9986111111111112
0.9986111111111112
0.9986111111111112
0.9986111111111112
0.9986111111111112
0.9986111111111112
0.9986111111111112
0.9986111111111112
0.9986111111111112
0.9986111111111112
0.9986111111111112
0.9986111111111112
0.9986111111111112
0.9986111111111112
0.9986111111111112
0.9986111111111112
0.9986111111111112
0.9986111111111112
0.9986111111111112
0.9986111111111112
0.9986111111111112
0.9986111111111112
0.9986111111111112
0.9986111111111112
0.9986111111111112
0.9986111111111112
0.9986111111111112
0.9986111111111112
0.9986111111111112
0.9986111111111112
0.9986111111111112
0.9986111111111112
0.9986111111111112
0.9986111111111112
0.9986111111111112
0.9986111111111112
0.9986111111111112
0.9986111111111112
0.9986111111111112
0.9986111111111112
0.9986111111111112
0.9986111111111112
0.9986111111111112
0.9986111111111112
0.9986111111111112
0.9986111111111112
0.9986111111111112
0.9986111111111112
0.9986111111111112
0.9986111111111112
0.9986111111111112
0.9986111111111112
0.9986111111111112
0.9986111111111112
0.9986111111111112
0.9986111111111112
0.9986111111111112
0.9986111111111112
0.9986111111111112
0.9986111111111112
0.9986111111111112
0.9986111111111112
0.9986111111111112
0.9986111111111112
0.9986111111111112
0.9986111111111112
0.9986111111111112
0.9986111111111112
0.9986111111111112
0.9986111111111112
0.9986111111111112
0.9986111111111112
0.9986111111111112
0.9986111111111112
0.9986111111111112
0.9986111111111112
0.9986111111111112
0.9986111111111112
0.9986111111111112
0.9986111111111112
0.9986111111111112
0.9986111111111112
0.9986111111111112
0.9986111111111112
0.9986111111111112
0.9986111111111112
0.9986111111111112
0.9986111111111112
0.9986111111111112
0.9986111111111112
0.9986111111111112
0.9986111111111112
0.9986111111111112
0.9986111111111112
0.9986111111111112
0.9986111111111112
0.9986111111111112
0.9986111111111112
0.9986111111111112
0.9986111111111112
0.9986111111111112
0.9986111111111112
0.9986111111111112
0.9986111111111112
0.9986111111111112
0.9986111111111112
0.9986111111111112
0.9986111111111112
0.9986111111111112
0.9986111111111112
0.9986111111111112
0.9986111111111112
0.9986111111111112
0.9986111111111112
0.9986111111111112
0.9986111111111112
0.9986111111111112
0.9986111111111112
0.9986111111111112
0.9986111111111112
0.9986111111111112
0.9986111111111112
0.9986111111111112
0.9986111111111112
0.9986111111111112
0.9986111111111112
0.9986111111111112
0.9986111111111112
0.9986111111111112
0.9986111111111112
0.9986111111111112
0.9986111111111112
0.9986111111111112
0.9986111111111112
0.9986111111111112
0.9986111111111112
0.9986111111111112
1.0
1.0
