0.0242020318571748
0.043587990595374715
0.05696817299842469
0.0715457636812803
0.09233684054964329
0.10950154751520644
0.12549086497012663
0.1361190064339897
0.13665664084259183
0.13925815150826373
0.14007514497231602
0.14875392525551234
0.15136974962671632
0.16083681528546848
0.16534490193792906
0.1710998713834071
0.1753352882997513
0.18102553445962088
0.18707417666608112
0.1953516197860905
0.19768808510184435
0.20367192334526388
0.20906172674738518
0.21700263123510205
0.22206266600169686
0.2301037718602846
0.2399436279485918
0.24502474641748478
0.25087983655640145
0.25719352411277974
0.25946526614292514
0.2627188456161699
0.26613734974589415
0.2716482768663199
0.27725271603828294
0.29130605095120393
0.2962583406381618
0.3007731166099561
0.3111649208123976
0.320367021798664
0.32783501516338714
0.3335108669402923
0.3399389082182091
0.34540020490270495
0.35614955076230476
0.36164624485463076
0.3658816617709749
0.3708339514579328
0.3758359522582529
0.3817987874768066
0.38297417698744957
0.38874346013845973
0.39720006094304827
0.39773769535165043
0.40471776542113375
0.413138270351178
0.4197169225800421
0.4263966305692094
0.43006578566588727
0.4359065620992719
0.4383575424914288
0.4429590605179942
0.4450515641861281
0.4508351610426704
0.4514586024391791
0.4528132303118335
0.4590267164973409
0.46364161316257396
0.4695110170070227
0.47664924173621936
0.488216516126736
0.4928962167550097
0.49523268207076354
0.49784850644196754
0.500636799178417
0.5014537926424693
0.5068292823390584
0.5128568408432206
0.5168272930870791
0.5243954071452408
0.5301503765907188
0.5353533979220627
0.5397537394948864
0.5413877264229909
0.5463543298154807
0.5497728339452049
0.5515573511468246
0.5547108099266307
0.5570472752423845
0.5595696682394836
0.5627231270192897
0.574168261947205
0.5777659237615085
0.581657258336794
0.5835495206180507
0.5921214908884745
0.5946371945662399
0.5965361461668303
0.6013302811940747
0.6058383678465353
0.6077086920360615
0.6099450366583766
0.6147467153943872
0.6155637088584395
0.620487371134333
0.625704706171209
0.6310507893125877
0.6331289792751895
0.6342900550803005
0.6365263997026157
0.6395150145033747
0.6401384558998834
0.6420374075004737
0.6425750419090759
0.6465454941529343
0.6506521629647757
0.6547731454821492
0.6592458347267794
0.6629436979119537
0.6697739361746361
0.6723039535579335
0.6777795639479615
0.6792199988085225
0.6822086136092814
0.6839216375285265
0.6845450789250352
0.6883362928068822
0.690658444417104
0.6912961995191447
0.6936326648348987
0.6972236373298683
0.6986640721904293
0.7026345244342878
0.7078661731766956
0.7098442424458588
0.7104676838423676
0.7119081187029286
0.7139719949599983
0.7163084602757521
0.7180071704894652
0.7204580702041897
0.7216334597148328
0.7233321699285458
0.7251310008356975
0.7271948770927673
0.728993707999919
0.7309860909746142
0.7338601906989702
0.7368200974112329
0.7394216080769047
0.7400450494734134
0.7400450494734134
0.7438219496497284
0.7449973391603711
0.7474196114640317
0.7499276907555987
0.7545139600097674
0.7556893495204104
0.7573880597341235
0.7580258148361644
0.7585634492447665
0.7605415185139297
0.7610791529225318
0.7610791529225318
0.7625195877830928
0.7654147712097468
0.7665758470148576
0.7680305955809508
0.7701087855435527
0.7734557963909023
0.7776408037271703
0.7809801901883215
0.7848715247636071
0.7868639077383025
0.7921956771741492
0.7947113808519144
0.7966894501210775
0.7978648396317205
0.7985025947337614
0.7985025947337614
0.8003014256409131
0.8003014256409131
0.8039134011607485
0.8050744769658593
0.8063356734644089
0.8112021561634603
0.8146206602931845
0.8200382367169377
0.8230982641226388
0.8242593399277498
0.8248827813242585
0.8262374091969129
0.8284090305336196
0.8290324719301283
0.8290324719301283
0.8308456165428122
0.831483371644853
0.832938120210946
0.832938120210946
0.8335615616074548
0.8335615616074548
0.8335615616074548
0.8348227581060044
0.8359838339111152
0.8384061062147756
0.8408570059295002
0.842670150542184
0.8444832951548679
0.848826457150849
0.851456595227585
0.8551543777353271
0.8570676430414496
0.8597692744005602
0.8608445432177645
0.8616615366818168
0.8622849780783255
0.8628226124869276
0.8642773610530207
0.8648149954616228
0.8654527505636636
0.867366015869786
0.8693440851389492
0.8727625892686734
0.8739379787793164
0.8770123198905497
0.8795280235683152
0.8807892200668646
0.8807892200668646
0.8834050444380686
0.8834050444380686
0.8840284858345773
0.884651927231086
0.8852753686275947
0.8878911929987987
0.8878911929987987
0.8885146343953074
0.8893316278593597
0.8893316278593597
0.8906071380634413
0.8906071380634413
0.8906071380634413
0.8906071380634413
0.8925060896640318
0.8931438447660724
0.8937815998681133
0.8937815998681133
0.8944193549701542
0.8969703753783174
0.8969703753783174
0.8969703753783174
0.8969703753783174
0.8981314511834283
0.9006824715915916
0.9006824715915916
0.9013202266936324
0.9013202266936324
0.9013202266936324
0.9018578611022345
0.9026748545662868
0.9049970061765087
0.9068101507891924
0.9074479058912333
0.9079855402998355
0.9086089816963442
0.9097843712069871
0.9097843712069871
0.9121208365227409
0.9121208365227409
0.9135755850888341
0.9141132194974362
0.9141132194974362
0.9141132194974362
0.9147366608939449
0.9147366608939449
0.9147366608939449
0.9152742953025471
0.9158119297111493
0.9170874399152309
0.917625074323833
0.9181627087324351
0.9187003431410372
0.9187003431410372
0.9187003431410372
0.9187003431410372
0.9187003431410372
0.9201407780015982
0.9222332816697321
0.9228567230662408
0.9228567230662408
0.9234801644627495
0.924834792335404
0.924834792335404
0.924834792335404
0.924834792335404
0.924834792335404
0.924834792335404
0.924834792335404
0.924834792335404
0.924834792335404
0.9253724267440062
0.9265335025491171
0.9276087713663215
0.9276087713663215
0.9276087713663215
0.9282465264683623
0.9288842815704031
0.930045357375514
0.930045357375514
0.9308623508395663
0.9321378610436479
0.9335782959042089
0.934115930312811
0.9346535647214133
0.9351911991300154
0.9351911991300154
0.9351911991300154
0.9351911991300154
0.9351911991300154
0.9351911991300154
0.9357288335386176
0.9357288335386176
0.9357288335386176
0.9363665886406584
0.9380005755687629
0.9392474583617804
0.9398708997582891
0.9404943411547978
0.9427660831849433
0.9427660831849433
0.9427660831849433
0.9427660831849433
0.9427660831849433
0.9427660831849433
0.9427660831849433
0.9427660831849433
0.9427660831849433
0.9427660831849433
0.9427660831849433
0.943389524581452
0.943389524581452
0.944829959442013
0.9454677145440538
0.9461054696460947
0.9487069803117665
0.9487069803117665
0.9501474151723275
0.9509644086363798
0.9521397981470228
0.9527775532490637
0.9534009946455724
0.9544762634627766
0.9544762634627766
0.9544762634627766
0.9544762634627766
0.9544762634627766
0.9544762634627766
0.9544762634627766
0.9558308913354311
0.9558308913354311
0.9558308913354311
0.9566478847994834
0.9566478847994834
0.9566478847994834
0.9566478847994834
0.9578232743101263
0.9578232743101263
0.9578232743101263
0.9578232743101263
0.9578232743101263
0.9578232743101263
0.9583609087187284
0.9589843501152371
0.9602312329082547
0.9602312329082547
0.9613923087133656
0.9613923087133656
0.9613923087133656
0.9613923087133656
0.9613923087133656
0.9613923087133656
0.9613923087133656
0.9613923087133656
0.9613923087133656
0.9613923087133656
0.9619299431219677
0.9619299431219677
0.9619299431219677
0.9619299431219677
0.9625676982240085
0.9625676982240085
0.9625676982240085
0.9632054533260492
0.96384320842809
0.96384320842809
0.96384320842809
0.9650185979387331
0.9650185979387331
0.9650185979387331
0.9650185979387331
0.9658355914027854
0.9658355914027854
0.9658355914027854
0.9658355914027854
0.9658355914027854
0.9664590327992941
0.9664590327992941
0.9669966672078962
0.967620108604405
0.9686953774216093
0.9686953774216093
0.9686953774216093
0.969318818818118
0.969318818818118
0.969318818818118
0.9699422602146267
0.9699422602146267
0.9705800153166675
0.9705800153166675
0.9712034567131762
0.9712034567131762
0.9712034567131762
0.9712034567131762
0.9712034567131762
0.9712034567131762
0.9712034567131762
0.9712034567131762
0.9712034567131762
0.9712034567131762
0.9712034567131762
0.9712034567131762
0.9712034567131762
0.9712034567131762
0.9712034567131762
0.9712034567131762
0.971826898109685
0.971826898109685
0.971826898109685
0.9724646532117258
0.9724646532117258
0.9724646532117258
0.9731024083137666
0.9731024083137666
0.9731024083137666
0.9742634841188774
0.9748869255153861
0.9748869255153861
0.9748869255153861
0.9748869255153861
0.9754245599239884
0.9754245599239884
0.9754245599239884
0.9760480013204972
0.9765856357290993
0.9765856357290993
0.9765856357290993
0.9765856357290993
0.9765856357290993
0.9765856357290993
0.9765856357290993
0.9771232701377015
0.9777467115342102
0.9777467115342102
0.9783844666362509
0.9783844666362509
0.9790079080327596
0.9790079080327596
0.9790079080327596
0.9790079080327596
0.9790079080327596
0.9790079080327596
0.9790079080327596
0.9790079080327596
0.9790079080327596
0.9796456631348005
0.9796456631348005
0.9796456631348005
0.9808067389399113
0.9808067389399113
0.9808067389399113
0.9808067389399113
0.9808067389399113
0.9808067389399113
0.9808067389399113
0.9808067389399113
0.9813443733485134
0.9813443733485134
0.9813443733485134
0.9813443733485134
0.9813443733485134
0.9813443733485134
0.9813443733485134
0.9813443733485134
0.9813443733485134
0.9813443733485134
0.9813443733485134
0.9813443733485134
0.9813443733485134
0.9813443733485134
0.9813443733485134
0.9818820077571156
0.9818820077571156
0.9818820077571156
0.9818820077571156
0.9818820077571156
0.9818820077571156
0.9818820077571156
0.9818820077571156
0.9818820077571156
0.9818820077571156
0.9818820077571156
0.9818820077571156
0.9825054491536244
0.9825054491536244
0.9830430835622265
0.9830430835622265
0.9830430835622265
0.9830430835622265
0.9830430835622265
0.9830430835622265
0.9835807179708287
0.9835807179708287
0.9835807179708287
0.9835807179708287
0.9835807179708287
0.9835807179708287
0.9835807179708287
0.9835807179708287
0.9835807179708287
0.9835807179708287
0.9842041593673374
0.9842041593673374
0.9842041593673374
0.9842041593673374
0.9842041593673374
0.9842041593673374
0.9842041593673374
0.9842041593673374
0.9842041593673374
0.9847417937759396
0.9847417937759396
0.9847417937759396
0.9847417937759396
0.9847417937759396
0.9847417937759396
0.9847417937759396
0.9847417937759396
0.9847417937759396
0.9847417937759396
0.9847417937759396
0.9847417937759396
0.9847417937759396
0.9853795488779804
0.9859171832865825
0.9859171832865825
0.9859171832865825
0.9859171832865825
0.9859171832865825
0.9859171832865825
0.9859171832865825
0.9859171832865825
0.9859171832865825
0.9859171832865825
0.9859171832865825
0.9859171832865825
0.9859171832865825
0.9859171832865825
0.9859171832865825
0.9859171832865825
0.9859171832865825
0.9859171832865825
0.9859171832865825
0.9859171832865825
0.9859171832865825
0.9859171832865825
0.9859171832865825
0.9859171832865825
0.9864548176951847
0.9864548176951847
0.9864548176951847
0.9864548176951847
0.9864548176951847
0.9864548176951847
0.9864548176951847
0.9864548176951847
0.9864548176951847
0.9864548176951847
0.9864548176951847
0.9864548176951847
0.9870925727972255
0.9870925727972255
0.9870925727972255
0.9870925727972255
0.9870925727972255
0.9870925727972255
0.9870925727972255
0.9870925727972255
0.9870925727972255
0.9870925727972255
0.9870925727972255
0.9877303278992663
0.9877303278992663
0.9883680830013072
0.989005838103348
0.989005838103348
0.989005838103348
0.9896435932053887
0.9896435932053887
0.9896435932053887
0.9896435932053887
0.9896435932053887
0.9896435932053887
0.9896435932053887
0.9896435932053887
0.9896435932053887
0.9902813483074296
0.9902813483074296
0.9902813483074296
0.9902813483074296
0.9902813483074296
0.9902813483074296
0.9902813483074296
0.9902813483074296
0.9902813483074296
0.9902813483074296
0.9902813483074296
0.9902813483074296
0.9902813483074296
0.9902813483074296
0.9902813483074296
0.9902813483074296
0.9902813483074296
0.9902813483074296
0.9902813483074296
0.9902813483074296
0.9902813483074296
0.9902813483074296
0.9902813483074296
0.9902813483074296
0.9902813483074296
0.9902813483074296
0.9902813483074296
0.9902813483074296
0.9902813483074296
0.9902813483074296
0.9902813483074296
0.9902813483074296
0.9902813483074296
0.9902813483074296
0.9902813483074296
0.9902813483074296
0.9902813483074296
0.9902813483074296
0.9902813483074296
0.9902813483074296
0.9902813483074296
0.9902813483074296
0.9902813483074296
0.9902813483074296
0.9902813483074296
0.9902813483074296
0.9902813483074296
0.9902813483074296
0.9902813483074296
0.9902813483074296
0.9902813483074296
0.9902813483074296
0.9908189827160317
0.991356617124634
0.991356617124634
0.991356617124634
0.991356617124634
0.991356617124634
0.991356617124634
0.991356617124634
0.991356617124634
0.991356617124634
0.991356617124634
0.991356617124634
0.991356617124634
0.991356617124634
0.991356617124634
0.991356617124634
0.991356617124634
0.991356617124634
0.991356617124634
0.991356617124634
0.991356617124634
0.991356617124634
0.991356617124634
0.991356617124634
0.991356617124634
0.991356617124634
0.991356617124634
0.991356617124634
0.991356617124634
0.991356617124634
0.991356617124634
0.9925320066352769
0.9925320066352769
0.9925320066352769
0.9925320066352769
0.9925320066352769
0.9925320066352769
0.9925320066352769
0.9925320066352769
0.9925320066352769
0.9925320066352769
0.9925320066352769
0.9925320066352769
0.9925320066352769
0.9931697617373176
0.9931697617373176
0.9931697617373176
0.9931697617373176
0.9931697617373176
0.9931697617373176
0.9931697617373176
0.9931697617373176
0.9931697617373176
0.9931697617373176
0.9931697617373176
0.9931697617373176
0.9931697617373176
0.9931697617373176
0.9931697617373176
0.9931697617373176
0.9931697617373176
0.9931697617373176
0.9931697617373176
0.9931697617373176
0.9931697617373176
0.9931697617373176
0.9931697617373176
0.9931697617373176
0.9931697617373176
0.9937932031338264
0.9937932031338264
0.9937932031338264
0.9937932031338264
0.9937932031338264
0.9937932031338264
0.9937932031338264
0.9937932031338264
0.9943308375424285
0.9943308375424285
0.9943308375424285
0.9943308375424285
0.9943308375424285
0.9943308375424285
0.9943308375424285
0.9943308375424285
0.9943308375424285
0.9943308375424285
0.9943308375424285
0.9943308375424285
0.9943308375424285
0.9943308375424285
0.9943308375424285
0.9943308375424285
0.9943308375424285
0.9943308375424285
0.9943308375424285
0.9943308375424285
0.9943308375424285
0.9943308375424285
0.9943308375424285
0.9943308375424285
0.9949542789389374
0.9949542789389374
0.9949542789389374
0.9949542789389374
0.9949542789389374
0.9949542789389374
0.9949542789389374
0.9949542789389374
0.9954919133475395
0.9954919133475395
0.9954919133475395
0.9954919133475395
0.9954919133475395
0.9954919133475395
0.9954919133475395
0.9954919133475395
0.9954919133475395
0.9954919133475395
0.9954919133475395
0.9954919133475395
0.9954919133475395
0.9954919133475395
0.9954919133475395
0.9954919133475395
0.9954919133475395
0.9954919133475395
0.9954919133475395
0.9954919133475395
0.9954919133475395
0.9954919133475395
0.9954919133475395
0.9954919133475395
0.9954919133475395
0.9954919133475395
0.9954919133475395
0.9954919133475395
0.9954919133475395
0.9954919133475395
0.9954919133475395
0.9961296684495803
0.9961296684495803
0.9961296684495803
0.9961296684495803
0.9961296684495803
0.9961296684495803
0.9961296684495803
0.9961296684495803
0.9961296684495803
0.9961296684495803
0.9961296684495803
0.9969466619136326
0.9975701033101413
0.9975701033101413
0.9975701033101413
0.9975701033101413
0.9975701033101413
0.9975701033101413
0.9975701033101413
0.9975701033101413
0.9975701033101413
0.9975701033101413
0.9975701033101413
0.9975701033101413
0.9975701033101413
0.9975701033101413
0.9975701033101413
0.9975701033101413
0.9975701033101413
0.9975701033101413
0.9975701033101413
0.9975701033101413
0.9975701033101413
0.9975701033101413
0.9975701033101413
0.9975701033101413
0.9975701033101413
0.9975701033101413
0.9983870967741936
0.9983870967741936
0.9983870967741936
0.9983870967741936
0.9983870967741936
0.9983870967741936
0.9983870967741936
0.9989247311827957
0.9989247311827957
0.9989247311827957
0.9989247311827957
0.9989247311827957
0.9989247311827957
0.9989247311827957
0.9989247311827957
0.9989247311827957
0.9989247311827957
0.9989247311827957
0.9989247311827957
0.9989247311827957
0.9989247311827957
0.9989247311827957
0.9989247311827957
0.9989247311827957
0.9989247311827957
0.9989247311827957
0.9989247311827957
0.9989247311827957
0.9994623655913979
0.9994623655913979
0.9994623655913979
0.9994623655913979
0.9994623655913979
0.9994623655913979
0.9994623655913979
0.9994623655913979
0.9994623655913979
0.9994623655913979
0.9994623655913979
0.9994623655913979
0.9994623655913979
0.9994623655913979
0.9994623655913979
0.9994623655913979
0.9994623655913979
0.9994623655913979
0.9994623655913979
0.9994623655913979
0.9994623655913979
0.9994623655913979
0.9994623655913979
0.9994623655913979
0.9994623655913979
0.9994623655913979
0.9994623655913979
0.9994623655913979
0.9994623655913979
0.9994623655913979
0.9994623655913979
0.9994623655913979
0.9994623655913979
0.9994623655913979
0.9994623655913979
0.9994623655913979
0.9994623655913979
0.9994623655913979
0.9994623655913979
0.9994623655913979
0.9994623655913979
0.9994623655913979
0.9994623655913979
0.9994623655913979
0.9994623655913979
0.9994623655913979
0.9994623655913979
0.9994623655913979
0.9994623655913979
0.9994623655913979
0.9994623655913979
0.9994623655913979
0.9994623655913979
0.9994623655913979
0.9994623655913979
0.9994623655913979
0.9994623655913979
0.9994623655913979
0.9994623655913979
0.9994623655913979
0.9994623655913979
0.9994623655913979
0.9994623655913979
0.9994623655913979
0.9994623655913979
0.9994623655913979
0.9994623655913979
0.9994623655913979
0.9994623655913979
0.9994623655913979
0.9994623655913979
0.9994623655913979
0.9994623655913979
0.9994623655913979
0.9994623655913979
0.9994623655913979
0.9994623655913979
0.9994623655913979
0.9994623655913979
0.9994623655913979
0.9994623655913979
0.9994623655913979
0.9994623655913979
0.9994623655913979
0.9994623655913979
0.9994623655913979
0.9994623655913979
0.9994623655913979
0.9994623655913979
0.9994623655913979
0.9994623655913979
0.9994623655913979
0.9994623655913979
0.9994623655913979
0.9994623655913979
0.9994623655913979
0.9994623655913979
0.9994623655913979
0.9994623655913979
0.9994623655913979
0.9994623655913979
0.9994623655913979
0.9994623655913979
0.9994623655913979
0.9994623655913979
0.9994623655913979
0.9994623655913979
0.9994623655913979
0.9994623655913979
0.9994623655913979
0.9994623655913979
0.9994623655913979
0.9994623655913979
0.9994623655913979
0.9994623655913979
0.9994623655913979
0.9994623655913979
0.9994623655913979
0.9994623655913979
0.9994623655913979
0.9994623655913979
0.9994623655913979
0.9994623655913979
0.9994623655913979
0.9994623655913979
0.9994623655913979
0.9994623655913979
0.9994623655913979
0.9994623655913979
0.9994623655913979
0.9994623655913979
0.9994623655913979
0.9994623655913979
0.9994623655913979
0.9994623655913979
0.9994623655913979
0.9994623655913979
0.9994623655913979
0.9994623655913979
0.9994623655913979
0.9994623655913979
0.9994623655913979
0.9994623655913979
0.9994623655913979
0.9994623655913979
0.9994623655913979
0.9994623655913979
0.9994623655913979
0.9994623655913979
0.9994623655913979
0.9994623655913979
0.9994623655913979
0.9994623655913979
0.9994623655913979
0.9994623655913979
0.9994623655913979
0.9994623655913979
0.9994623655913979
0.9994623655913979
0.9994623655913979
0.9994623655913979
0.9994623655913979
0.9994623655913979
0.9994623655913979
0.9994623655913979
0.9994623655913979
0.9994623655913979
0.9994623655913979
0.9994623655913979
0.9994623655913979
0.9994623655913979
0.9994623655913979
1.0
1.0
