0.0
0.0
0.0
0.0
0.0
0.0
0.0
0.0
0.0
0.0
0.014392040707830182
0.014392040707830182
0.014392040707830182
0.04764562922457659
0.04764562922457659
0.04764562922457659
0.051154401154401154
0.051154401154401154
0.051154401154401154
0.051154401154401154
0.06968178020809598
0.08810283283967495
0.08810283283967495
0.08810283283967495
0.08810283283967495
0.10502012607275764
0.10502012607275764
0.10980481506797296
0.10980481506797296
0.10980481506797296
0.10980481506797296
0.10980481506797296
0.11882737145895039
0.12321333637123114
0.1434153565732513
0.1434153565732513
0.1434153565732513
0.1434153565732513
0.1434153565732513
0.1434153565732513
0.1434153565732513
0.16365535049745575
0.16365535049745575
0.16844003949267106
0.16844003949267106
0.16844003949267106
0.16844003949267106
0.16844003949267106
0.20549479760006079
0.20549479760006079
0.20900356952988533
0.21276296802612593
0.21276296802612593
0.21276296802612593
0.23118402065770485
0.24492671071618438
0.24492671071618438
0.24492671071618438
0.24492671071618438
0.24492671071618438
0.24492671071618438
0.24492671071618438
0.277887901572112
0.277887901572112
0.28315105946684893
0.28841421736158573
0.28841421736158573
0.28841421736158573
0.28841421736158573
0.3123490544543176
0.3123490544543176
0.3123490544543176
0.3123490544543176
0.3123490544543176
0.3123490544543176
0.3123490544543176
0.3455608718766614
0.3508240297713982
0.3508240297713982
0.3508240297713982
0.3508240297713982
0.3508240297713982
0.3508240297713982
0.36836788942052096
0.36836788942052096
0.36836788942052096
0.36836788942052096
0.37626262626262624
0.37626262626262624
0.37626262626262624
0.4134616845143161
0.4134616845143161
0.4134616845143161
0.4134616845143161
0.4134616845143161
0.4134616845143161
0.4134616845143161
0.41872484240905294
0.4366674261411103
0.4366674261411103
0.4366674261411103
0.4366674261411103
0.4366674261411103
0.441053391053391
0.4491987544619124
0.4491987544619124
0.4491987544619124
0.4491987544619124
0.4491987544619124
0.45358471937419303
0.45358471937419303
0.4646958304853041
0.4646958304853041
0.4646958304853041
0.4646958304853041
0.4646958304853041
0.46820460241512873
0.46820460241512873
0.5022556390977444
0.5022556390977444
0.5254613807245386
0.5254613807245386
0.5254613807245386
0.5254613807245386
0.5254613807245386
0.5307245386192756
0.5307245386192756
0.5307245386192756
0.5307245386192756
0.5307245386192756
0.5307245386192756
0.5438406622617149
0.5641224272803221
0.5641224272803221
0.5641224272803221
0.5641224272803221
0.5641224272803221
0.5641224272803221
0.5641224272803221
0.573293081187818
0.573293081187818
0.573293081187818
0.5803106250474671
0.5803106250474671
0.5803106250474671
0.5803106250474671
0.5903584719374193
0.5903584719374193
0.5903584719374193
0.5903584719374193
0.5903584719374193
0.5903584719374193
0.5947444368497
0.622336143388775
0.622336143388775
0.6267221083010557
0.6267221083010557
0.6267221083010557
0.6267221083010557
0.6267221083010557
0.6267221083010557
0.6267221083010557
0.6267221083010557
0.6267221083010557
0.6267221083010557
0.6267221083010557
0.6267221083010557
0.6267221083010557
0.6302308802308803
0.6407571960203539
0.6407571960203539
0.6407571960203539
0.6407571960203539
0.6407571960203539
0.6597630439735703
0.6650262018683071
0.6650262018683071
0.6650262018683071
0.6650262018683071
0.6650262018683071
0.6650262018683071
0.6827409432672592
0.6827409432672592
0.6827409432672592
0.6827409432672592
0.6827409432672592
0.6915128730918205
0.6915128730918205
0.6915128730918205
0.6915128730918205
0.6915128730918205
0.6915128730918205
0.6915128730918205
0.6915128730918205
0.6915128730918205
0.7070099491152122
0.7070099491152122
0.7070099491152122
0.7070099491152122
0.7070099491152122
0.7070099491152122
0.7070099491152122
0.715303410040252
0.715303410040252
0.715303410040252
0.715303410040252
0.715303410040252
0.715303410040252
0.7188121819700767
0.7223209538999013
0.7223209538999013
0.7223209538999013
0.7223209538999013
0.7223209538999013
0.7223209538999013
0.7223209538999013
0.7382167540062277
0.7382167540062277
0.7382167540062277
0.7477861319966582
0.7556808688387635
0.7556808688387635
0.7556808688387635
0.7667919799498746
0.7667919799498746
0.7667919799498746
0.7667919799498746
0.7667919799498746
0.7667919799498746
0.7667919799498746
0.7825814536340852
0.7825814536340852
0.7825814536340852
0.7869674185463659
0.7869674185463659
0.7869674185463659
0.7869674185463659
0.8066643882433356
0.8066643882433356
0.8066643882433356
0.8066643882433356
0.8066643882433356
0.8066643882433356
0.8066643882433356
0.8066643882433356
0.8066643882433356
0.8066643882433356
0.8066643882433356
0.8066643882433356
0.8066643882433356
0.8066643882433356
0.8066643882433356
0.8066643882433356
0.8066643882433356
0.8066643882433356
0.8066643882433356
0.8066643882433356
0.8066643882433356
0.8189450899977215
0.8189450899977215
0.8189450899977215
0.8189450899977215
0.8189450899977215
0.822453861927546
0.822453861927546
0.822453861927546
0.822453861927546
0.822453861927546
0.822453861927546
0.822453861927546
0.822453861927546
0.822453861927546
0.8268398268398268
0.8268398268398268
0.8303485987696513
0.8303485987696513
0.8303485987696513
0.8303485987696513
0.8303485987696513
0.8435064935064933
0.8435064935064933
0.8435064935064933
0.8435064935064933
0.8435064935064933
0.8435064935064933
0.8470152654363179
0.8470152654363179
0.8470152654363179
0.8470152654363179
0.8470152654363179
0.8470152654363179
0.8470152654363179
0.8470152654363179
0.8470152654363179
0.8470152654363179
0.8470152654363179
0.8517999544315333
0.8517999544315333
0.8517999544315333
0.8517999544315333
0.8517999544315333
0.8517999544315333
0.8517999544315333
0.8517999544315333
0.8517999544315333
0.8517999544315333
0.8517999544315333
0.8517999544315333
0.8517999544315333
0.8517999544315333
0.8517999544315333
0.8609706083390293
0.8609706083390293
0.8609706083390293
0.8644793802688537
0.8644793802688537
0.8644793802688537
0.8644793802688537
0.8644793802688537
0.8644793802688537
0.8644793802688537
0.8644793802688537
0.8644793802688537
0.8644793802688537
0.877557530189109
0.877557530189109
0.877557530189109
0.877557530189109
0.877557530189109
0.877557530189109
0.877557530189109
0.877557530189109
0.877557530189109
0.877557530189109
0.877557530189109
0.8819434951013898
0.8819434951013898
0.8854522670312144
0.8854522670312144
0.8854522670312144
0.8902369560264295
0.8902369560264295
0.8902369560264295
0.8902369560264295
0.8902369560264295
0.8902369560264295
0.8902369560264295
0.8902369560264295
0.8902369560264295
0.8902369560264295
0.8902369560264295
0.8987810435178855
0.8987810435178855
0.8987810435178855
0.8987810435178855
0.8987810435178855
0.9084301663249029
0.9084301663249029
0.9084301663249029
0.9084301663249029
0.9084301663249029
0.9084301663249029
0.9136933242196399
0.9136933242196399
0.9136933242196399
0.9136933242196399
0.9136933242196399
0.9136933242196399
0.9136933242196399
0.9136933242196399
0.9136933242196399
0.9136933242196399
0.9136933242196399
0.9184780132148551
0.9184780132148551
0.9184780132148551
0.9184780132148551
0.9237411711095921
0.9237411711095921
0.9237411711095921
0.9237411711095921
0.9237411711095921
0.9237411711095921
0.9237411711095921
0.9281271360218729
0.9281271360218729
0.9281271360218729
0.9281271360218729
0.9281271360218729
0.9281271360218729
0.9281271360218729
0.9561175666438825
0.9561175666438825
0.9561175666438825
0.9561175666438825
0.9605035315561633
0.9605035315561633
0.9605035315561633
0.9605035315561633
0.9605035315561633
0.9605035315561633
0.9605035315561633
0.9640123034859878
0.9640123034859878
0.9640123034859878
0.9640123034859878
0.9640123034859878
0.9640123034859878
0.9640123034859878
0.9640123034859878
0.9640123034859878
0.9640123034859878
0.9640123034859878
0.9640123034859878
0.9640123034859878
0.9640123034859878
0.9640123034859878
0.9640123034859878
0.9640123034859878
0.9640123034859878
0.9640123034859878
0.9640123034859878
0.9640123034859878
0.9640123034859878
0.9640123034859878
0.9640123034859878
0.9640123034859878
0.9640123034859878
0.9730348598769653
0.9730348598769653
0.9730348598769653
0.9730348598769653
0.9730348598769653
0.9730348598769653
0.9730348598769653
0.9730348598769653
0.9730348598769653
0.9730348598769653
0.9730348598769653
0.9774208247892459
0.9774208247892459
0.9859649122807018
0.9859649122807018
0.9859649122807018
0.9859649122807018
0.9859649122807018
0.9859649122807018
0.9859649122807018
0.9859649122807018
0.9859649122807018
0.9903508771929826
0.9903508771929826
0.9903508771929826
0.9903508771929826
0.9956140350877194
0.9956140350877194
0.9956140350877194
0.9956140350877194
0.9956140350877194
0.9956140350877194
0.9956140350877194
0.9956140350877194
0.9956140350877194
0.9956140350877194
0.9956140350877194
0.9956140350877194
0.9956140350877194
0.9956140350877194
0.9956140350877194
0.9956140350877194
0.9956140350877194
0.9956140350877194
0.9956140350877194
0.9956140350877194
0.9956140350877194
0.9956140350877194
0.9956140350877194
0.9956140350877194
0.9956140350877194
0.9956140350877194
0.9956140350877194
0.9956140350877194
0.9956140350877194
0.9956140350877194
0.9956140350877194
0.9956140350877194
0.9956140350877194
0.9956140350877194
0.9956140350877194
0.9956140350877194
0.9956140350877194
0.9956140350877194
0.9956140350877194
0.9956140350877194
0.9956140350877194
0.9956140350877194
0.9956140350877194
0.9956140350877194
0.9956140350877194
0.9956140350877194
0.9956140350877194
0.9956140350877194
0.9956140350877194
0.9956140350877194
0.9956140350877194
0.9956140350877194
0.9956140350877194
0.9956140350877194
0.9956140350877194
0.9956140350877194
0.9956140350877194
0.9956140350877194
0.9956140350877194
0.9956140350877194
0.9956140350877194
0.9956140350877194
0.9956140350877194
0.9956140350877194
0.9956140350877194
0.9956140350877194
0.9956140350877194
0.9956140350877194
0.9956140350877194
0.9956140350877194
0.9956140350877194
0.9956140350877194
0.9956140350877194
0.9956140350877194
0.9956140350877194
0.9956140350877194
0.9956140350877194
0.9956140350877194
0.9956140350877194
0.9956140350877194
0.9956140350877194
0.9956140350877194
0.9956140350877194
0.9956140350877194
0.9956140350877194
0.9956140350877194
0.9956140350877194
0.9956140350877194
0.9956140350877194
0.9956140350877194
0.9956140350877194
1.0
1.0
