0.026604138049259606
0.0483764824775716
0.07595408961073614
0.09500963768768383
0.11089578146289424
0.1305832880131158
0.1468920843597527
0.1584566924375535
0.1613479336631428
0.16396343677317765
0.16645092645123488
0.1762469257578821
0.18469838903555175
0.19381020475503763
0.20840953080069377
0.2205874835097668
0.2257566617011706
0.23641321841165586
0.24828236066217768
0.2523812257157563
0.25646088791628746
0.2646415780280365
0.27939880904381637
0.28660250412145294
0.2956194164571845
0.3018119931634208
0.31456955619989335
0.32210010623456053
0.33613249836959713
0.3380264472887177
0.34136170236323476
0.3475769240429168
0.3531547040307158
0.3662020532876885
0.3718516328799346
0.3806508018807986
0.3886523994147067
0.3956894166107576
0.4024175983315563
0.4122080647114736
0.4214035430950254
0.42570958127681086
0.43511500942202863
0.44030368925666924
0.45366691437545764
0.4628395723821154
0.4676978895349057
0.4734229222559783
0.4768152933586049
0.4858531610349576
0.4882948814440102
0.493571262789708
0.5038311833668591
0.5085721610276274
0.5109608933906858
0.5220709079988354
0.5313642481986419
0.5377619944903255
0.5438914097216702
0.5492063907092128
0.5513939749317671
0.552751535499854
0.5538283964501838
0.561278612218678
0.561278612218678
0.5667193909936238
0.5755765669035277
0.5801603804174841
0.5931841435653404
0.5987394854069723
0.6132860887692058
0.6207550336229573
0.6276741460924395
0.6289907584488464
0.6289907584488464
0.6296248738578509
0.6314855814646596
0.6439566699181729
0.6562607669611744
0.6602619176438091
0.6675086001817855
0.6692922072967571
0.6732251501069869
0.6773144508631548
0.6838199534606383
0.6885640660300476
0.6912842715336289
0.6938825504476972
0.6953420396264846
0.6972567915412364
0.6979877856932832
0.7047504169969091
0.7072863679743812
0.7102487816946461
0.711557660936309
0.7155701612447729
0.7203116090928489
0.7215637079869489
0.7263244174478541
0.7306846583987844
0.7319606223315372
0.7358079318778501
0.7385742086140051
0.7420292807960406
0.7456840744225857
0.7530595075066977
0.7554360485986714
0.7584330434459756
0.761717466740821
0.7629938057364581
0.7670190542487095
0.7684101166726358
0.7727593054079209
0.7732169713118113
0.7755722326687026
0.7781885236908287
0.7817092476077913
0.7835298975090388
0.7847293469420858
0.7900963999172539
0.792174131879018
0.7985787554910735
0.8006768036417532
0.8013603306410697
0.8035202364387463
0.8057284327158271
0.8086196147393118
0.8104990103133399
0.8111737741459984
0.8111737741459984
0.8132655077926467
0.8151881108785236
0.8172673822440242
0.8241002904012408
0.8271568665827612
0.8291538110490396
0.8321927927311464
0.8338895347215968
0.8349696804606638
0.8356444442933222
0.8387994892852633
0.8387994892852633
0.8387994892852633
0.8427410176387872
0.847393000509595
0.8493823959829091
0.8510806236262812
0.8560780509142085
0.8601960558468972
0.8613086401554232
0.8613086401554232
0.862029620688949
0.862029620688949
0.862487286592839
0.8646791683255034
0.8651251986555659
0.8686264316107153
0.8699523728217969
0.8717282108210032
0.8736019304018808
0.8756242411841052
0.8771905889374375
0.8771905889374375
0.8778097839838771
0.8778097839838771
0.880507057497458
0.880964723401348
0.882331777399981
0.8841974199025815
0.8864348849546918
0.886955989696745
0.8902885715176897
0.8914758916920812
0.8937687843207269
0.8950451233163644
0.8962121341799524
0.8995982580955474
0.9000442884256098
0.9000442884256098
0.9015287688574586
0.9024441006652388
0.9024441006652388
0.9030859491889874
0.9030859491889874
0.9050266884663635
0.9050266884663635
0.9066942757253657
0.9108036382119803
0.9136413436452157
0.9154831183414621
0.9177002790802848
0.9181787479798063
0.9181787479798063
0.9186998527218596
0.9186998527218596
0.920250859165379
0.9210605757645692
0.9210605757645692
0.9223487612632809
0.9229828766722855
0.9235039814143386
0.9246364111508872
0.9253111749835459
0.9259452903925502
0.9259452903925502
0.9269962814001685
0.9269962814001685
0.9277172619336941
0.9281632922637566
0.9294660143095128
0.9307457388197273
0.9312242077192487
0.9318989715519074
0.933301939681013
0.9339767035136715
0.9347076976657183
0.9347076976657183
0.9347076976657183
0.9347076976657183
0.9347076976657183
0.9353824614983768
0.938670040792148
0.9394113306364772
0.9407108757956714
0.9407108757956714
0.9407108757956714
0.941344991204676
0.9427101007657271
0.9427101007657271
0.9432312055077804
0.9432312055077804
0.9439724953521095
0.9444301612559997
0.9450799338355967
0.9468661397456244
0.947540903578283
0.9486483420617703
0.9486483420617703
0.9486483420617703
0.9486483420617703
0.9494580586609606
0.9494580586609606
0.9500846250770006
0.95082591492133
0.95082591492133
0.951475687500927
0.951475687500927
0.9527446551269637
0.9527446551269637
0.9534281821262803
0.9541029459589389
0.9541029459589389
0.9548442358032678
0.9554783512122724
0.9554783512122724
0.9554783512122724
0.9554783512122724
0.9561618782115888
0.9566079085416512
0.9566079085416512
0.9574176251408415
0.9574176251408415
0.9574176251408415
0.9592899530193613
0.9597684219188829
0.9597684219188829
0.9597684219188829
0.9616513983512467
0.9616513983512467
0.9629989453008124
0.9636255117168526
0.9636255117168526
0.9636255117168526
0.964300275549511
0.964300275549511
0.9652998491910857
0.9657783180906071
0.9657783180906071
0.9657783180906071
0.9668435434671092
0.9668435434671092
0.9675183072997678
0.9675183072997678
0.9675183072997678
0.9675183072997678
0.967975973203658
0.9705451846377806
0.9705451846377806
0.9705451846377806
0.9705451846377806
0.9720758817704965
0.9720758817704965
0.9720758817704965
0.9720758817704965
0.9720758817704965
0.9720758817704965
0.9720758817704965
0.9720758817704965
0.9720758817704965
0.9720758817704965
0.9720758817704965
0.9728171716148257
0.9728171716148257
0.9728171716148257
0.9742766607936131
0.9748816214711692
0.9748816214711692
0.9748816214711692
0.9748816214711692
0.9748816214711692
0.9748816214711692
0.9748816214711692
0.9756026020046947
0.9756026020046947
0.9756026020046947
0.9756026020046947
0.9756026020046947
0.9756026020046947
0.9756026020046947
0.9756026020046947
0.9756026020046947
0.9756026020046947
0.9763235825382203
0.9769576979472249
0.9775626586247806
0.9782374224574392
0.9782374224574392
0.9782374224574392
0.979173557260851
0.979173557260851
0.979173557260851
0.979173557260851
0.979173557260851
0.979173557260851
0.9796520261603724
0.9802861415693768
0.9802861415693768
0.9802861415693768
0.9802861415693768
0.9802861415693768
0.9810171357214236
0.9810171357214236
0.9810171357214236
0.9828705459914981
0.9828705459914981
0.9835915265250237
0.9835915265250237
0.9835915265250237
0.9840491924289139
0.9847239562615723
0.9847239562615723
0.9856484554911562
0.9856484554911562
0.9862903040149046
0.9862903040149046
0.9862903040149046
0.9862903040149046
0.9862903040149046
0.9862903040149046
0.9862903040149046
0.9862903040149046
0.9862903040149046
0.9862903040149046
0.9862903040149046
0.9867363343449671
0.9867363343449671
0.9879322029196789
0.9879322029196789
0.9879322029196789
0.9879322029196789
0.9879322029196789
0.9879322029196789
0.9879322029196789
0.9879322029196789
0.9879322029196789
0.9879322029196789
0.9879322029196789
0.9879322029196789
0.9879322029196789
0.9879322029196789
0.9879322029196789
0.9879322029196789
0.9879322029196789
0.9879322029196789
0.9879322029196789
0.9879322029196789
0.9886531834532044
0.9886531834532044
0.9886531834532044
0.9886531834532044
0.989327947285863
0.989327947285863
0.989327947285863
0.989327947285863
0.989327947285863
0.989327947285863
0.989327947285863
0.989327947285863
0.989327947285863
0.989327947285863
0.989327947285863
0.989327947285863
0.989327947285863
0.9898490520279162
0.9906587686271064
0.9906587686271064
0.9906587686271064
0.9906587686271064
0.991104798957169
0.991104798957169
0.991104798957169
0.991104798957169
0.991104798957169
0.991104798957169
0.991104798957169
0.991104798957169
0.991104798957169
0.991104798957169
0.991104798957169
0.991104798957169
0.991104798957169
0.991104798957169
0.9917795627898276
0.9917795627898276
0.9917795627898276
0.9917795627898276
0.9917795627898276
0.9917795627898276
0.9917795627898276
0.9917795627898276
0.9917795627898276
0.9917795627898276
0.9924543266224861
0.9924543266224861
0.9930735216689257
0.9930735216689257
0.9930735216689257
0.9935519905684472
0.9935519905684472
0.9940730953105003
0.9940730953105003
0.9940730953105003
0.9940730953105003
0.9940730953105003
0.9940730953105003
0.9940730953105003
0.9940730953105003
0.9940730953105003
0.9940730953105003
0.9940730953105003
0.9940730953105003
0.9940730953105003
0.9940730953105003
0.9940730953105003
0.9940730953105003
0.9940730953105003
0.9940730953105003
0.9940730953105003
0.9940730953105003
0.9940730953105003
0.9940730953105003
0.9940730953105003
0.9940730953105003
0.9940730953105003
0.9940730953105003
0.9940730953105003
0.9940730953105003
0.9940730953105003
0.9946780559880564
0.9946780559880564
0.9946780559880564
0.9946780559880564
0.9946780559880564
0.9946780559880564
0.9946780559880564
0.9946780559880564
0.9946780559880564
0.9946780559880564
0.9946780559880564
0.9946780559880564
0.9946780559880564
0.9946780559880564
0.9946780559880564
0.9946780559880564
0.9946780559880564
0.9946780559880564
0.9946780559880564
0.9946780559880564
0.9946780559880564
0.9946780559880564
0.9946780559880564
0.9946780559880564
0.9946780559880564
0.9946780559880564
0.9946780559880564
0.9951991607301094
0.9951991607301094
0.9951991607301094
0.9951991607301094
0.9951991607301094
0.9951991607301094
0.9951991607301094
0.9951991607301094
0.9951991607301094
0.9951991607301094
0.9951991607301094
0.9951991607301094
0.9951991607301094
0.9951991607301094
0.9951991607301094
0.9951991607301094
0.9951991607301094
0.9951991607301094
0.9965949050962937
0.9965949050962937
0.9965949050962937
0.9965949050962937
0.9965949050962937
0.9965949050962937
0.9965949050962937
0.9965949050962937
0.9965949050962937
0.9965949050962937
0.9965949050962937
0.9965949050962937
0.9965949050962937
0.9965949050962937
0.9965949050962937
0.9970733739958151
0.9970733739958151
0.9970733739958151
0.9970733739958151
0.9970733739958151
0.9970733739958151
0.9970733739958151
0.9970733739958151
0.9970733739958151
0.9970733739958151
0.9970733739958151
0.9970733739958151
0.9970733739958151
0.9970733739958151
0.9970733739958151
0.9970733739958151
0.9970733739958151
0.9970733739958151
0.9970733739958151
0.9970733739958151
0.9970733739958151
0.9977152225195635
0.9977152225195635
0.9977152225195635
0.9977152225195635
0.9977152225195635
0.9977152225195635
0.9977152225195635
0.9977152225195635
0.9977152225195635
0.9977152225195635
0.9977152225195635
0.9983493379285681
0.9983493379285681
0.9983493379285681
0.9983493379285681
0.9983493379285681
0.9983493379285681
0.9983493379285681
0.9983493379285681
0.9983493379285681
0.9983493379285681
0.9983493379285681
0.9983493379285681
0.9987953682586305
0.9987953682586305
0.9987953682586305
0.9987953682586305
0.9987953682586305
0.9987953682586305
0.9987953682586305
0.9987953682586305
0.9987953682586305
0.9987953682586305
0.9987953682586305
0.9987953682586305
0.9987953682586305
0.9994788952579469
0.9994788952579469
0.9994788952579469
0.9994788952579469
1.0
1.0
