0.031037039648949667
0.0732488905819498
0.1000213390683833
0.14650122730918053
0.1843928294712602
0.24301514730581283
0.26059920185855406
0.2856985886623587
0.30980875961657534
0.32069641675277333
0.3685871455526482
0.39142027850996297
0.4094545137644214
0.4353781843778287
0.44915481003871743
0.4982990782367256
0.5173244664541242
0.5397085550199545
0.5578653375946243
0.5673831867280578
0.6173090173239958
0.6317763876439316
0.6458332348350767
0.6629267083295279
0.6705303376086973
0.6877439547687758
0.6910834322707623
0.6985831312721319
0.7020228257971328
0.7092580161403511
0.7233382039288289
0.7259716036266585
0.7292255973762618
0.735182619267598
0.7436745610352529
0.7634058069091902
0.7673376683676846
0.7699024722540153
0.7733748004465184
0.7789194070565562
0.7921737780862762
0.8002052140104774
0.8061485164209379
0.8070098428636596
0.8080885915152238
0.8109804365123321
0.8173272083967842
0.826173043983839
0.8372608232624419
0.8436931277579682
0.8472285464863649
0.8472285464863649
0.8502324843596238
0.8531831600224487
0.8596655042221953
0.8749529773623794
0.8758637241747657
0.8769424728263299
0.8797932947330019
0.8849292730831944
0.8896570876791253
0.8926501621552345
0.8984757948742832
0.9011227587680614
0.9011227587680614
0.9061984533514398
0.9136841153081373
0.9169741724404593
0.9169741724404593
0.9190305955495138
0.9198919219922357
0.9223339244342381
0.9244524007152235
0.9252878226032768
0.9261232444913303
0.9261232444913303
0.9261232444913303
0.9278730257686707
0.9319584130922924
0.9370705831839428
0.9379813299963288
0.9400244813529812
0.9400244813529812
0.9400244813529812
0.9400244813529812
0.9425960143521459
0.9469960308881694
0.947864086443725
0.947864086443725
0.947864086443725
0.9510854465258264
0.9528575197809344
0.9554821916969449
0.9566899211655439
0.9576006679779299
0.9585114147903161
0.9585114147903161
0.9606298910713014
0.9614912175140231
0.9632205995123004
0.9671061571370632
0.9671061571370632
0.9688917945881196
0.9688917945881196
0.9688917945881196
0.9688917945881196
0.9688917945881196
0.9688917945881196
0.9688917945881196
0.9705952720317287
0.9714565984744505
0.9726775996954518
0.9726775996954518
0.9747734915551232
0.9747734915551232
0.9758522402066873
0.9758522402066873
0.9758522402066873
0.9758522402066873
0.9758522402066873
0.9758522402066873
0.9758522402066873
0.9778417356706376
0.9778417356706376
0.9778417356706376
0.979831231134588
0.981038960603187
0.981038960603187
0.981038960603187
0.981038960603187
0.9822466900717861
0.983950167515395
0.9848114939581168
0.9848114939581168
0.9848114939581168
0.9848114939581168
0.9856795495136724
0.9877621696209415
0.9889698990895405
0.9889698990895405
0.9889698990895405
0.9889698990895405
0.9889698990895405
0.9889698990895405
0.9889698990895405
0.9934743135645737
0.9943492042032438
0.9943492042032438
0.9943492042032438
0.9943492042032438
0.9943492042032438
0.9943492042032438
0.9943492042032438
0.9943492042032438
0.9943492042032438
0.9952105306459657
0.9952105306459657
0.9952105306459657
0.9952105306459657
0.9952105306459657
0.9952105306459657
0.9952105306459657
0.9952105306459657
0.9952105306459657
0.9952105306459657
0.9952105306459657
0.9952105306459657
0.9952105306459657
0.9960459525340192
0.9960459525340192
0.9960459525340192
0.9960459525340192
0.9960459525340192
0.9960459525340192
0.9960459525340192
0.9960459525340192
0.9960459525340192
0.9960459525340192
0.9960459525340192
0.9960459525340192
0.9960459525340192
0.9960459525340192
0.9960459525340192
0.9960459525340192
0.9960459525340192
0.9960459525340192
0.9960459525340192
0.9960459525340192
0.9960459525340192
0.9969140080895748
0.9969140080895748
0.9969140080895748
0.9969140080895748
0.9969140080895748
0.9969140080895748
0.9969140080895748
0.9969140080895748
0.9969140080895748
0.9969140080895748
0.9969140080895748
0.9969140080895748
0.9969140080895748
0.9982211976320584
0.9982211976320584
0.9982211976320584
0.9982211976320584
0.9982211976320584
0.9991319444444444
0.9991319444444444
0.9991319444444444
0.9991319444444444
0.9991319444444444
0.9991319444444444
0.9991319444444444
0.9991319444444444
0.9991319444444444
0.9991319444444444
0.9991319444444444
0.9991319444444444
0.9991319444444444
0.9991319444444444
0.9991319444444444
0.9991319444444444
0.9991319444444444
0.9991319444444444
0.9991319444444444
0.9991319444444444
0.9991319444444444
0.9991319444444444
0.9991319444444444
0.9991319444444444
0.9991319444444444
0.9991319444444444
1.0
1.0
