0.0
0.0
0.0
0.0
0.0
0.0
0.0
0.0
0.0
0.0
0.0
0.0
0.0
0.0
0.0
0.0
0.0032966850064340024
0.0032966850064340024
0.005725415696034257
0.005725415696034257
0.005725415696034257
0.005725415696034257
0.005725415696034257
0.005725415696034257
0.005725415696034257
0.01006244766644516
0.01006244766644516
0.01006244766644516
0.012870578316286692
0.012870578316286692
0.013706000204340159
0.013706000204340159
0.013706000204340159
0.018391688270953412
0.018391688270953412
0.018391688270953412
0.018391688270953412
0.021249239290459312
0.023238734754409653
0.023238734754409653
0.023238734754409653
0.023238734754409653
0.023238734754409653
0.023238734754409653
0.023238734754409653
0.0250108080095176
0.0250108080095176
0.0250108080095176
0.0250108080095176
0.0250108080095176
0.027538998773002483
0.035714008943283734
0.035714008943283734
0.035714008943283734
0.035714008943283734
0.035714008943283734
0.038278812829614546
0.0391895596420007
0.0391895596420007
0.0391895596420007
0.0391895596420007
0.0391895596420007
0.0391895596420007
0.0391895596420007
0.04039728911059973
0.04039728911059973
0.04039728911059973
0.04304425300437784
0.04474773044798687
0.04474773044798687
0.04474773044798687
0.04474773044798687
0.04474773044798687
0.04474773044798687
0.04474773044798687
0.04704748032055228
0.04704748032055228
0.05177022923848499
0.05177022923848499
0.05177022923848499
0.05177022923848499
0.05177022923848499
0.05177022923848499
0.05177022923848499
0.054720904901309736
0.054720904901309736
0.054720904901309736
0.054720904901309736
0.054720904901309736
0.054720904901309736
0.058921708846017946
0.06106432027655509
0.06197506708894123
0.06197506708894123
0.06611990802441664
0.06611990802441664
0.06611990802441664
0.06611990802441664
0.06611990802441664
0.06611990802441664
0.06611990802441664
0.06890213411958984
0.06890213411958984
0.07252661718593113
0.07252661718593113
0.07252661718593113
0.07252661718593113
0.07252661718593113
0.07252661718593113
0.07252661718593113
0.07252661718593113
0.07252661718593113
0.07252661718593113
0.07582340343108694
0.07703113289968598
0.07703113289968598
0.07956330311851471
0.07956330311851471
0.08315697078116159
0.08315697078116159
0.08315697078116159
0.08315697078116159
0.08315697078116159
0.08402502633671714
0.08402502633671714
0.08402502633671714
0.08402502633671714
0.08402502633671714
0.08402502633671714
0.08510377498828132
0.08510377498828132
0.08510377498828132
0.08983663035423385
0.08983663035423385
0.08983663035423385
0.09309062410383724
0.09309062410383724
0.09476146787994418
0.09476146787994418
0.09476146787994418
0.09476146787994418
0.09476146787994418
0.09857990665477828
0.09857990665477828
0.10157298113088747
0.10157298113088747
0.10157298113088747
0.10157298113088747
0.10157298113088747
0.10157298113088747
0.10157298113088747
0.1032764585744965
0.10717373722342338
0.10717373722342338
0.10717373722342338
0.10924279313474422
0.10924279313474422
0.10924279313474422
0.10924279313474422
0.10924279313474422
0.11045052260334326
0.11045052260334326
0.11045052260334326
0.11045052260334326
0.11045052260334326
0.11045052260334326
0.11045052260334326
0.11045052260334326
0.11480111876970252
0.11835872350558595
0.121823410351198
0.121823410351198
0.121823410351198
0.12265883223925148
0.12265883223925148
0.12265883223925148
0.12265883223925148
0.12265883223925148
0.12265883223925148
0.12265883223925148
0.12265883223925148
0.12632278405620945
0.12632278405620945
0.12715820594426291
0.12715820594426291
0.12715820594426291
0.1282369545958271
0.1282369545958271
0.1282369545958271
0.13082766303682625
0.13082766303682625
0.13082766303682625
0.13082766303682625
0.13082766303682625
0.13565858091122238
0.13565858091122238
0.13565858091122238
0.13565858091122238
0.13565858091122238
0.13565858091122238
0.13565858091122238
0.13565858091122238
0.13808731160082263
0.14394880049358744
0.14394880049358744
0.14394880049358744
0.144816856049143
0.14972771364177054
0.15216971608377297
0.15216971608377297
0.15216971608377297
0.15216971608377297
0.15216971608377297
0.15216971608377297
0.15216971608377297
0.15216971608377297
0.15216971608377297
0.15216971608377297
0.15216971608377297
0.15216971608377297
0.15681703410709213
0.15681703410709213
0.15681703410709213
0.15681703410709213
0.15681703410709213
0.15681703410709213
0.15681703410709213
0.1622027758900829
0.1622027758900829
0.16414958009720262
0.16414958009720262
0.16414958009720262
0.16414958009720262
0.16797514639869757
0.16797514639869757
0.16797514639869757
0.16797514639869757
0.17013264370182593
0.17013264370182593
0.17013264370182593
0.17013264370182593
0.17013264370182593
0.17013264370182593
0.17013264370182593
0.17013264370182593
0.17013264370182593
0.1731191755383667
0.17486895681570702
0.17486895681570702
0.17486895681570702
0.17486895681570702
0.17486895681570702
0.17693801272702783
0.17693801272702783
0.18163134214053211
0.18163134214053211
0.18163134214053211
0.18163134214053211
0.18163134214053211
0.1872030771424667
0.1872030771424667
0.1872030771424667
0.1872030771424667
0.1872030771424667
0.1872030771424667
0.18958901533651454
0.18958901533651454
0.18958901533651454
0.18958901533651454
0.18958901533651454
0.18958901533651454
0.19133196153074025
0.20020518178965951
0.20020518178965951
0.20020518178965951
0.20107323734521507
0.20107323734521507
0.20107323734521507
0.20276998567599033
0.20276998567599033
0.20276998567599033
0.20276998567599033
0.20276998567599033
0.20276998567599033
0.2036313121187121
0.20842761655586114
0.20842761655586114
0.20842761655586114
0.2147110406078385
0.2147110406078385
0.2147110406078385
0.2147110406078385
0.2147110406078385
0.2147110406078385
0.2147110406078385
0.2147110406078385
0.2147110406078385
0.2147110406078385
0.2225211856786028
0.2225211856786028
0.2225211856786028
0.2225211856786028
0.2225211856786028
0.227733002317403
0.227733002317403
0.23185515759284284
0.23185515759284284
0.23185515759284284
0.23185515759284284
0.23185515759284284
0.23185515759284284
0.23393777770011204
0.23393777770011204
0.23393777770011204
0.23393777770011204
0.23393777770011204
0.23393777770011204
0.23393777770011204
0.23598092905676454
0.23598092905676454
0.23598092905676454
0.23789509959638216
0.24636005013075904
0.24636005013075904
0.24845594199043042
0.24845594199043042
0.24845594199043042
0.24845594199043042
0.24845594199043042
0.24845594199043042
0.24845594199043042
0.24845594199043042
0.24845594199043042
0.24845594199043042
0.24845594199043042
0.24845594199043042
0.24845594199043042
0.24931726843315222
0.24931726843315222
0.250178594875874
0.25192476357631366
0.25460758364380776
0.25460758364380776
0.25460758364380776
0.25460758364380776
0.25460758364380776
0.25460758364380776
0.25548247428247794
0.25548247428247794
0.25548247428247794
0.2626470703574857
0.2626470703574857
0.2626470703574857
0.2626470703574857
0.2626470703574857
0.2626470703574857
0.26679938532621184
0.26679938532621184
0.26679938532621184
0.26679938532621184
0.2676674408817674
0.2676674408817674
0.2676674408817674
0.2727471637791809
0.2727471637791809
0.2727471637791809
0.2727471637791809
0.2744439121099561
0.2744439121099561
0.2744439121099561
0.2744439121099561
0.2744439121099561
0.2744439121099561
0.2765398039696275
0.2765398039696275
0.2765398039696275
0.2789257421636754
0.2789257421636754
0.2789257421636754
0.2806686883579011
0.2806686883579011
0.2806686883579011
0.2806686883579011
0.2806686883579011
0.2806686883579011
0.2806686883579011
0.2806686883579011
0.2806686883579011
0.2806686883579011
0.2837111832036746
0.2880799889875608
0.2880799889875608
0.2880799889875608
0.2880799889875608
0.2880799889875608
0.2880799889875608
0.2880799889875608
0.2880799889875608
0.29160857263284284
0.29160857263284284
0.29160857263284284
0.29160857263284284
0.2957476158491668
0.2957476158491668
0.2957476158491668
0.2957476158491668
0.2957476158491668
0.3013735714713165
0.3013735714713165
0.3013735714713165
0.3013735714713165
0.3013735714713165
0.3013735714713165
0.3031165176655422
0.3031165176655422
0.305334454020412
0.305334454020412
0.3109844440093469
0.3109844440093469
0.3109844440093469
0.3109844440093469
0.3109844440093469
0.3109844440093469
0.3109844440093469
0.31442413853434786
0.31442413853434786
0.31442413853434786
0.31442413853434786
0.3164672898910004
0.3164672898910004
0.3164672898910004
0.3164672898910004
0.3164672898910004
0.3164672898910004
0.3164672898910004
0.3164672898910004
0.32342802795311415
0.32342802795311415
0.32342802795311415
0.32342802795311415
0.32342802795311415
0.33054355014820935
0.33054355014820935
0.3314542969605955
0.3314542969605955
0.3314542969605955
0.3314542969605955
0.3314542969605955
0.3314542969605955
0.3314542969605955
0.3314542969605955
0.3314542969605955
0.3314542969605955
0.3314542969605955
0.33359690839113265
0.3346756570426968
0.3346756570426968
0.3346756570426968
0.33779755705091347
0.3403124760619962
0.3403124760619962
0.3403124760619962
0.3403124760619962
0.3403124760619962
0.3403124760619962
0.3403124760619962
0.3403124760619962
0.34525948227188585
0.34525948227188585
0.34525948227188585
0.34525948227188585
0.34525948227188585
0.34525948227188585
0.34525948227188585
0.3486923417137722
0.35167887355031296
0.35167887355031296
0.35167887355031296
0.35167887355031296
0.35167887355031296
0.35493970238303096
0.35493970238303096
0.36153981751291103
0.36153981751291103
0.36153981751291103
0.36153981751291103
0.36153981751291103
0.36153981751291103
0.36153981751291103
0.36153981751291103
0.36153981751291103
0.36153981751291103
0.366150335940119
0.37590946551978544
0.37590946551978544
0.37674488740783896
0.37674488740783896
0.37674488740783896
0.37674488740783896
0.37674488740783896
0.37674488740783896
0.37674488740783896
0.37674488740783896
0.37674488740783896
0.37674488740783896
0.3793164204070035
0.38238466452251807
0.38238466452251807
0.38238466452251807
0.3832595551611882
0.3832595551611882
0.3832595551611882
0.3877640708749431
0.3877640708749431
0.3877640708749431
0.3877640708749431
0.3877640708749431
0.38859949276299655
0.38859949276299655
0.38947438340166673
0.38947438340166673
0.3903098052897202
0.3903098052897202
0.3903098052897202
0.3903098052897202
0.3903098052897202
0.39706297152331743
0.39706297152331743
0.3992450517044712
0.3992450517044712
0.3992450517044712
0.4001131072600268
0.40655265423266207
0.40655265423266207
0.40655265423266207
0.40655265423266207
0.40655265423266207
0.40655265423266207
0.40655265423266207
0.40655265423266207
0.40655265423266207
0.40655265423266207
0.40655265423266207
0.40873473441381586
0.40873473441381586
0.40964548122620204
0.40964548122620204
0.40964548122620204
0.40964548122620204
0.40964548122620204
0.41224302475031577
0.41626571995187095
0.41626571995187095
0.41626571995187095
0.41626571995187095
0.41626571995187095
0.41626571995187095
0.41626571995187095
0.42051675007406475
0.42051675007406475
0.42337430109357066
0.42337430109357066
0.42337430109357066
0.42337430109357066
0.42337430109357066
0.42337430109357066
0.42337430109357066
0.42337430109357066
0.42337430109357066
0.4252884716331884
0.4252884716331884
0.4275749497533516
0.4275749497533516
0.4275749497533516
0.4293605872044079
0.4293605872044079
0.4293605872044079
0.4293605872044079
0.4293605872044079
0.4293605872044079
0.4293605872044079
0.4293605872044079
0.4293605872044079
0.4293605872044079
0.4314037385610604
0.4314037385610604
0.4314037385610604
0.4314037385610604
0.4344462334068339
0.4344462334068339
0.4344462334068339
0.4344462334068339
0.4344462334068339
0.4344462334068339
0.4393534784225608
0.4393534784225608
0.4393534784225608
0.440228369061231
0.440228369061231
0.440228369061231
0.440228369061231
0.440228369061231
0.440228369061231
0.440228369061231
0.440228369061231
0.440228369061231
0.440228369061231
0.4431790447240556
0.4431790447240556
0.4431790447240556
0.4431790447240556
0.44596810590234337
0.44596810590234337
0.44596810590234337
0.44596810590234337
0.44596810590234337
0.44596810590234337
0.44596810590234337
0.44596810590234337
0.4468788527147296
0.4468788527147296
0.4468788527147296
0.4468788527147296
0.44989767646057977
0.44989767646057977
0.44989767646057977
0.4512048660030634
0.4512048660030634
0.455769507043079
0.455769507043079
0.455769507043079
0.455769507043079
0.455769507043079
0.455769507043079
0.455769507043079
0.455769507043079
0.45660492893113247
0.45660492893113247
0.45660492893113247
0.45660492893113247
0.45660492893113247
0.45660492893113247
0.45660492893113247
0.45660492893113247
0.45660492893113247
0.4644459616687999
0.4644459616687999
0.4644459616687999
0.4644459616687999
0.4663996009590343
0.4663996009590343
0.4663996009590343
0.4663996009590343
0.4663996009590343
0.4663996009590343
0.4663996009590343
0.4663996009590343
0.4663996009590343
0.4663996009590343
0.4663996009590343
0.4663996009590343
0.4663996009590343
0.468109913485758
0.468109913485758
0.468109913485758
0.468109913485758
0.47318963638317146
0.47318963638317146
0.47318963638317146
0.47318963638317146
0.47318963638317146
0.47318963638317146
0.47318963638317146
0.47318963638317146
0.47318963638317146
0.47318963638317146
0.47318963638317146
0.47318963638317146
0.47318963638317146
0.47670465583250515
0.47670465583250515
0.4776154026448913
0.4776154026448913
0.4818403417391514
0.4818403417391514
0.4818403417391514
0.4818403417391514
0.4818403417391514
0.48271523237782155
0.48443788526326514
0.48443788526326514
0.48443788526326514
0.48443788526326514
0.48443788526326514
0.48443788526326514
0.48443788526326514
0.488780786492483
0.488780786492483
0.488780786492483
0.488780786492483
0.488780786492483
0.488780786492483
0.488780786492483
0.488780786492483
0.488780786492483
0.488780786492483
0.488780786492483
0.488780786492483
0.488780786492483
0.488780786492483
0.488780786492483
0.488780786492483
0.4942593968510988
0.49967465937723987
0.5013973122626835
0.5013973122626835
0.5013973122626835
0.5013973122626835
0.5013973122626835
0.5013973122626835
0.5013973122626835
0.5022586387054052
0.5022586387054052
0.5022586387054052
0.5031693855177913
0.5031693855177913
0.5031693855177913
0.5049056025991834
0.5049056025991834
0.5049056025991834
0.5107775427635446
0.5107775427635446
0.5107775427635446
0.5107775427635446
0.5107775427635446
0.5128465986748654
0.5128465986748654
0.5128465986748654
0.5128465986748654
0.5136820205629189
0.5158572656609581
0.5158572656609581
0.5158572656609581
0.5167680124733443
0.5167680124733443
0.5167680124733443
0.5167680124733443
0.520620936430605
0.520620936430605
0.520620936430605
0.520620936430605
0.520620936430605
0.520620936430605
0.5214822628733269
0.5214822628733269
0.5214822628733269
0.5214822628733269
0.5214822628733269
0.5235580478974815
0.5283611874177451
0.5283611874177451
0.5283611874177451
0.5283611874177451
0.5283611874177451
0.531825874263357
0.531825874263357
0.5337659493576431
0.5337659493576431
0.5337659493576431
0.5337659493576431
0.5337659493576431
0.5337659493576431
0.5337659493576431
0.5337659493576431
0.5337659493576431
0.5337659493576431
0.5337659493576431
0.5337659493576431
0.535502166439035
0.535502166439035
0.535502166439035
0.5377201027939048
0.5377201027939048
0.5377201027939048
0.5377201027939048
0.5377201027939048
0.5377201027939048
0.5377201027939048
0.5377201027939048
0.5377201027939048
0.5377201027939048
0.5377201027939048
0.5390272923363885
0.5390272923363885
0.5390272923363885
0.5390272923363885
0.5390272923363885
0.5407702385306142
0.5432984292940991
0.5432984292940991
0.5432984292940991
0.5432984292940991
0.5432984292940991
0.5432984292940991
0.5432984292940991
0.5441338511821525
0.5441338511821525
0.5441338511821525
0.5441338511821525
0.5441338511821525
0.5441338511821525
0.5450087418208227
0.5450087418208227
0.5450087418208227
0.5450087418208227
0.5458441637088761
0.549520455884554
0.549520455884554
0.5515636072412066
0.5515636072412066
0.5515636072412066
0.5515636072412066
0.5515636072412066
0.5515636072412066
0.5515636072412066
0.5515636072412066
0.5515636072412066
0.5524316627967621
0.5524316627967621
0.5524316627967621
0.5524316627967621
0.5524316627967621
0.5532670846848157
0.5532670846848157
0.5532670846848157
0.5563463474824073
0.5580566600091309
0.5580566600091309
0.5580566600091309
0.5580566600091309
0.5592776612301321
0.5592776612301321
0.5592776612301321
0.5592776612301321
0.5592776612301321
0.5592776612301321
0.5592776612301321
0.5592776612301321
0.5592776612301321
0.5610070432284094
0.5610070432284094
0.5610070432284094
0.5610070432284094
0.5610070432284094
0.5631755592136148
0.5631755592136148
0.5631755592136148
0.5643965604346161
0.5643965604346161
0.5643965604346161
0.5643965604346161
0.5643965604346161
0.5643965604346161
0.5643965604346161
0.5643965604346161
0.5643965604346161
0.5672541114541221
0.5672541114541221
0.5672541114541221
0.5672541114541221
0.5680895333421755
0.5680895333421755
0.5680895333421755
0.5719441207342718
0.5719441207342718
0.5719441207342718
0.5719441207342718
0.5719441207342718
0.5719441207342718
0.5719441207342718
0.5719441207342718
0.5719441207342718
0.5719441207342718
0.5745619575671677
0.5745619575671677
0.5745619575671677
0.5745619575671677
0.5745619575671677
0.5745619575671677
0.5745619575671677
0.5745619575671677
0.5745619575671677
0.576693705600555
0.576693705600555
0.576693705600555
0.576693705600555
0.5775550320432769
0.5775550320432769
0.5793271052983848
0.5793271052983848
0.5823804635413081
0.5823804635413081
0.5823804635413081
0.5823804635413081
0.5823804635413081
0.5823804635413081
0.5823804635413081
0.5823804635413081
0.5823804635413081
0.5823804635413081
0.5823804635413081
0.5823804635413081
0.5823804635413081
0.5823804635413081
0.5823804635413081
0.5823804635413081
0.5823804635413081
0.5871332709138053
0.5871332709138053
0.5882120195653694
0.5882120195653694
0.5882120195653694
0.5882120195653694
0.5882120195653694
0.5882120195653694
0.5882120195653694
0.5882120195653694
0.5902551709220218
0.5902551709220218
0.5902551709220218
0.5929088639286338
0.5929088639286338
0.5929088639286338
0.5929088639286338
0.5967477019825309
0.5967477019825309
0.5967477019825309
0.5967477019825309
0.5967477019825309
0.5967477019825309
0.5967477019825309
0.5967477019825309
0.6006518157145724
0.6006518157145724
0.6006518157145724
0.6006518157145724
0.6006518157145724
0.6006518157145724
0.6014872376026259
0.6014872376026259
0.6014872376026259
0.6053160264103348
0.6053160264103348
0.6053160264103348
0.6053160264103348
0.6053160264103348
0.6061773528530565
0.6061773528530565
0.6061773528530565
0.6061773528530565
0.6061773528530565
0.6061773528530565
0.6061773528530565
0.6061773528530565
0.6061773528530565
0.6079067348513338
0.6079067348513338
0.6079067348513338
0.6144680369410054
0.6144680369410054
0.6144680369410054
0.6144680369410054
0.6144680369410054
0.6144680369410054
0.6144680369410054
0.6144680369410054
0.6144680369410054
0.6144680369410054
0.6144680369410054
0.6144680369410054
0.6144680369410054
0.6144680369410054
0.6144680369410054
0.6144680369410054
0.6144680369410054
0.6189864801175706
0.6189864801175706
0.6240986502092208
0.6269630363118414
0.6269630363118414
0.6269630363118414
0.6277984581998948
0.6277984581998948
0.6277984581998948
0.6277984581998948
0.6277984581998948
0.6277984581998948
0.6277984581998948
0.6277984581998948
0.6277984581998948
0.6277984581998948
0.6277984581998948
0.635519241301654
0.635519241301654
0.635519241301654
0.635519241301654
0.637222718745263
0.637222718745263
0.637222718745263
0.637222718745263
0.637222718745263
0.6402402208144703
0.6402402208144703
0.6411509676268564
0.6411509676268564
0.6411509676268564
0.6411509676268564
0.6411509676268564
0.6411509676268564
0.6473593591980474
0.6473593591980474
0.6473593591980474
0.6473593591980474
0.6473593591980474
0.6473593591980474
0.6490887411963248
0.6499500676390465
0.6499500676390465
0.6499500676390465
0.6499500676390465
0.6499500676390465
0.6499500676390465
0.6499500676390465
0.6499500676390465
0.6499500676390465
0.6499500676390465
0.6524782584025314
0.6524782584025314
0.6524782584025314
0.6533890052149176
0.6533890052149176
0.6533890052149176
0.6533890052149176
0.6533890052149176
0.6554848970745889
0.6554848970745889
0.6554848970745889
0.6554848970745889
0.6554848970745889
0.6554848970745889
0.6554848970745889
0.6554848970745889
0.6554848970745889
0.6613659550914563
0.6613659550914563
0.6613659550914563
0.6613659550914563
0.6634844313724416
0.6634844313724416
0.6634844313724416
0.6634844313724416
0.6634844313724416
0.6634844313724416
0.6634844313724416
0.6634844313724416
0.6647054325934428
0.6647054325934428
0.6647054325934428
0.6647054325934428
0.6647054325934428
0.6693226801334844
0.6693226801334844
0.6693226801334844
0.6693226801334844
0.6693226801334844
0.6693226801334844
0.6693226801334844
0.6693226801334844
0.6701840065762062
0.6701840065762062
0.6701840065762062
0.6701840065762062
0.6723525225614116
0.6723525225614116
0.6723525225614116
0.6723525225614116
0.6723525225614116
0.6763357490123502
0.6763357490123502
0.6763357490123502
0.6763357490123502
0.6763357490123502
0.6763357490123502
0.6763357490123502
0.6763357490123502
0.6763357490123502
0.6763357490123502
0.6763357490123502
0.6763357490123502
0.6763357490123502
0.6763357490123502
0.6771711709004036
0.6771711709004036
0.6780324973431253
0.6800756486997779
0.6800756486997779
0.6800756486997779
0.6800756486997779
0.6800756486997779
0.6800756486997779
0.6800756486997779
0.6800756486997779
0.6800756486997779
0.6800756486997779
0.6800756486997779
0.680986395512164
0.680986395512164
0.680986395512164
0.680986395512164
0.680986395512164
0.6827226125935559
0.6858972531047915
0.6858972531047915
0.6858972531047915
0.6858972531047915
0.6858972531047915
0.6876334701861836
0.6876334701861836
0.6876334701861836
0.6876334701861836
0.6876334701861836
0.6876334701861836
0.6876334701861836
0.6876334701861836
0.6876334701861836
0.6876334701861836
0.6876334701861836
0.6876334701861836
0.6915584965615631
0.6998726964645079
0.6998726964645079
0.6998726964645079
0.6998726964645079
0.7007081183525614
0.7007081183525614
0.7007081183525614
0.7028398663859488
0.7028398663859488
0.7028398663859488
0.7040475958545477
0.7040475958545477
0.7040475958545477
0.7040475958545477
0.7040475958545477
0.7040475958545477
0.7061434877142191
0.7080576582538368
0.7080576582538368
0.7097938753352288
0.7097938753352288
0.7097938753352288
0.7097938753352288
0.7097938753352288
0.7097938753352288
0.7097938753352288
0.7097938753352288
0.7097938753352288
0.7097938753352288
0.7097938753352288
0.7106552017779505
0.7106552017779505
0.7106552017779505
0.7140722142544971
0.7140722142544971
0.7140722142544971
0.7140722142544971
0.7140722142544971
0.7193291824294559
0.7193291824294559
0.7193291824294559
0.7193291824294559
0.7193291824294559
0.7205501836504571
0.7214115100931788
0.7214115100931788
0.7214115100931788
0.7214115100931788
0.7214115100931788
0.7222469319812324
0.7252793199230309
0.7252793199230309
0.7252793199230309
0.7252793199230309
0.7252793199230309
0.7252793199230309
0.7252793199230309
0.7252793199230309
0.7252793199230309
0.7252793199230309
0.7252793199230309
0.7252793199230309
0.7252793199230309
0.7252793199230309
0.7252793199230309
0.7252793199230309
0.7252793199230309
0.7278903216728121
0.7278903216728121
0.728751648115534
0.728751648115534
0.728751648115534
0.728751648115534
0.728751648115534
0.728751648115534
0.728751648115534
0.7300588376580176
0.7300588376580176
0.7309201641007393
0.7317950547394095
0.7317950547394095
0.7317950547394095
0.7317950547394095
0.7317950547394095
0.7358804420630313
0.7358804420630313
0.7358804420630313
0.7358804420630313
0.7358804420630313
0.7358804420630313
0.7358804420630313
0.7358804420630313
0.7358804420630313
0.7358804420630313
0.7358804420630313
0.7376266107634708
0.7376266107634708
0.7376266107634708
0.7376266107634708
0.7376266107634708
0.7376266107634708
0.7396956666747917
0.7410028562172754
0.7410028562172754
0.7410028562172754
0.7410028562172754
0.7410028562172754
0.7427490249177149
0.7427490249177149
0.7427490249177149
0.7427490249177149
0.7427490249177149
0.7427490249177149
0.7427490249177149
0.7483027685398838
0.7483027685398838
0.7483027685398838
0.7483027685398838
0.7513597393597078
0.7513597393597078
0.7513597393597078
0.7530632168033168
0.7530632168033168
0.7530632168033168
0.7530632168033168
0.7542709462719157
0.7542709462719157
0.7542709462719157
0.7542709462719157
0.7542709462719157
0.7542709462719157
0.7542709462719157
0.7542709462719157
0.7563535663791848
0.7563535663791848
0.7585356465603387
0.7621860341813483
0.7621860341813483
0.7621860341813483
0.7621860341813483
0.7621860341813483
0.7621860341813483
0.7621860341813483
0.7621860341813483
0.7621860341813483
0.7621860341813483
0.7621860341813483
0.7621860341813483
0.7621860341813483
0.7621860341813483
0.7621860341813483
0.7621860341813483
0.7669546392045389
0.7669546392045389
0.7669546392045389
0.7669546392045389
0.7669546392045389
0.7669546392045389
0.7669546392045389
0.7669546392045389
0.7669546392045389
0.7669546392045389
0.7669546392045389
0.7669546392045389
0.7669546392045389
0.7669546392045389
0.7669546392045389
0.7669546392045389
0.7669546392045389
0.7735914526918084
0.7735914526918084
0.7755809481557587
0.7755809481557587
0.7755809481557587
0.7755809481557587
0.7755809481557587
0.7755809481557587
0.7755809481557587
0.7755809481557587
0.7755809481557587
0.7755809481557587
0.7755809481557587
0.7755809481557587
0.7755809481557587
0.7755809481557587
0.7755809481557587
0.7785875868278161
0.7785875868278161
0.7785875868278161
0.7785875868278161
0.7828274117946676
0.7828274117946676
0.7828274117946676
0.7828274117946676
0.7836628336827212
0.7836628336827212
0.7836628336827212
0.7836628336827212
0.7836628336827212
0.7836628336827212
0.7836628336827212
0.7836628336827212
0.7836628336827212
0.7885568069460457
0.7885568069460457
0.7885568069460457
0.7885568069460457
0.7885568069460457
0.7885568069460457
0.7905999583026984
0.7905999583026984
0.7905999583026984
0.7915107051150846
0.7915107051150846
0.7915107051150846
0.7915107051150846
0.7915107051150846
0.7915107051150846
0.7915107051150846
0.7915107051150846
0.7961706439119567
0.7961706439119567
0.7961706439119567
0.7961706439119567
0.7961706439119567
0.7970813907243429
0.7970813907243429
0.7970813907243429
0.7982891201929418
0.7982891201929418
0.7982891201929418
0.7982891201929418
0.7982891201929418
0.7982891201929418
0.7982891201929418
0.7982891201929418
0.7982891201929418
0.8025893842115346
0.8048758623316979
0.8048758623316979
0.8048758623316979
0.8048758623316979
0.8048758623316979
0.8048758623316979
0.8048758623316979
0.8048758623316979
0.8048758623316979
0.8068226665388176
0.8068226665388176
0.8068226665388176
0.8068226665388176
0.8068226665388176
0.8068226665388176
0.8068226665388176
0.8090406028936875
0.8090406028936875
0.8090406028936875
0.8090406028936875
0.8090406028936875
0.8090406028936875
0.8090406028936875
0.8090406028936875
0.8090406028936875
0.8090406028936875
0.8107114466697944
0.8107114466697944
0.8116221934821806
0.8116221934821806
0.8116221934821806
0.8116221934821806
0.8116221934821806
0.8142365725671479
0.8142365725671479
0.8142365725671479
0.8142365725671479
0.8142365725671479
0.8142365725671479
0.8142365725671479
0.8142365725671479
0.8142365725671479
0.8142365725671479
0.8142365725671479
0.8142365725671479
0.8142365725671479
0.8142365725671479
0.8163056284784687
0.8163056284784687
0.8163056284784687
0.8184015203381401
0.8184015203381401
0.8184015203381401
0.8184015203381401
0.8184015203381401
0.8184015203381401
0.8184015203381401
0.8184015203381401
0.8184015203381401
0.8184015203381401
0.8184015203381401
0.8184015203381401
0.8184015203381401
0.8184015203381401
0.8184015203381401
0.8184015203381401
0.8196092498067391
0.8264778326614227
0.8264778326614227
0.8264778326614227
0.8264778326614227
0.8281486764375298
0.8281486764375298
0.8281486764375298
0.8281486764375298
0.8281486764375298
0.8281486764375298
0.8281486764375298
0.8281486764375298
0.8290235670762
0.8290235670762
0.8290235670762
0.8290235670762
0.8290235670762
0.8321587388368187
0.8334659283793023
0.8334659283793023
0.8334659283793023
0.8334659283793023
0.8334659283793023
0.8334659283793023
0.8334659283793023
0.8334659283793023
0.8334659283793023
0.8334659283793023
0.8334659283793023
0.8334659283793023
0.8334659283793023
0.8334659283793023
0.8334659283793023
0.8334659283793023
0.8334659283793023
0.8343766751916886
0.8343766751916886
0.8352380016344103
0.8352380016344103
0.8352380016344103
0.8352380016344103
0.8352380016344103
0.8352380016344103
0.8352380016344103
0.8352380016344103
0.8352380016344103
0.8352380016344103
0.8352380016344103
0.8352380016344103
0.8352380016344103
0.8352380016344103
0.8371780767286964
0.8371780767286964
0.8371780767286964
0.8371780767286964
0.8371780767286964
0.8380888235410825
0.8380888235410825
0.8380888235410825
0.8380888235410825
0.8380888235410825
0.8380888235410825
0.8380888235410825
0.8380888235410825
0.8380888235410825
0.8380888235410825
0.8380888235410825
0.8380888235410825
0.8403885734136478
0.8403885734136478
0.8403885734136478
0.8403885734136478
0.8403885734136478
0.8403885734136478
0.8412498998563697
0.8421112262990914
0.8421112262990914
0.8421112262990914
0.8421112262990914
0.8421112262990914
0.8421112262990914
0.8421112262990914
0.8421112262990914
0.8421112262990914
0.8421112262990914
0.8430219731114776
0.8430219731114776
0.8430219731114776
0.8430219731114776
0.8430219731114776
0.8430219731114776
0.8430219731114776
0.8430219731114776
0.8430219731114776
0.8430219731114776
0.8430219731114776
0.8430219731114776
0.8430219731114776
0.8430219731114776
0.8430219731114776
0.8430219731114776
0.8430219731114776
0.8430219731114776
0.8430219731114776
0.8430219731114776
0.8430219731114776
0.8430219731114776
0.8430219731114776
0.8430219731114776
0.8430219731114776
0.8430219731114776
0.8430219731114776
0.8430219731114776
0.8438900286670332
0.8438900286670332
0.8438900286670332
0.8438900286670332
0.8438900286670332
0.8438900286670332
0.8458436679572676
0.8458436679572676
0.8467117235128232
0.8467117235128232
0.8467117235128232
0.8467117235128232
0.8467117235128232
0.8467117235128232
0.8467117235128232
0.8467117235128232
0.8467117235128232
0.8467117235128232
0.8467117235128232
0.8484411055111005
0.8484411055111005
0.8484411055111005
0.8484411055111005
0.8505728535444879
0.8505728535444879
0.8505728535444879
0.8505728535444879
0.8505728535444879
0.8505728535444879
0.8516516021960521
0.8516516021960521
0.8516516021960521
0.8516516021960521
0.8516516021960521
0.8516516021960521
0.8516516021960521
0.8516516021960521
0.8516516021960521
0.8516516021960521
0.8516516021960521
0.8524870240841056
0.8524870240841056
0.8524870240841056
0.8524870240841056
0.8524870240841056
0.8524870240841056
0.8524870240841056
0.8524870240841056
0.8524870240841056
0.8524870240841056
0.8524870240841056
0.8524870240841056
0.8524870240841056
0.8524870240841056
0.8524870240841056
0.8524870240841056
0.8524870240841056
0.857965598066869
0.857965598066869
0.857965598066869
0.857965598066869
0.857965598066869
0.857965598066869
0.857965598066869
0.857965598066869
0.857965598066869
0.857965598066869
0.857965598066869
0.857965598066869
0.857965598066869
0.857965598066869
0.857965598066869
0.857965598066869
0.857965598066869
0.8607410950492085
0.8619620962702097
0.8643480344642576
0.8643480344642576
0.8643480344642576
0.8643480344642576
0.8643480344642576
0.8643480344642576
0.8643480344642576
0.8643480344642576
0.8643480344642576
0.8643480344642576
0.8643480344642576
0.8643480344642576
0.8643480344642576
0.8643480344642576
0.8643480344642576
0.8660188782403645
0.8660188782403645
0.8660188782403645
0.8660188782403645
0.8681941233384037
0.8681941233384037
0.8681941233384037
0.8691048701507897
0.8691048701507897
0.8691048701507897
0.8691048701507897
0.8691048701507897
0.8691048701507897
0.8691048701507897
0.8691048701507897
0.8691048701507897
0.8691048701507897
0.8742005655994042
0.8742005655994042
0.8742005655994042
0.8742005655994042
0.8742005655994042
0.8742005655994042
0.8771250442640145
0.8771250442640145
0.8771250442640145
0.8771250442640145
0.8771250442640145
0.8771250442640145
0.8771250442640145
0.8771250442640145
0.8771250442640145
0.8771250442640145
0.8771250442640145
0.8802537274312704
0.8802537274312704
0.8802537274312704
0.8802537274312704
0.8802537274312704
0.8802537274312704
0.8802537274312704
0.8811150538739922
0.8811150538739922
0.8811150538739922
0.8811150538739922
0.8811150538739922
0.8811150538739922
0.8811150538739922
0.8811150538739922
0.8811150538739922
0.8811150538739922
0.8828938562419338
0.8828938562419338
0.8837292781299873
0.8837292781299873
0.8837292781299873
0.8854260264607625
0.8854260264607625
0.8854260264607625
0.8854260264607625
0.8854260264607625
0.8894160360707405
0.8894160360707405
0.8894160360707405
0.8894160360707405
0.8894160360707405
0.8894160360707405
0.8906370372917417
0.8932840011855198
0.8932840011855198
0.8932840011855198
0.8932840011855198
0.8932840011855198
0.8932840011855198
0.8932840011855198
0.8932840011855198
0.8932840011855198
0.8932840011855198
0.8932840011855198
0.8932840011855198
0.8932840011855198
0.8932840011855198
0.8932840011855198
0.8932840011855198
0.8932840011855198
0.8949874786291286
0.8949874786291286
0.8949874786291286
0.8949874786291286
0.8949874786291286
0.8949874786291286
0.8949874786291286
0.8949874786291286
0.8949874786291286
0.8949874786291286
0.8949874786291286
0.8949874786291286
0.8949874786291286
0.8949874786291286
0.8962084798501299
0.8962084798501299
0.8962084798501299
0.8962084798501299
0.8962084798501299
0.8962084798501299
0.8962084798501299
0.8962084798501299
0.8962084798501299
0.8962084798501299
0.8962084798501299
0.8962084798501299
0.8962084798501299
0.8962084798501299
0.8962084798501299
0.8962084798501299
0.8962084798501299
0.8962084798501299
0.8962084798501299
0.9008949741805198
0.9030770543616735
0.9030770543616735
0.9030770543616735
0.9030770543616735
0.9030770543616735
0.9030770543616735
0.9030770543616735
0.9030770543616735
0.9030770543616735
0.9030770543616735
0.9030770543616735
0.9030770543616735
0.9030770543616735
0.9030770543616735
0.9030770543616735
0.9030770543616735
0.9030770543616735
0.9060410017769005
0.9078198041448421
0.9078198041448421
0.9078198041448421
0.9078198041448421
0.9078198041448421
0.9078198041448421
0.9078198041448421
0.9078198041448421
0.9078198041448421
0.9078198041448421
0.9078198041448421
0.9078198041448421
0.9078198041448421
0.9078198041448421
0.9078198041448421
0.9078198041448421
0.9099624155753793
0.9099624155753793
0.9099624155753793
0.9112696051178629
0.9112696051178629
0.9112696051178629
0.9112696051178629
0.9112696051178629
0.9112696051178629
0.9112696051178629
0.9112696051178629
0.9112696051178629
0.9112696051178629
0.9112696051178629
0.9112696051178629
0.9112696051178629
0.9112696051178629
0.9136555433119108
0.914566290124297
0.914566290124297
0.914566290124297
0.914566290124297
0.9165199294145313
0.9165199294145313
0.9165199294145313
0.9165199294145313
0.9165199294145313
0.9165199294145313
0.9165199294145313
0.9165199294145313
0.9165199294145313
0.9165199294145313
0.9165199294145313
0.9165199294145313
0.9165199294145313
0.9165199294145313
0.9165199294145313
0.9165199294145313
0.9165199294145313
0.9165199294145313
0.9165199294145313
0.9177276588831302
0.9177276588831302
0.9177276588831302
0.9177276588831302
0.9177276588831302
0.9177276588831302
0.9177276588831302
0.9177276588831302
0.9177276588831302
0.9177276588831302
0.9177276588831302
0.9177276588831302
0.9177276588831302
0.9186384056955165
0.9186384056955165
0.9186384056955165
0.9186384056955165
0.9186384056955165
0.9186384056955165
0.9186384056955165
0.9186384056955165
0.9186384056955165
0.9186384056955165
0.9186384056955165
0.9186384056955165
0.9186384056955165
0.9186384056955165
0.9186384056955165
0.9186384056955165
0.9195132963341867
0.9195132963341867
0.9195132963341867
0.9195132963341867
0.9195132963341867
0.9195132963341867
0.9195132963341867
0.9195132963341867
0.9195132963341867
0.9195132963341867
0.9195132963341867
0.9195132963341867
0.9195132963341867
0.9195132963341867
0.9195132963341867
0.9204240431465727
0.9204240431465727
0.9204240431465727
0.9204240431465727
0.9204240431465727
0.9204240431465727
0.9204240431465727
0.9204240431465727
0.9204240431465727
0.9204240431465727
0.9204240431465727
0.9204240431465727
0.9204240431465727
0.9216450443675739
0.9216450443675739
0.9216450443675739
0.9216450443675739
0.9272667131034478
0.9272667131034478
0.9272667131034478
0.9272667131034478
0.9272667131034478
0.9272667131034478
0.9272667131034478
0.9272667131034478
0.9272667131034478
0.9272667131034478
0.9281347686590034
0.9281347686590034
0.9281347686590034
0.9281347686590034
0.9281347686590034
0.9293424981276025
0.9293424981276025
0.9293424981276025
0.9293424981276025
0.9293424981276025
0.9293424981276025
0.9293424981276025
0.9293424981276025
0.9293424981276025
0.9293424981276025
0.9293424981276025
0.9293424981276025
0.9293424981276025
0.9293424981276025
0.9293424981276025
0.9293424981276025
0.9293424981276025
0.9293424981276025
0.9293424981276025
0.9302105536831581
0.9302105536831581
0.9302105536831581
0.9302105536831581
0.9302105536831581
0.9302105536831581
0.9302105536831581
0.9302105536831581
0.9302105536831581
0.9302105536831581
0.9302105536831581
0.9302105536831581
0.9302105536831581
0.9302105536831581
0.9302105536831581
0.9302105536831581
0.9302105536831581
0.9319826269382658
0.9319826269382658
0.9328180488263195
0.9328180488263195
0.9328180488263195
0.9328180488263195
0.9328180488263195
0.9328180488263195
0.9337287956387057
0.9337287956387057
0.9337287956387057
0.9337287956387057
0.9337287956387057
0.9337287956387057
0.9337287956387057
0.9337287956387057
0.9337287956387057
0.9337287956387057
0.9337287956387057
0.9337287956387057
0.9337287956387057
0.9337287956387057
0.9337287956387057
0.9337287956387057
0.9337287956387057
0.9337287956387057
0.9337287956387057
0.9337287956387057
0.9337287956387057
0.9337287956387057
0.9337287956387057
0.9337287956387057
0.9337287956387057
0.9337287956387057
0.9337287956387057
0.9337287956387057
0.9337287956387057
0.9337287956387057
0.9337287956387057
0.9337287956387057
0.9355008688938136
0.9355008688938136
0.9355008688938136
0.9355008688938136
0.9355008688938136
0.9355008688938136
0.9355008688938136
0.9355008688938136
0.9355008688938136
0.9355008688938136
0.9355008688938136
0.9355008688938136
0.9355008688938136
0.9355008688938136
0.9355008688938136
0.9355008688938136
0.9355008688938136
0.9355008688938136
0.9355008688938136
0.9396094599733049
0.9396094599733049
0.9396094599733049
0.9396094599733049
0.9396094599733049
0.9396094599733049
0.9396094599733049
0.9396094599733049
0.9396094599733049
0.9404775155288605
0.9404775155288605
0.9404775155288605
0.9404775155288605
0.9404775155288605
0.9404775155288605
0.9404775155288605
0.9404775155288605
0.9404775155288605
0.9404775155288605
0.9404775155288605
0.9404775155288605
0.9404775155288605
0.9404775155288605
0.9404775155288605
0.9404775155288605
0.9404775155288605
0.9404775155288605
0.9404775155288605
0.9404775155288605
0.9404775155288605
0.9404775155288605
0.9404775155288605
0.9404775155288605
0.9404775155288605
0.9404775155288605
0.9404775155288605
0.9404775155288605
0.9404775155288605
0.9413882623412467
0.9413882623412467
0.9413882623412467
0.9413882623412467
0.9413882623412467
0.9413882623412467
0.9413882623412467
0.9413882623412467
0.9413882623412467
0.9413882623412467
0.9413882623412467
0.9413882623412467
0.9413882623412467
0.9413882623412467
0.9413882623412467
0.9413882623412467
0.9413882623412467
0.9413882623412467
0.9422563178968022
0.9431312085354724
0.9431312085354724
0.9431312085354724
0.9431312085354724
0.9431312085354724
0.9431312085354724
0.9431312085354724
0.9431312085354724
0.9431312085354724
0.9431312085354724
0.9431312085354724
0.9431312085354724
0.9431312085354724
0.9431312085354724
0.9431312085354724
0.9431312085354724
0.9431312085354724
0.9431312085354724
0.9431312085354724
0.9431312085354724
0.9448741547296982
0.9448741547296982
0.9448741547296982
0.9448741547296982
0.9448741547296982
0.9448741547296982
0.9448741547296982
0.9448741547296982
0.9448741547296982
0.9448741547296982
0.9448741547296982
0.9448741547296982
0.9448741547296982
0.9448741547296982
0.9448741547296982
0.9448741547296982
0.9448741547296982
0.9448741547296982
0.9465449985058052
0.9465449985058052
0.9465449985058052
0.9465449985058052
0.9465449985058052
0.9465449985058052
0.9465449985058052
0.9465449985058052
0.9465449985058052
0.9465449985058052
0.9465449985058052
0.9465449985058052
0.9465449985058052
0.9465449985058052
0.9465449985058052
0.9465449985058052
0.9465449985058052
0.9465449985058052
0.9465449985058052
0.9476237471573694
0.9476237471573694
0.9476237471573694
0.9476237471573694
0.9476237471573694
0.9476237471573694
0.9476237471573694
0.9476237471573694
0.9476237471573694
0.9476237471573694
0.9476237471573694
0.9476237471573694
0.9476237471573694
0.9476237471573694
0.9476237471573694
0.9476237471573694
0.9476237471573694
0.9476237471573694
0.9476237471573694
0.9493340596840931
0.9493340596840931
0.9493340596840931
0.9493340596840931
0.9493340596840931
0.9493340596840931
0.9493340596840931
0.9493340596840931
0.9493340596840931
0.9493340596840931
0.9493340596840931
0.9493340596840931
0.9504128083356572
0.9504128083356572
0.9504128083356572
0.9504128083356572
0.9504128083356572
0.9504128083356572
0.9504128083356572
0.9504128083356572
0.9504128083356572
0.9504128083356572
0.9504128083356572
0.9504128083356572
0.9504128083356572
0.9504128083356572
0.9504128083356572
0.9504128083356572
0.9504128083356572
0.9504128083356572
0.9504128083356572
0.9504128083356572
0.9504128083356572
0.9504128083356572
0.9504128083356572
0.9504128083356572
0.9504128083356572
0.9504128083356572
0.9514915569872213
0.9514915569872213
0.9514915569872213
0.9514915569872213
0.9514915569872213
0.9514915569872213
0.9514915569872213
0.9514915569872213
0.9535738846509444
0.9535738846509444
0.9535738846509444
0.9535738846509444
0.9535738846509444
0.9535738846509444
0.9535738846509444
0.9535738846509444
0.9535738846509444
0.9535738846509444
0.9535738846509444
0.9535738846509444
0.9535738846509444
0.9535738846509444
0.9535738846509444
0.9535738846509444
0.9535738846509444
0.9535738846509444
0.9535738846509444
0.9535738846509444
0.9535738846509444
0.9535738846509444
0.9535738846509444
0.9535738846509444
0.9535738846509444
0.9535738846509444
0.9535738846509444
0.9535738846509444
0.9535738846509444
0.9535738846509444
0.9535738846509444
0.9535738846509444
0.9535738846509444
0.9535738846509444
0.9535738846509444
0.9535738846509444
0.9535738846509444
0.9535738846509444
0.9561713222047773
0.9561713222047773
0.9561713222047773
0.9561713222047773
0.9561713222047773
0.9561713222047773
0.9561713222047773
0.9561713222047773
0.9561713222047773
0.9561713222047773
0.9561713222047773
0.9561713222047773
0.9561713222047773
0.9561713222047773
0.9561713222047773
0.9561713222047773
0.9561713222047773
0.9561713222047773
0.9561713222047773
0.9561713222047773
0.9561713222047773
0.9561713222047773
0.9561713222047773
0.9561713222047773
0.9561713222047773
0.9561713222047773
0.9561713222047773
0.9561713222047773
0.9561713222047773
0.9561713222047773
0.9561713222047773
0.9573923234257785
0.9573923234257785
0.9573923234257785
0.9573923234257785
0.9573923234257785
0.9573923234257785
0.9573923234257785
0.9573923234257785
0.9573923234257785
0.9573923234257785
0.9573923234257785
0.9573923234257785
0.9573923234257785
0.9573923234257785
0.9573923234257785
0.9573923234257785
0.9573923234257785
0.9573923234257785
0.9573923234257785
0.9573923234257785
0.9573923234257785
0.9573923234257785
0.9573923234257785
0.9573923234257785
0.9573923234257785
0.9573923234257785
0.9573923234257785
0.9573923234257785
0.9573923234257785
0.9573923234257785
0.9573923234257785
0.9573923234257785
0.9573923234257785
0.958260378981334
0.958260378981334
0.958260378981334
0.958260378981334
0.958260378981334
0.958260378981334
0.958260378981334
0.958260378981334
0.958260378981334
0.958260378981334
0.958260378981334
0.958260378981334
0.958260378981334
0.958260378981334
0.958260378981334
0.958260378981334
0.958260378981334
0.9591352696200042
0.9591352696200042
0.9591352696200042
0.9591352696200042
0.9591352696200042
0.9591352696200042
0.9612778810505412
0.9612778810505412
0.9612778810505412
0.9612778810505412
0.9612778810505412
0.9612778810505412
0.9612778810505412
0.9612778810505412
0.9612778810505412
0.9612778810505412
0.9612778810505412
0.9612778810505412
0.9612778810505412
0.9612778810505412
0.9612778810505412
0.9612778810505412
0.9612778810505412
0.9612778810505412
0.9612778810505412
0.9624988822715425
0.9624988822715425
0.9624988822715425
0.9624988822715425
0.9624988822715425
0.9624988822715425
0.9624988822715425
0.9624988822715425
0.9624988822715425
0.9624988822715425
0.9624988822715425
0.9624988822715425
0.9624988822715425
0.9624988822715425
0.9624988822715425
0.9624988822715425
0.9624988822715425
0.9624988822715425
0.9624988822715425
0.9635776309231068
0.9635776309231068
0.9635776309231068
0.9635776309231068
0.9635776309231068
0.9635776309231068
0.9635776309231068
0.9644389573658285
0.9644389573658285
0.9644389573658285
0.9644389573658285
0.9644389573658285
0.9644389573658285
0.9644389573658285
0.9644389573658285
0.9644389573658285
0.9644389573658285
0.9644389573658285
0.9644389573658285
0.9644389573658285
0.9644389573658285
0.9644389573658285
0.9644389573658285
0.9644389573658285
0.9644389573658285
0.9644389573658285
0.9644389573658285
0.9644389573658285
0.9644389573658285
0.9644389573658285
0.9644389573658285
0.9644389573658285
0.9644389573658285
0.9644389573658285
0.9644389573658285
0.9644389573658285
0.9644389573658285
0.9644389573658285
0.9663531279054463
0.9663531279054463
0.9663531279054463
0.9672211834610018
0.9672211834610018
0.9672211834610018
0.9672211834610018
0.9672211834610018
0.9672211834610018
0.9672211834610018
0.9672211834610018
0.9680566053490551
0.9680566053490551
0.9680566053490551
0.9680566053490551
0.9680566053490551
0.9680566053490551
0.9680566053490551
0.9680566053490551
0.9680566053490551
0.9680566053490551
0.9680566053490551
0.9680566053490551
0.9680566053490551
0.9680566053490551
0.9680566053490551
0.9680566053490551
0.9680566053490551
0.9680566053490551
0.9680566053490551
0.9680566053490551
0.9680566053490551
0.9680566053490551
0.9680566053490551
0.9680566053490551
0.9680566053490551
0.9680566053490551
0.9680566053490551
0.9702251213342605
0.9702251213342605
0.9702251213342605
0.9702251213342605
0.9702251213342605
0.9702251213342605
0.9702251213342605
0.9702251213342605
0.9702251213342605
0.9702251213342605
0.9702251213342605
0.9702251213342605
0.9702251213342605
0.9702251213342605
0.9702251213342605
0.9702251213342605
0.9702251213342605
0.9702251213342605
0.9702251213342605
0.9702251213342605
0.9702251213342605
0.9702251213342605
0.9702251213342605
0.9702251213342605
0.9702251213342605
0.9702251213342605
0.9702251213342605
0.9702251213342605
0.9702251213342605
0.9702251213342605
0.9702251213342605
0.9702251213342605
0.9702251213342605
0.9702251213342605
0.9702251213342605
0.9702251213342605
0.9702251213342605
0.9702251213342605
0.9702251213342605
0.9702251213342605
0.9702251213342605
0.9702251213342605
0.9702251213342605
0.9702251213342605
0.9702251213342605
0.9702251213342605
0.9702251213342605
0.9702251213342605
0.9702251213342605
0.9702251213342605
0.9702251213342605
0.9702251213342605
0.9702251213342605
0.9702251213342605
0.9702251213342605
0.9702251213342605
0.9702251213342605
0.9722941772455813
0.9722941772455813
0.9722941772455813
0.9722941772455813
0.9722941772455813
0.9722941772455813
0.9722941772455813
0.9722941772455813
0.9722941772455813
0.9722941772455813
0.9733729258971455
0.9733729258971455
0.9733729258971455
0.9733729258971455
0.9733729258971455
0.9733729258971455
0.9733729258971455
0.9733729258971455
0.9733729258971455
0.9733729258971455
0.9733729258971455
0.9733729258971455
0.9733729258971455
0.9733729258971455
0.9733729258971455
0.9733729258971455
0.9733729258971455
0.9733729258971455
0.9733729258971455
0.9733729258971455
0.9733729258971455
0.9733729258971455
0.9733729258971455
0.9733729258971455
0.9733729258971455
0.9733729258971455
0.9733729258971455
0.9733729258971455
0.9733729258971455
0.9733729258971455
0.9733729258971455
0.9733729258971455
0.9733729258971455
0.9733729258971455
0.9733729258971455
0.9733729258971455
0.9733729258971455
0.9733729258971455
0.9733729258971455
0.9733729258971455
0.9733729258971455
0.9733729258971455
0.9733729258971455
0.9733729258971455
0.9733729258971455
0.9733729258971455
0.9733729258971455
0.9733729258971455
0.9733729258971455
0.9733729258971455
0.9733729258971455
0.9733729258971455
0.9733729258971455
0.9733729258971455
0.9733729258971455
0.9733729258971455
0.9733729258971455
0.9733729258971455
0.9733729258971455
0.9733729258971455
0.9733729258971455
0.9733729258971455
0.9733729258971455
0.9733729258971455
0.9733729258971455
0.9733729258971455
0.9733729258971455
0.9733729258971455
0.9733729258971455
0.9733729258971455
0.9733729258971455
0.9733729258971455
0.9733729258971455
0.9733729258971455
0.9733729258971455
0.9733729258971455
0.9733729258971455
0.9733729258971455
0.9733729258971455
0.9733729258971455
0.9733729258971455
0.9733729258971455
0.9733729258971455
0.9733729258971455
0.9733729258971455
0.9733729258971455
0.9733729258971455
0.9733729258971455
0.9733729258971455
0.9733729258971455
0.9733729258971455
0.9733729258971455
0.9733729258971455
0.9733729258971455
0.9733729258971455
0.9733729258971455
0.9733729258971455
0.9733729258971455
0.9733729258971455
0.9733729258971455
0.9742478165358156
0.9742478165358156
0.9742478165358156
0.9742478165358156
0.9742478165358156
0.9742478165358156
0.9742478165358156
0.9742478165358156
0.9742478165358156
0.9742478165358156
0.9742478165358156
0.9742478165358156
0.9742478165358156
0.9742478165358156
0.9742478165358156
0.9742478165358156
0.9742478165358156
0.9742478165358156
0.9742478165358156
0.9742478165358156
0.9742478165358156
0.9742478165358156
0.9742478165358156
0.9742478165358156
0.9742478165358156
0.9742478165358156
0.9742478165358156
0.9742478165358156
0.9742478165358156
0.9742478165358156
0.9742478165358156
0.9742478165358156
0.9742478165358156
0.9742478165358156
0.9742478165358156
0.9742478165358156
0.9751585633482018
0.9751585633482018
0.9751585633482018
0.9751585633482018
0.9751585633482018
0.9751585633482018
0.9751585633482018
0.9751585633482018
0.9751585633482018
0.9751585633482018
0.9751585633482018
0.9751585633482018
0.9751585633482018
0.9751585633482018
0.9751585633482018
0.9751585633482018
0.9751585633482018
0.9751585633482018
0.9751585633482018
0.9751585633482018
0.9751585633482018
0.9751585633482018
0.9751585633482018
0.9751585633482018
0.9751585633482018
0.9751585633482018
0.9751585633482018
0.9751585633482018
0.9751585633482018
0.9751585633482018
0.9751585633482018
0.9751585633482018
0.9751585633482018
0.9751585633482018
0.9751585633482018
0.9751585633482018
0.9751585633482018
0.9751585633482018
0.9751585633482018
0.9751585633482018
0.9751585633482018
0.9751585633482018
0.9751585633482018
0.9751585633482018
0.9751585633482018
0.9751585633482018
0.9751585633482018
0.9751585633482018
0.9751585633482018
0.9751585633482018
0.9751585633482018
0.9751585633482018
0.9751585633482018
0.9751585633482018
0.9751585633482018
0.9751585633482018
0.9751585633482018
0.9751585633482018
0.9751585633482018
0.9751585633482018
0.9751585633482018
0.9751585633482018
0.9751585633482018
0.9751585633482018
0.9751585633482018
0.9751585633482018
0.9751585633482018
0.9751585633482018
0.9772017147048544
0.9772017147048544
0.9772017147048544
0.9772017147048544
0.9772017147048544
0.9772017147048544
0.9772017147048544
0.9772017147048544
0.9772017147048544
0.9772017147048544
0.9772017147048544
0.9772017147048544
0.9772017147048544
0.9772017147048544
0.9780766053435248
0.9780766053435248
0.9780766053435248
0.9780766053435248
0.9780766053435248
0.9780766053435248
0.9780766053435248
0.9780766053435248
0.9780766053435248
0.9780766053435248
0.9780766053435248
0.9780766053435248
0.9780766053435248
0.9780766053435248
0.9780766053435248
0.9780766053435248
0.9780766053435248
0.9780766053435248
0.9780766053435248
0.9780766053435248
0.9780766053435248
0.9780766053435248
0.9780766053435248
0.9780766053435248
0.9780766053435248
0.9780766053435248
0.9780766053435248
0.9780766053435248
0.9780766053435248
0.9780766053435248
0.9780766053435248
0.9780766053435248
0.9780766053435248
0.9780766053435248
0.9780766053435248
0.9780766053435248
0.9780766053435248
0.9780766053435248
0.9789446608990803
0.9789446608990803
0.9789446608990803
0.9789446608990803
0.9789446608990803
0.9789446608990803
0.9789446608990803
0.9789446608990803
0.9789446608990803
0.9789446608990803
0.9789446608990803
0.9789446608990803
0.9789446608990803
0.9789446608990803
0.9789446608990803
0.9789446608990803
0.9789446608990803
0.9789446608990803
0.9789446608990803
0.9815262514875732
0.9815262514875732
0.9815262514875732
0.9815262514875732
0.9815262514875732
0.9815262514875732
0.9815262514875732
0.9815262514875732
0.9815262514875732
0.9815262514875732
0.9815262514875732
0.9815262514875732
0.9815262514875732
0.9815262514875732
0.9815262514875732
0.9815262514875732
0.9815262514875732
0.9815262514875732
0.9815262514875732
0.9815262514875732
0.9815262514875732
0.9815262514875732
0.9815262514875732
0.9815262514875732
0.9815262514875732
0.9815262514875732
0.9815262514875732
0.9815262514875732
0.9815262514875732
0.9815262514875732
0.9815262514875732
0.9815262514875732
0.9815262514875732
0.9815262514875732
0.9815262514875732
0.9815262514875732
0.9815262514875732
0.9815262514875732
0.9815262514875732
0.9815262514875732
0.9815262514875732
0.9815262514875732
0.9815262514875732
0.9815262514875732
0.9815262514875732
0.9815262514875732
0.9815262514875732
0.9815262514875732
0.9823616733756269
0.9823616733756269
0.9823616733756269
0.9823616733756269
0.9823616733756269
0.9823616733756269
0.9823616733756269
0.9823616733756269
0.9823616733756269
0.9823616733756269
0.9823616733756269
0.9823616733756269
0.9823616733756269
0.9823616733756269
0.9823616733756269
0.9823616733756269
0.9823616733756269
0.9823616733756269
0.9823616733756269
0.9823616733756269
0.9823616733756269
0.9823616733756269
0.9823616733756269
0.9823616733756269
0.9823616733756269
0.9823616733756269
0.9823616733756269
0.9823616733756269
0.9823616733756269
0.9823616733756269
0.9831970952636802
0.9831970952636802
0.9831970952636802
0.9831970952636802
0.9831970952636802
0.9831970952636802
0.9831970952636802
0.9831970952636802
0.9831970952636802
0.9831970952636802
0.9831970952636802
0.9831970952636802
0.9831970952636802
0.9831970952636802
0.9831970952636802
0.9831970952636802
0.9831970952636802
0.9831970952636802
0.9831970952636802
0.9831970952636802
0.9831970952636802
0.9831970952636802
0.9831970952636802
0.9841078420760664
0.9841078420760664
0.9841078420760664
0.9841078420760664
0.9841078420760664
0.9841078420760664
0.9841078420760664
0.9841078420760664
0.9841078420760664
0.9841078420760664
0.9841078420760664
0.9841078420760664
0.9841078420760664
0.9841078420760664
0.9841078420760664
0.9841078420760664
0.9841078420760664
0.9841078420760664
0.9841078420760664
0.9841078420760664
0.9841078420760664
0.9841078420760664
0.9841078420760664
0.9841078420760664
0.9841078420760664
0.9849691685187882
0.9849691685187882
0.9849691685187882
0.9849691685187882
0.9849691685187882
0.9849691685187882
0.9849691685187882
0.9849691685187882
0.9849691685187882
0.9849691685187882
0.9849691685187882
0.9849691685187882
0.9849691685187882
0.9849691685187882
0.9849691685187882
0.9849691685187882
0.9849691685187882
0.9849691685187882
0.9849691685187882
0.9849691685187882
0.9849691685187882
0.9849691685187882
0.9849691685187882
0.9849691685187882
0.9849691685187882
0.9849691685187882
0.9849691685187882
0.9849691685187882
0.9849691685187882
0.9849691685187882
0.9849691685187882
0.9849691685187882
0.9849691685187882
0.9849691685187882
0.9849691685187882
0.9849691685187882
0.9849691685187882
0.9849691685187882
0.9849691685187882
0.9849691685187882
0.9849691685187882
0.9849691685187882
0.9849691685187882
0.9849691685187882
0.9849691685187882
0.9849691685187882
0.9849691685187882
0.9849691685187882
0.9849691685187882
0.9849691685187882
0.9849691685187882
0.9849691685187882
0.9849691685187882
0.9849691685187882
0.9849691685187882
0.9849691685187882
0.9849691685187882
0.9849691685187882
0.9858372240743437
0.9858372240743437
0.9858372240743437
0.9858372240743437
0.9858372240743437
0.9858372240743437
0.9858372240743437
0.9858372240743437
0.9858372240743437
0.9858372240743437
0.9858372240743437
0.9858372240743437
0.9858372240743437
0.9858372240743437
0.9858372240743437
0.9858372240743437
0.9858372240743437
0.9858372240743437
0.9858372240743437
0.9858372240743437
0.9858372240743437
0.9858372240743437
0.9858372240743437
0.9858372240743437
0.9858372240743437
0.9867052796298993
0.9867052796298993
0.9867052796298993
0.9867052796298993
0.9867052796298993
0.9867052796298993
0.9867052796298993
0.9867052796298993
0.9867052796298993
0.9867052796298993
0.9867052796298993
0.9867052796298993
0.9867052796298993
0.9867052796298993
0.9867052796298993
0.9867052796298993
0.9867052796298993
0.9867052796298993
0.9867052796298993
0.9867052796298993
0.9867052796298993
0.9867052796298993
0.9867052796298993
0.9867052796298993
0.9867052796298993
0.9867052796298993
0.9867052796298993
0.9867052796298993
0.9867052796298993
0.9867052796298993
0.9867052796298993
0.9867052796298993
0.9867052796298993
0.9867052796298993
0.9867052796298993
0.9867052796298993
0.9867052796298993
0.9867052796298993
0.9867052796298993
0.9867052796298993
0.9867052796298993
0.9867052796298993
0.9867052796298993
0.9888478910604365
0.9888478910604365
0.9888478910604365
0.9888478910604365
0.9888478910604365
0.9888478910604365
0.9888478910604365
0.9888478910604365
0.9888478910604365
0.9888478910604365
0.9888478910604365
0.9888478910604365
0.9888478910604365
0.9888478910604365
0.9888478910604365
0.9888478910604365
0.9888478910604365
0.9888478910604365
0.9888478910604365
0.9888478910604365
0.9888478910604365
0.9888478910604365
0.9888478910604365
0.9888478910604365
0.9888478910604365
0.9888478910604365
0.9888478910604365
0.9888478910604365
0.9888478910604365
0.9888478910604365
0.9888478910604365
0.9888478910604365
0.9888478910604365
0.9888478910604365
0.9888478910604365
0.9888478910604365
0.9888478910604365
0.9888478910604365
0.9888478910604365
0.9888478910604365
0.9888478910604365
0.9888478910604365
0.9888478910604365
0.9888478910604365
0.9888478910604365
0.9888478910604365
0.9888478910604365
0.9888478910604365
0.9888478910604365
0.9888478910604365
0.9888478910604365
0.9888478910604365
0.9888478910604365
0.9888478910604365
0.9888478910604365
0.9888478910604365
0.9888478910604365
0.9888478910604365
0.9888478910604365
0.9888478910604365
0.9888478910604365
0.9888478910604365
0.9888478910604365
0.9888478910604365
0.9888478910604365
0.9888478910604365
0.9888478910604365
0.9888478910604365
0.9888478910604365
0.9888478910604365
0.9888478910604365
0.9888478910604365
0.9888478910604365
0.9888478910604365
0.9888478910604365
0.9888478910604365
0.9888478910604365
0.9888478910604365
0.9888478910604365
0.9888478910604365
0.9888478910604365
0.9888478910604365
0.9888478910604365
0.9888478910604365
0.9888478910604365
0.9888478910604365
0.9888478910604365
0.9888478910604365
0.9888478910604365
0.9888478910604365
0.9888478910604365
0.9888478910604365
0.9888478910604365
0.9888478910604365
0.9888478910604365
0.9888478910604365
0.9888478910604365
0.9888478910604365
0.9888478910604365
0.9888478910604365
0.9888478910604365
0.9888478910604365
0.9888478910604365
0.9888478910604365
0.9888478910604365
0.9888478910604365
0.9888478910604365
0.9888478910604365
0.9888478910604365
0.9888478910604365
0.9888478910604365
0.9888478910604365
0.9888478910604365
0.9888478910604365
0.9888478910604365
0.9888478910604365
0.9888478910604365
0.9888478910604365
0.9888478910604365
0.9888478910604365
0.9888478910604365
0.9888478910604365
0.9888478910604365
0.9888478910604365
0.9888478910604365
0.9905976723377768
0.9905976723377768
0.9905976723377768
0.9905976723377768
0.9905976723377768
0.9905976723377768
0.9905976723377768
0.9905976723377768
0.9905976723377768
0.9905976723377768
0.9905976723377768
0.9905976723377768
0.9905976723377768
0.9905976723377768
0.9905976723377768
0.9905976723377768
0.9905976723377768
0.9905976723377768
0.9905976723377768
0.9905976723377768
0.9905976723377768
0.9905976723377768
0.9905976723377768
0.9905976723377768
0.9905976723377768
0.9905976723377768
0.9905976723377768
0.9905976723377768
0.9905976723377768
0.9905976723377768
0.9905976723377768
0.9905976723377768
0.9905976723377768
0.9905976723377768
0.9905976723377768
0.9905976723377768
0.9905976723377768
0.9905976723377768
0.9905976723377768
0.9905976723377768
0.9905976723377768
0.9905976723377768
0.9905976723377768
0.9905976723377768
0.9905976723377768
0.9905976723377768
0.9905976723377768
0.9905976723377768
0.9905976723377768
0.9905976723377768
0.9905976723377768
0.9905976723377768
0.9905976723377768
0.9905976723377768
0.9905976723377768
0.9905976723377768
0.9905976723377768
0.9905976723377768
0.9905976723377768
0.9905976723377768
0.9905976723377768
0.9905976723377768
0.9905976723377768
0.9905976723377768
0.9905976723377768
0.9905976723377768
0.9905976723377768
0.9905976723377768
0.9918186735587781
0.9918186735587781
0.9918186735587781
0.9918186735587781
0.9918186735587781
0.9918186735587781
0.9918186735587781
0.9918186735587781
0.9918186735587781
0.9918186735587781
0.9918186735587781
0.9918186735587781
0.9918186735587781
0.9918186735587781
0.9918186735587781
0.9918186735587781
0.9918186735587781
0.9918186735587781
0.9918186735587781
0.9918186735587781
0.9918186735587781
0.9918186735587781
0.9918186735587781
0.9918186735587781
0.9918186735587781
0.9918186735587781
0.9918186735587781
0.9918186735587781
0.9918186735587781
0.9918186735587781
0.9918186735587781
0.9918186735587781
0.9918186735587781
0.9918186735587781
0.9918186735587781
0.9918186735587781
0.9918186735587781
0.9918186735587781
0.9918186735587781
0.9918186735587781
0.9918186735587781
0.9918186735587781
0.9918186735587781
0.9918186735587781
0.9918186735587781
0.9918186735587781
0.9918186735587781
0.9918186735587781
0.9918186735587781
0.9918186735587781
0.9918186735587781
0.9918186735587781
0.9918186735587781
0.9918186735587781
0.9918186735587781
0.9918186735587781
0.9918186735587781
0.9918186735587781
0.9918186735587781
0.9918186735587781
0.9918186735587781
0.9918186735587781
0.9918186735587781
0.9918186735587781
0.9918186735587781
0.9918186735587781
0.9918186735587781
0.9918186735587781
0.9918186735587781
0.9918186735587781
0.9918186735587781
0.9918186735587781
0.9918186735587781
0.9918186735587781
0.9918186735587781
0.9918186735587781
0.9918186735587781
0.9918186735587781
0.9918186735587781
0.9918186735587781
0.9918186735587781
0.9918186735587781
0.9918186735587781
0.9918186735587781
0.9918186735587781
0.9918186735587781
0.9918186735587781
0.9918186735587781
0.9918186735587781
0.9918186735587781
0.9918186735587781
0.9918186735587781
0.9918186735587781
0.9918186735587781
0.9918186735587781
0.9918186735587781
0.9918186735587781
0.9918186735587781
0.9918186735587781
0.9918186735587781
0.9918186735587781
0.9918186735587781
0.9918186735587781
0.9918186735587781
0.9918186735587781
0.9918186735587781
0.9918186735587781
0.9918186735587781
0.9918186735587781
0.9918186735587781
0.9918186735587781
0.9918186735587781
0.9918186735587781
0.9918186735587781
0.9918186735587781
0.9918186735587781
0.9918186735587781
0.9918186735587781
0.9918186735587781
0.9918186735587781
0.9918186735587781
0.9918186735587781
0.9918186735587781
0.9918186735587781
0.9918186735587781
0.9918186735587781
0.9918186735587781
0.9918186735587781
0.9918186735587781
0.9918186735587781
0.9918186735587781
0.9918186735587781
0.9918186735587781
0.9918186735587781
0.9918186735587781
0.9918186735587781
0.9918186735587781
0.9918186735587781
0.9918186735587781
0.9918186735587781
0.9918186735587781
0.9918186735587781
0.9918186735587781
0.9918186735587781
0.9918186735587781
0.9918186735587781
0.9918186735587781
0.9918186735587781
0.9918186735587781
0.9918186735587781
0.9918186735587781
0.9918186735587781
0.9918186735587781
0.9918186735587781
0.9918186735587781
0.9918186735587781
0.9918186735587781
0.9918186735587781
0.9918186735587781
0.9918186735587781
0.9918186735587781
0.9918186735587781
0.9918186735587781
0.9918186735587781
0.9918186735587781
0.9918186735587781
0.9918186735587781
0.9918186735587781
0.9918186735587781
0.9918186735587781
0.9918186735587781
0.9918186735587781
0.9918186735587781
0.9918186735587781
0.9918186735587781
0.9918186735587781
0.9918186735587781
0.9918186735587781
0.9918186735587781
0.9918186735587781
0.9918186735587781
0.9918186735587781
0.9918186735587781
0.9918186735587781
0.9927294203711641
0.9927294203711641
0.9927294203711641
0.9927294203711641
0.9927294203711641
0.9927294203711641
0.9927294203711641
0.9927294203711641
0.9927294203711641
0.9927294203711641
0.9927294203711641
0.9927294203711641
0.9927294203711641
0.9927294203711641
0.9927294203711641
0.9927294203711641
0.9927294203711641
0.9927294203711641
0.9927294203711641
0.9927294203711641
0.9927294203711641
0.9927294203711641
0.9927294203711641
0.9927294203711641
0.9927294203711641
0.9927294203711641
0.9927294203711641
0.9927294203711641
0.9927294203711641
0.9927294203711641
0.9927294203711641
0.9927294203711641
0.9927294203711641
0.9927294203711641
0.9927294203711641
0.9927294203711641
0.9927294203711641
0.9927294203711641
0.9927294203711641
0.9927294203711641
0.9927294203711641
0.9927294203711641
0.9927294203711641
0.9927294203711641
0.9927294203711641
0.9927294203711641
0.9927294203711641
0.9927294203711641
0.9927294203711641
0.9927294203711641
0.9927294203711641
0.9927294203711641
0.9927294203711641
0.9927294203711641
0.9927294203711641
0.9927294203711641
0.9927294203711641
0.9927294203711641
0.9927294203711641
0.9927294203711641
0.9927294203711641
0.9927294203711641
0.9927294203711641
0.9927294203711641
0.9927294203711641
0.9927294203711641
0.9927294203711641
0.9927294203711641
0.9927294203711641
0.9927294203711641
0.9927294203711641
0.9927294203711641
0.9927294203711641
0.9927294203711641
0.9927294203711641
0.9927294203711641
0.9927294203711641
0.9927294203711641
0.9927294203711641
0.9927294203711641
0.9927294203711641
0.9927294203711641
0.9927294203711641
0.9927294203711641
0.9927294203711641
0.9927294203711641
0.9927294203711641
0.9927294203711641
0.9927294203711641
0.9927294203711641
0.9927294203711641
0.9927294203711641
0.9927294203711641
0.9927294203711641
0.9927294203711641
0.9927294203711641
0.9927294203711641
0.9927294203711641
0.9927294203711641
0.9927294203711641
0.9927294203711641
0.9927294203711641
0.9927294203711641
0.9927294203711641
0.9927294203711641
0.9927294203711641
0.9927294203711641
0.9927294203711641
0.9927294203711641
0.9927294203711641
0.9927294203711641
0.9927294203711641
0.9927294203711641
0.9927294203711641
0.9927294203711641
0.9927294203711641
0.9927294203711641
0.9927294203711641
0.9927294203711641
0.9927294203711641
0.9927294203711641
0.9927294203711641
0.9927294203711641
0.9927294203711641
0.9927294203711641
0.9927294203711641
0.9927294203711641
0.9927294203711641
0.9927294203711641
0.9927294203711641
0.9927294203711641
0.9927294203711641
0.9927294203711641
0.9927294203711641
0.9927294203711641
0.9927294203711641
0.9927294203711641
0.9927294203711641
0.9927294203711641
0.9927294203711641
0.9927294203711641
0.9927294203711641
0.9927294203711641
0.9927294203711641
0.9927294203711641
0.9927294203711641
0.9927294203711641
0.9927294203711641
0.9927294203711641
0.9927294203711641
0.9927294203711641
0.9927294203711641
0.9927294203711641
0.9927294203711641
0.9927294203711641
0.9927294203711641
0.9927294203711641
0.9927294203711641
0.9927294203711641
0.9927294203711641
0.9927294203711641
0.9927294203711641
0.9927294203711641
0.9927294203711641
0.9927294203711641
0.9927294203711641
0.9927294203711641
0.9927294203711641
0.9927294203711641
0.9927294203711641
0.9927294203711641
0.9927294203711641
0.9927294203711641
0.9927294203711641
0.9927294203711641
0.9927294203711641
0.9927294203711641
0.9927294203711641
0.9927294203711641
0.9927294203711641
0.9927294203711641
0.9927294203711641
0.9927294203711641
0.9927294203711641
0.9927294203711641
0.9927294203711641
0.9927294203711641
0.9927294203711641
0.9927294203711641
0.9927294203711641
0.9927294203711641
0.9927294203711641
0.9927294203711641
0.9927294203711641
0.9927294203711641
0.9927294203711641
0.9927294203711641
0.9927294203711641
0.9927294203711641
0.9927294203711641
0.9927294203711641
0.9927294203711641
0.9927294203711641
0.9927294203711641
0.9927294203711641
0.9927294203711641
0.9927294203711641
0.9927294203711641
0.9927294203711641
0.9927294203711641
0.9927294203711641
0.9927294203711641
0.9927294203711641
0.9927294203711641
0.9927294203711641
0.9927294203711641
0.9927294203711641
0.9927294203711641
0.9927294203711641
0.9927294203711641
0.9927294203711641
0.9927294203711641
0.9927294203711641
0.9927294203711641
0.9927294203711641
0.9927294203711641
0.9927294203711641
0.9927294203711641
0.9927294203711641
0.9927294203711641
0.9927294203711641
0.9927294203711641
0.9927294203711641
0.9927294203711641
0.9927294203711641
0.9927294203711641
0.9927294203711641
0.9927294203711641
0.9927294203711641
0.9927294203711641
0.9927294203711641
0.9927294203711641
0.9927294203711641
0.9927294203711641
0.9927294203711641
0.9927294203711641
0.9927294203711641
0.9927294203711641
0.9927294203711641
0.9927294203711641
0.9927294203711641
0.9927294203711641
0.9927294203711641
0.9927294203711641
0.9927294203711641
0.9927294203711641
0.9927294203711641
0.9927294203711641
0.9927294203711641
0.9927294203711641
0.9927294203711641
0.9927294203711641
0.9927294203711641
0.9927294203711641
0.9927294203711641
0.9927294203711641
0.9927294203711641
0.9927294203711641
0.9927294203711641
0.9927294203711641
0.9927294203711641
0.9927294203711641
0.9927294203711641
0.9927294203711641
0.9927294203711641
0.9927294203711641
0.9927294203711641
0.9927294203711641
0.9927294203711641
0.9927294203711641
0.9927294203711641
0.9927294203711641
0.9927294203711641
0.9927294203711641
0.9927294203711641
0.9927294203711641
0.9927294203711641
0.9927294203711641
0.9927294203711641
0.9927294203711641
0.9927294203711641
0.9927294203711641
0.9927294203711641
0.9927294203711641
0.9927294203711641
0.9927294203711641
0.9927294203711641
0.9927294203711641
0.9927294203711641
0.9927294203711641
0.9927294203711641
0.9927294203711641
0.9927294203711641
0.9927294203711641
0.9927294203711641
0.9927294203711641
0.9927294203711641
0.9927294203711641
0.9927294203711641
0.9927294203711641
0.9927294203711641
0.9927294203711641
0.9927294203711641
0.9927294203711641
0.9927294203711641
0.9927294203711641
0.9927294203711641
0.9927294203711641
0.9927294203711641
0.9927294203711641
0.9927294203711641
0.9927294203711641
0.9927294203711641
0.9927294203711641
0.9927294203711641
0.9927294203711641
0.9927294203711641
0.9927294203711641
0.9927294203711641
0.9927294203711641
0.9927294203711641
0.9927294203711641
0.9927294203711641
0.9927294203711641
0.9927294203711641
0.9927294203711641
0.9927294203711641
0.9927294203711641
0.9927294203711641
0.9927294203711641
0.9927294203711641
0.9927294203711641
0.9927294203711641
0.9927294203711641
0.9927294203711641
0.9927294203711641
0.9927294203711641
0.9927294203711641
0.9927294203711641
0.9927294203711641
0.9927294203711641
0.9927294203711641
0.9927294203711641
0.9927294203711641
0.9927294203711641
0.9927294203711641
0.9927294203711641
0.9927294203711641
0.9927294203711641
0.9927294203711641
0.9927294203711641
0.9927294203711641
0.9927294203711641
0.9927294203711641
0.9927294203711641
0.9927294203711641
0.9927294203711641
0.9927294203711641
0.9927294203711641
0.9927294203711641
0.9927294203711641
0.9927294203711641
0.9927294203711641
0.9927294203711641
0.9927294203711641
0.9927294203711641
0.9927294203711641
0.9927294203711641
0.9927294203711641
0.9927294203711641
0.9927294203711641
0.9927294203711641
0.9927294203711641
0.9927294203711641
0.9927294203711641
0.9927294203711641
0.9927294203711641
0.9927294203711641
0.9927294203711641
0.9927294203711641
0.9927294203711641
0.9927294203711641
0.9927294203711641
0.9927294203711641
0.9927294203711641
0.9927294203711641
0.9927294203711641
0.9927294203711641
0.9927294203711641
0.9927294203711641
0.9927294203711641
0.9927294203711641
0.9927294203711641
0.9927294203711641
0.9927294203711641
0.9927294203711641
0.9927294203711641
0.9927294203711641
0.9927294203711641
0.9927294203711641
0.9927294203711641
0.9927294203711641
0.9927294203711641
0.9927294203711641
0.9927294203711641
0.9935974759267197
0.9935974759267197
0.9935974759267197
0.9935974759267197
0.9935974759267197
0.9935974759267197
0.9935974759267197
0.9935974759267197
0.9935974759267197
0.9935974759267197
0.9935974759267197
0.9935974759267197
0.9935974759267197
0.9935974759267197
0.9935974759267197
0.9935974759267197
0.9935974759267197
0.9935974759267197
0.9935974759267197
0.9935974759267197
0.9935974759267197
0.9935974759267197
0.9935974759267197
0.9935974759267197
0.9935974759267197
0.9935974759267197
0.9935974759267197
0.9935974759267197
0.9935974759267197
0.9935974759267197
0.9935974759267197
0.9935974759267197
0.9935974759267197
0.9935974759267197
0.9935974759267197
0.9935974759267197
0.9935974759267197
0.9935974759267197
0.9935974759267197
0.9935974759267197
0.9935974759267197
0.9935974759267197
0.9935974759267197
0.9935974759267197
0.9935974759267197
0.9935974759267197
0.9935974759267197
0.9935974759267197
0.9935974759267197
0.9935974759267197
0.9935974759267197
0.9935974759267197
0.9935974759267197
0.9935974759267197
0.9935974759267197
0.9935974759267197
0.9935974759267197
0.9935974759267197
0.9935974759267197
0.9935974759267197
0.9935974759267197
0.9935974759267197
0.9935974759267197
0.9935974759267197
0.9935974759267197
0.9935974759267197
0.9935974759267197
0.9935974759267197
0.9935974759267197
0.9935974759267197
0.9935974759267197
0.9935974759267197
0.9935974759267197
0.9935974759267197
0.9935974759267197
0.9935974759267197
0.9935974759267197
0.9935974759267197
0.9935974759267197
0.9935974759267197
0.9935974759267197
0.9935974759267197
0.9935974759267197
0.9935974759267197
0.9935974759267197
0.9935974759267197
0.9935974759267197
0.9935974759267197
0.9935974759267197
0.9935974759267197
0.9935974759267197
0.9935974759267197
0.9935974759267197
0.9935974759267197
0.9935974759267197
0.9935974759267197
0.9935974759267197
0.9935974759267197
0.9935974759267197
0.9935974759267197
0.9935974759267197
0.9935974759267197
0.9935974759267197
0.9935974759267197
0.9935974759267197
0.9935974759267197
0.9935974759267197
0.9935974759267197
0.9935974759267197
0.9935974759267197
0.9935974759267197
0.9935974759267197
0.9935974759267197
0.9935974759267197
0.9935974759267197
0.9935974759267197
0.9935974759267197
0.9935974759267197
0.9935974759267197
0.9935974759267197
0.9935974759267197
0.9935974759267197
0.9935974759267197
0.9935974759267197
0.9935974759267197
0.9935974759267197
0.9935974759267197
0.9935974759267197
0.9935974759267197
0.9935974759267197
0.9935974759267197
0.9935974759267197
0.9935974759267197
0.9935974759267197
0.9935974759267197
0.9935974759267197
0.9935974759267197
0.9935974759267197
0.9935974759267197
0.9935974759267197
0.9935974759267197
0.9935974759267197
0.9935974759267197
0.9935974759267197
0.9935974759267197
0.9935974759267197
0.9935974759267197
0.9935974759267197
0.9935974759267197
0.9935974759267197
0.9935974759267197
0.9935974759267197
0.9935974759267197
0.9935974759267197
0.9935974759267197
0.9935974759267197
0.9935974759267197
0.9935974759267197
0.9935974759267197
0.9935974759267197
0.9935974759267197
0.9935974759267197
0.9935974759267197
0.9935974759267197
0.9935974759267197
0.9935974759267197
0.9935974759267197
0.9935974759267197
0.9935974759267197
0.9935974759267197
0.9935974759267197
0.9935974759267197
0.9944588023694414
0.9944588023694414
0.9944588023694414
0.9944588023694414
0.9944588023694414
0.9944588023694414
0.9944588023694414
0.9944588023694414
0.9944588023694414
0.9944588023694414
0.9944588023694414
0.9944588023694414
0.9944588023694414
0.9944588023694414
0.9944588023694414
0.9944588023694414
0.9944588023694414
0.9944588023694414
0.9944588023694414
0.9944588023694414
0.9944588023694414
0.9944588023694414
0.9944588023694414
0.9944588023694414
0.9944588023694414
0.9944588023694414
0.9944588023694414
0.9944588023694414
0.9944588023694414
0.9944588023694414
0.9944588023694414
0.9944588023694414
0.9944588023694414
0.9944588023694414
0.9944588023694414
0.9944588023694414
0.9944588023694414
0.9944588023694414
0.9944588023694414
0.9944588023694414
0.9944588023694414
0.9944588023694414
0.9944588023694414
0.9944588023694414
0.9944588023694414
0.9944588023694414
0.9944588023694414
0.9944588023694414
0.9944588023694414
0.9944588023694414
0.9944588023694414
0.9944588023694414
0.9944588023694414
0.9944588023694414
0.9944588023694414
0.9944588023694414
0.9944588023694414
0.9944588023694414
0.9944588023694414
0.9944588023694414
0.9944588023694414
0.9944588023694414
0.9944588023694414
0.9944588023694414
0.9944588023694414
0.9944588023694414
0.9944588023694414
0.9944588023694414
0.9944588023694414
0.9944588023694414
0.9944588023694414
0.9944588023694414
0.9944588023694414
0.9944588023694414
0.9944588023694414
0.9944588023694414
0.9944588023694414
0.9944588023694414
0.9944588023694414
0.9944588023694414
0.9944588023694414
0.9944588023694414
0.9944588023694414
0.9944588023694414
0.9944588023694414
0.9944588023694414
0.9944588023694414
0.9944588023694414
0.9944588023694414
0.9944588023694414
0.9944588023694414
0.9944588023694414
0.9944588023694414
0.9944588023694414
0.9944588023694414
0.9944588023694414
0.9944588023694414
0.9944588023694414
0.9944588023694414
0.9944588023694414
0.9944588023694414
0.9944588023694414
0.9944588023694414
0.9944588023694414
0.9944588023694414
0.9944588023694414
0.9944588023694414
0.9944588023694414
0.9944588023694414
0.9944588023694414
0.9944588023694414
0.9944588023694414
0.9944588023694414
0.9944588023694414
0.9944588023694414
0.9944588023694414
0.9944588023694414
0.9944588023694414
0.9944588023694414
0.9944588023694414
0.9944588023694414
0.9944588023694414
0.9944588023694414
0.9944588023694414
0.9944588023694414
0.9944588023694414
0.9944588023694414
0.9944588023694414
0.9944588023694414
0.9944588023694414
0.9944588023694414
0.9944588023694414
0.9944588023694414
0.9944588023694414
0.9944588023694414
0.9944588023694414
0.9944588023694414
0.9944588023694414
0.9944588023694414
0.9944588023694414
0.9944588023694414
0.9944588023694414
0.9944588023694414
0.9944588023694414
0.9944588023694414
0.9944588023694414
0.9944588023694414
0.9944588023694414
0.9944588023694414
0.9944588023694414
0.9944588023694414
0.9944588023694414
0.9944588023694414
0.9944588023694414
0.9944588023694414
0.9944588023694414
0.9944588023694414
0.9953201288121633
0.9953201288121633
0.9953201288121633
0.9953201288121633
0.9953201288121633
0.9953201288121633
0.9953201288121633
0.9953201288121633
0.9953201288121633
0.9953201288121633
0.9953201288121633
0.9953201288121633
0.9953201288121633
0.9953201288121633
0.9953201288121633
0.9953201288121633
0.9953201288121633
0.9953201288121633
0.9953201288121633
0.9953201288121633
0.9953201288121633
0.9953201288121633
0.9953201288121633
0.9953201288121633
0.9953201288121633
0.9953201288121633
0.9953201288121633
0.9953201288121633
0.9953201288121633
0.9953201288121633
0.9953201288121633
0.9953201288121633
0.9953201288121633
0.9953201288121633
0.9953201288121633
0.9953201288121633
0.9953201288121633
0.9953201288121633
0.9953201288121633
0.9953201288121633
0.9953201288121633
0.9953201288121633
0.9953201288121633
0.9953201288121633
0.9953201288121633
0.9953201288121633
0.9953201288121633
0.9953201288121633
0.9953201288121633
0.9953201288121633
0.9953201288121633
0.9953201288121633
0.9953201288121633
0.9953201288121633
0.9953201288121633
0.9953201288121633
0.9953201288121633
0.9953201288121633
0.9953201288121633
0.9953201288121633
0.9953201288121633
0.9953201288121633
0.996181455254885
0.996181455254885
0.996181455254885
0.996181455254885
0.996181455254885
0.996181455254885
0.996181455254885
0.996181455254885
0.996181455254885
0.996181455254885
0.996181455254885
0.996181455254885
0.996181455254885
0.996181455254885
0.996181455254885
0.996181455254885
0.996181455254885
0.996181455254885
0.996181455254885
0.996181455254885
0.996181455254885
0.996181455254885
0.996181455254885
0.996181455254885
0.996181455254885
0.996181455254885
0.996181455254885
0.996181455254885
0.996181455254885
0.996181455254885
0.996181455254885
0.996181455254885
0.996181455254885
0.996181455254885
0.996181455254885
0.996181455254885
0.996181455254885
0.996181455254885
0.996181455254885
0.996181455254885
0.996181455254885
0.996181455254885
0.996181455254885
0.996181455254885
0.996181455254885
0.996181455254885
0.9970427816976069
0.9970427816976069
0.9970427816976069
0.9970427816976069
0.9970427816976069
0.9970427816976069
0.9970427816976069
0.9970427816976069
0.9970427816976069
0.9970427816976069
0.9970427816976069
0.9970427816976069
0.9970427816976069
0.9970427816976069
0.9970427816976069
0.9970427816976069
0.9970427816976069
0.9970427816976069
0.9970427816976069
0.9970427816976069
0.9970427816976069
0.9970427816976069
0.9970427816976069
0.9970427816976069
0.9970427816976069
0.9970427816976069
0.9970427816976069
0.9970427816976069
0.9970427816976069
0.9970427816976069
0.9970427816976069
0.9970427816976069
0.9970427816976069
0.9970427816976069
0.9970427816976069
0.9970427816976069
0.9970427816976069
0.9970427816976069
0.9970427816976069
0.9970427816976069
0.9970427816976069
0.9970427816976069
0.9970427816976069
0.9970427816976069
0.9970427816976069
0.9970427816976069
0.9970427816976069
0.9970427816976069
0.9970427816976069
0.9970427816976069
0.9970427816976069
0.9970427816976069
0.9970427816976069
0.9970427816976069
0.9970427816976069
0.9970427816976069
0.9970427816976069
0.9970427816976069
0.9970427816976069
0.9970427816976069
0.9970427816976069
0.9970427816976069
0.9970427816976069
0.9970427816976069
0.9970427816976069
0.9970427816976069
0.9970427816976069
0.9970427816976069
0.9970427816976069
0.9970427816976069
0.9970427816976069
0.9970427816976069
0.9970427816976069
0.9970427816976069
0.9970427816976069
0.9970427816976069
0.9970427816976069
0.9970427816976069
0.9970427816976069
0.9970427816976069
0.9970427816976069
0.9970427816976069
0.9970427816976069
0.9970427816976069
0.9970427816976069
0.9970427816976069
0.9970427816976069
0.9970427816976069
0.9970427816976069
0.9970427816976069
0.9970427816976069
0.9970427816976069
0.9970427816976069
0.9970427816976069
0.9970427816976069
0.9970427816976069
0.9970427816976069
0.9970427816976069
0.9970427816976069
0.9970427816976069
0.9970427816976069
0.9970427816976069
0.9970427816976069
0.9970427816976069
0.9970427816976069
0.9970427816976069
0.9970427816976069
0.9970427816976069
0.9970427816976069
0.9970427816976069
0.9970427816976069
0.9970427816976069
0.9970427816976069
0.9970427816976069
0.9970427816976069
0.9970427816976069
0.9970427816976069
0.9970427816976069
0.9970427816976069
0.9970427816976069
0.9970427816976069
0.9970427816976069
0.9970427816976069
0.9970427816976069
0.9970427816976069
0.9970427816976069
0.9970427816976069
0.9970427816976069
0.9970427816976069
0.9970427816976069
0.9970427816976069
0.9970427816976069
0.9970427816976069
0.9970427816976069
0.9970427816976069
0.9970427816976069
0.9970427816976069
0.9970427816976069
0.9970427816976069
0.9970427816976069
0.9970427816976069
0.9970427816976069
0.9970427816976069
0.9970427816976069
0.9970427816976069
0.9970427816976069
0.9970427816976069
0.9970427816976069
0.9970427816976069
0.9970427816976069
0.9970427816976069
0.9970427816976069
0.9970427816976069
0.9970427816976069
0.9970427816976069
0.9970427816976069
0.9970427816976069
0.9970427816976069
0.9970427816976069
0.9970427816976069
0.9970427816976069
0.9970427816976069
0.9970427816976069
0.9970427816976069
0.9970427816976069
0.9970427816976069
0.9970427816976069
0.9970427816976069
0.9970427816976069
0.9970427816976069
0.9970427816976069
0.9970427816976069
0.9970427816976069
0.9970427816976069
0.9970427816976069
0.9970427816976069
0.9970427816976069
0.9970427816976069
0.9970427816976069
0.9970427816976069
0.9970427816976069
0.9970427816976069
0.9970427816976069
0.9970427816976069
0.9970427816976069
0.9979041081403286
0.9979041081403286
0.9979041081403286
0.9979041081403286
0.9979041081403286
0.9979041081403286
0.9979041081403286
0.9979041081403286
0.9979041081403286
0.9979041081403286
0.9979041081403286
0.9979041081403286
0.9979041081403286
0.9979041081403286
0.9979041081403286
0.9979041081403286
0.9979041081403286
0.9979041081403286
0.9979041081403286
0.9979041081403286
0.9979041081403286
0.9979041081403286
0.9979041081403286
0.9979041081403286
0.9979041081403286
0.9979041081403286
0.9979041081403286
0.9979041081403286
0.9979041081403286
0.9979041081403286
0.9979041081403286
0.9979041081403286
0.9979041081403286
0.9979041081403286
0.9979041081403286
0.9979041081403286
0.9979041081403286
0.9979041081403286
0.9979041081403286
0.9979041081403286
0.9979041081403286
0.9979041081403286
0.9979041081403286
0.9979041081403286
0.9979041081403286
0.9979041081403286
0.9979041081403286
0.9979041081403286
0.9979041081403286
0.9979041081403286
0.9979041081403286
0.9979041081403286
0.9979041081403286
0.9979041081403286
0.9979041081403286
0.9979041081403286
0.9979041081403286
0.9979041081403286
0.9979041081403286
0.9979041081403286
0.9979041081403286
0.9979041081403286
0.9979041081403286
0.9979041081403286
0.9979041081403286
0.9979041081403286
0.9979041081403286
0.9979041081403286
0.9979041081403286
0.9979041081403286
0.9979041081403286
0.9979041081403286
0.9979041081403286
0.9979041081403286
0.9979041081403286
0.9979041081403286
0.9979041081403286
0.9979041081403286
0.9979041081403286
0.9979041081403286
0.9979041081403286
0.9979041081403286
0.9991251093613298
0.9991251093613298
0.9991251093613298
0.9991251093613298
0.9991251093613298
0.9991251093613298
0.9991251093613298
0.9991251093613298
0.9991251093613298
0.9991251093613298
0.9991251093613298
0.9991251093613298
0.9991251093613298
0.9991251093613298
0.9991251093613298
0.9991251093613298
0.9991251093613298
0.9991251093613298
0.9991251093613298
0.9991251093613298
0.9991251093613298
0.9991251093613298
0.9991251093613298
0.9991251093613298
0.9991251093613298
0.9991251093613298
0.9991251093613298
0.9991251093613298
0.9991251093613298
0.9991251093613298
0.9991251093613298
0.9991251093613298
0.9991251093613298
0.9991251093613298
0.9991251093613298
0.9991251093613298
0.9991251093613298
0.9991251093613298
0.9991251093613298
0.9991251093613298
0.9991251093613298
0.9991251093613298
0.9991251093613298
0.9991251093613298
0.9991251093613298
0.9991251093613298
0.9991251093613298
0.9991251093613298
0.9991251093613298
0.9991251093613298
0.9991251093613298
0.9991251093613298
0.9991251093613298
0.9991251093613298
0.9991251093613298
0.9991251093613298
0.9991251093613298
0.9991251093613298
0.9991251093613298
0.9991251093613298
0.9991251093613298
0.9991251093613298
0.9991251093613298
0.9991251093613298
0.9991251093613298
0.9991251093613298
0.9991251093613298
0.9991251093613298
0.9991251093613298
0.9991251093613298
0.9991251093613298
0.9991251093613298
0.9991251093613298
0.9991251093613298
0.9991251093613298
0.9991251093613298
0.9991251093613298
0.9991251093613298
0.9991251093613298
0.9991251093613298
0.9991251093613298
0.9991251093613298
0.9991251093613298
0.9991251093613298
0.9991251093613298
0.9991251093613298
0.9991251093613298
0.9991251093613298
0.9991251093613298
0.9991251093613298
0.9991251093613298
0.9991251093613298
0.9991251093613298
0.9991251093613298
0.9991251093613298
0.9991251093613298
0.9991251093613298
0.9991251093613298
0.9991251093613298
0.9991251093613298
0.9991251093613298
0.9991251093613298
0.9991251093613298
0.9991251093613298
0.9991251093613298
0.9991251093613298
0.9991251093613298
0.9991251093613298
0.9991251093613298
0.9991251093613298
0.9991251093613298
0.9991251093613298
0.9991251093613298
0.9991251093613298
0.9991251093613298
0.9991251093613298
0.9991251093613298
0.9991251093613298
0.9991251093613298
0.9991251093613298
0.9991251093613298
0.9991251093613298
0.9991251093613298
0.9991251093613298
0.9991251093613298
0.9991251093613298
0.9991251093613298
0.9991251093613298
0.9991251093613298
0.9991251093613298
0.9991251093613298
0.9991251093613298
0.9991251093613298
0.9991251093613298
0.9991251093613298
0.9991251093613298
0.9991251093613298
0.9991251093613298
0.9991251093613298
0.9991251093613298
0.9991251093613298
0.9991251093613298
0.9991251093613298
0.9991251093613298
0.9991251093613298
0.9991251093613298
0.9991251093613298
0.9991251093613298
0.9991251093613298
0.9991251093613298
0.9991251093613298
0.9991251093613298
0.9991251093613298
0.9991251093613298
0.9991251093613298
0.9991251093613298
0.9991251093613298
0.9991251093613298
0.9991251093613298
0.9991251093613298
0.9991251093613298
0.9991251093613298
0.9991251093613298
0.9991251093613298
0.9991251093613298
0.9991251093613298
0.9991251093613298
0.9991251093613298
0.9991251093613298
0.9991251093613298
0.9991251093613298
0.9991251093613298
0.9991251093613298
0.9991251093613298
0.9991251093613298
0.9991251093613298
0.9991251093613298
0.9991251093613298
0.9991251093613298
0.9991251093613298
0.9991251093613298
0.9991251093613298
0.9991251093613298
0.9991251093613298
0.9991251093613298
0.9991251093613298
0.9991251093613298
0.9991251093613298
0.9991251093613298
0.9991251093613298
0.9991251093613298
0.9991251093613298
0.9991251093613298
0.9991251093613298
0.9991251093613298
0.9991251093613298
0.9991251093613298
0.9991251093613298
0.9991251093613298
0.9991251093613298
0.9991251093613298
0.9991251093613298
0.9991251093613298
0.9991251093613298
0.9991251093613298
1.0
1.0
