0.11147291256976502
0.22165587734859105
0.3322036754791728
0.4994177893138216
0.5545460122743795
0.5817165178066179
0.7218949455643724
0.7564680734724346
0.7768688623460012
0.8327517764669271
0.8398465001448909
0.8539106022501004
0.8819118903151022
0.8870627430783505
0.8887201159021363
0.9023838812274269
0.912781817009835
0.9196146686951399
0.9319679299888186
0.934874042583231
0.9388503822191686
0.9493529662012221
0.9524794775647525
0.9537787770795044
0.9602101787314195
0.9636409187475186
0.9660108018795953
0.9711408756549366
0.972687090999171
0.9740260008992042
0.9782431848147267
0.979645752777687
0.9803585140941391
0.9832883406847996
0.9845817870602251
0.9853678011516016
0.9875936626770746
0.9882900981770596
0.9887998570877657
0.9905790557725255
0.9911978949590796
0.9915071660292489
0.9928341883267301
0.9933017712686868
0.9935916544379017
0.9945801446158601
0.9948914245859853
0.9951190099061645
0.9958499533514289
0.9960925970219068
0.9962310559328249
0.9968033464055658
0.997019575889656
0.9971341203430423
0.9975602752559259
0.9977181144218689
0.9978136791188008
0.9981594465330405
0.9982772347574109
0.9983320213050423
0.9985777697450156
0.9986640757248908
0.9987223688786835
0.9989222806197325
0.9989924814704032
0.9990232497182354
0.9991645439082455
0.9992292005903697
0.9992547345274185
0.999371933141177
0.9994019786479317
0.9994231872917875
0.9995012905790795
0.9995346907776319
0.9995513348854683
0.9996225917065696
0.9996470241511572
0.9996618979070164
0.9997187836347755
0.9997347047305214
0.9997419588463331
0.999783933662287
0.9997959436875198
0.9998043306691802
0.9998339365230365
0.9998431143598215
0.9998459969395481
0.9998733991616404
0.9998820326607778
0.9998834614538388
0.9999085337809245
0.9999099609395581
0.9999140629545972
0.999925512480792
0.9999311218196301
0.999932567577866
0.9999439098858692
0.9999489218312851
0.9999504088324852
0.9999544784353706
0.9999566528732876
0.9999566528732876
0.9999629738051796
0.9999644868245309
0.9999651891427429
0.9999766284135654
0.9999780672128009
0.9999780672128009
0.9999809569889107
0.9999816853252739
0.9999816853252739
0.999984341238759
0.999984341238759
0.999984341238759
0.9999871334200585
0.9999878528196764
0.9999890889930769
0.9999898156950128
0.9999913008346987
0.9999913008346987
0.9999934640148074
0.9999934640148074
0.9999934640148074
0.9999942486977954
0.9999942486977954
0.9999942486977954
0.9999949661196682
0.9999949661196682
0.9999949661196682
0.9999957508026562
0.9999957508026562
0.9999957508026562
0.9999957508026562
0.9999964791390195
0.9999972074753827
0.9999972074753827
0.9999972074753827
0.9999972074753827
0.9999972074753827
0.9999972074753827
0.9999972074753827
0.9999979358117459
0.9999979358117459
0.9999986552113638
0.9999986552113638
0.9999986552113638
0.9999986552113638
0.9999986552113638
0.9999986552113638
0.9999986552113638
0.9999986552113638
0.9999986552113638
0.9999986552113638
0.999999273298064
0.999999273298064
0.999999273298064
0.999999273298064
0.999999273298064
0.999999273298064
1.0
1.0
