0.015364067486355505
0.028635843437806386
0.04364644699060973
0.0556181059656376
0.07215408277152321
0.08169353811912501
0.08805716085390695
0.10281917110653797
0.11347015215046309
0.11682027508491244
0.11682027508491244
0.11818538464596365
0.12030210954567341
0.1258895747360159
0.1291336316809683
0.13337099065252503
0.1377166978795702
0.1453877385539502
0.15427332654897186
0.1579759507336492
0.16070072142575198
0.16551922640966796
0.17202266980275913
0.17903076495501483
0.18630284827442697
0.18865177069842584
0.19427227690061755
0.19959165166089818
0.2036406183492657
0.20699119183864292
0.21112208164069693
0.21432711624764605
0.21500188008030463
0.22316926812647145
0.2278349738820008
0.22956072872227776
0.2327064574802363
0.23532196059027113
0.24059557582115618
0.24661514549029973
0.2518303063703833
0.2542430786964511
0.26062603705814136
0.26264834784036567
0.26762473199530595
0.272480379853724
0.2763057976242922
0.2792370628955888
0.2810232688056164
0.2810232688056164
0.28244808564926205
0.28524074288563706
0.2890881309075339
0.2927935720757718
0.29549792772920525
0.3051553145236449
0.30869182543461043
0.3140343662630202
0.32152376200610894
0.3276395980047437
0.33139216346672823
0.33465496013545354
0.3357810255550626
0.337131214753549
0.337131214753549
0.3413468705585743
0.34522901263094147
0.3488967576815744
0.35684052621657175
0.3648561412571687
0.3691740408674895
0.37412570885138496
0.3780081615524013
0.37933269796465696
0.3824939941084093
0.3873281029338055
0.39003272654165266
0.39738248083829675
0.40579573795393264
0.4111131923196683
0.415920788968667
0.42204807663584604
0.426501016271852
0.42858153808921595
0.43514878343336205
0.44078898944589895
0.4447297268338447
0.4464710897852316
0.45265765824888365
0.45445321624426316
0.4561932054534238
0.46436470828361764
0.474728392926879
0.47951339791576536
0.47951339791576536
0.4846216401125523
0.4871793803775745
0.4908468296470426
0.49266570265290016
0.494382561645301
0.49705071421638863
0.5002168017714146
0.5063297323761509
0.5087310757348316
0.519923846792528
0.5244784112181642
0.5293494467053259
0.5345934925859168
0.5370348015641285
0.5402362574661121
0.5449309221670396
0.5487713837439229
0.5503120944951599
0.5503120944951599
0.553264978506709
0.5557626270569891
0.557479600373754
0.5602338875424487
0.5633714587428006
0.5682801007339985
0.5757768034044165
0.5828451228983446
0.5875969685824979
0.5899232861780068
0.5937585390423646
0.5979072969837113
0.6016412722648499
0.6035475631911045
0.6035475631911045
0.6048008736465486
0.6084022886138779
0.6090770524465365
0.610588308153101
0.6112148745691411
0.6130561725259366
0.6150554727708509
0.6226217803242087
0.6250787464730131
0.6290006498038042
0.6325149900108417
0.6349650621557114
0.6362340297817481
0.6362340297817481
0.6460250494931115
0.6478987690739894
0.6500355212107416
0.65067736973449
0.6513521335671485
0.6513521335671485
0.6526054440225927
0.6533467338669217
0.654088023711251
0.6561641001873065
0.65958111087857
0.6618323540620882
0.6641915383176885
0.6658603142178349
0.6681550728757139
0.6732790762146678
0.6752714824556472
0.6786020686353795
0.68228546288917
0.68228546288917
0.6832525979612857
0.6836986282913481
0.6900385375543268
0.6914092906674495
0.6914092906674495
0.6914092906674495
0.6955772770384109
0.6978305009376807
0.7028900178500859
0.705416707766041
0.7063320395738213
0.7063320395738213
0.7101474054015219
0.7164159749467874
0.7174885716928898
0.7251983757997019
0.7265229122119576
0.7265229122119576
0.7272438927454833
0.729857200242823
0.729857200242823
0.729857200242823
0.729857200242823
0.7308141380418659
0.732561498620627
0.737516937133745
0.7425607653996704
0.7432917595517172
0.7461457558711128
0.7461457558711128
0.7482914272999059
0.7482914272999059
0.7531140967204316
0.7535717626243217
0.7542552896236381
0.7555719019800451
0.7555719019800451
0.7560930067220982
0.7560930067220982
0.7572919624703175
0.7594493795536765
0.7600912280774251
0.7606123328194783
0.7618733763896662
0.7623194067197285
0.7643524613843622
0.766924820670022
0.7694868327437653
0.771163157636876
0.773222089889526
0.7756066185201748
0.7763275990537003
0.7782925358039482
0.7802193985307068
0.7807405032727598
0.7807405032727598
0.7807405032727598
0.7817400769143346
0.7869791797101554
0.789009039485344
0.7907396072789655
0.7917183779249088
0.792176043828799
0.7932602761487292
0.794516023077982
0.7970146136984497
0.8002855529938603
0.8009196684028648
0.8016406489363903
0.8016406489363903
0.8035093006280093
0.8076700635336319
0.8088232962658121
0.8099709674239053
0.811754574538877
0.8138666174963289
0.8150286133951669
0.8164724454033615
0.8164724454033615
0.8199335861211714
0.8207433027203617
0.8221490607050669
0.8252191425454845
0.8259026695448008
0.8290558640550646
0.8295769687971177
0.8304806650310703
0.832235472926229
0.8334024837898171
0.8334024837898171
0.834720126198138
0.834720126198138
0.8359875087012184
0.8369236435046301
0.8376546376566769
0.8381123035605671
0.8381123035605671
0.8410365254872395
0.8421133864375693
0.8428546762818984
0.8428546762818984
0.8441220587849789
0.844771831364576
0.844771831364576
0.8459270515156337
0.8470890474144718
0.8477388199940689
0.8488800128972755
0.8505719949609789
0.852538379896983
0.855808766506145
0.855808766506145
0.8569295606688662
0.8569295606688662
0.8605348472248248
0.862072658867782
0.8627936394013075
0.8637181386308914
0.8643447050469316
0.8657075341042055
0.8657075341042055
0.8657075341042055
0.8657075341042055
0.867659291921531
0.867659291921531
0.8684690085207213
0.8696166796788145
0.872109631753484
0.8734272741618049
0.8747069986720194
0.8753817625046779
0.8753817625046779
0.8753817625046779
0.8753817625046779
0.8758602314041996
0.8758602314041996
0.8795407257216518
0.8803504423208421
0.8809696373672817
0.8837624261249828
0.8837624261249828
0.8837624261249828
0.8837624261249828
0.8862784879144369
0.8875474555404735
0.8916552084752709
0.8922601691528268
0.8936229982101009
0.8949631737900661
0.8971586160063524
0.8978333798390111
0.8978333798390111
0.8978333798390111
0.8978333798390111
0.8978333798390111
0.8978333798390111
0.8978333798390111
0.8978333798390111
0.8978333798390111
0.8978333798390111
0.9008146091360298
0.9008146091360298
0.9020679195914738
0.9025890243335271
0.9025890243335271
0.9025890243335271
0.9037560351971151
0.9044307990297736
0.9051517795632992
0.9051517795632992
0.9057783459793394
0.9057783459793394
0.9057783459793394
0.9064993265128649
0.9069453568429274
0.9069453568429274
0.9069453568429274
0.9075951294225246
0.9088419386238289
0.909491711203426
0.9110929616845461
0.912448057627076
0.913053018304632
0.9142998275059363
0.9156955718721207
0.9161416022021832
0.9161416022021832
0.9161416022021832
0.916746562879739
0.9175562794789293
0.9175562794789293
0.9175562794789293
0.9181754745253691
0.9181754745253691
0.9205834405147022
0.9212332130942993
0.9219541936278248
0.9224326625273465
0.9224326625273465
0.9224326625273465
0.9251323793911499
0.9251323793911499
0.9251323793911499
0.9251323793911499
0.9251323793911499
0.9258533599246754
0.9272287651780089
0.9272287651780089
0.9272287651780089
0.9272287651780089
0.9272287651780089
0.9272287651780089
0.9283548305976183
0.9297226868579874
0.9297226868579874
0.9297226868579874
0.9303974506906458
0.9321910279702741
0.9321910279702741
0.9328175943863142
0.9328175943863142
0.9332636247163767
0.9332636247163767
0.9339383885490353
0.9345881611286324
0.9345881611286324
0.9345881611286324
0.9357871168768518
0.9362655857763733
0.9367116161064357
0.9371576464364982
0.9371576464364982
0.9371576464364982
0.9378786269700238
0.9385127423790282
0.9402277403351273
0.941323543244787
0.941323543244787
0.941323543244787
0.941323543244787
0.9418020121443084
0.9418020121443084
0.9422596780481985
0.9422596780481985
0.9435610082968973
0.9454475858464173
0.9454475858464173
0.9454475858464173
0.946731473835019
0.946731473835019
0.946731473835019
0.946731473835019
0.946731473835019
0.946731473835019
0.946731473835019
0.946731473835019
0.946731473835019
0.946731473835019
0.9474062376676775
0.9479273424097305
0.9479273424097305
0.9479273424097305
0.9485323030872866
0.9491514981337262
0.9491514981337262
0.9491514981337262
0.9518232987399667
0.9518232987399667
0.9524282594175227
0.9524282594175227
0.9524282594175227
0.9524282594175227
0.9524282594175227
0.9529493641595759
0.9529493641595759
0.9534070300634659
0.9534070300634659
0.9538854989629875
0.9538854989629875
0.9549580957090898
0.9549580957090898
0.9549580957090898
0.9555772907555294
0.9555772907555294
0.9562520545881882
0.9562520545881882
0.9573728487509091
0.9580476125835677
0.9580476125835677
0.9580476125835677
0.9580476125835677
0.9580476125835677
0.9580476125835677
0.9580476125835677
0.9580476125835677
0.958505278487458
0.958505278487458
0.958505278487458
0.9589629443913482
0.9607580256472767
0.9619971017338369
0.9619971017338369
0.9619971017338369
0.9619971017338369
0.9619971017338369
0.9619971017338369
0.963346629399154
0.9638250982986757
0.9638250982986757
0.9638250982986757
0.9638250982986757
0.9638250982986757
0.9644592137076801
0.9644592137076801
0.9644592137076801
0.9651339775403387
0.9651339775403387
0.9656550822823918
0.9656550822823918
0.9656550822823918
0.9662891976913963
0.9669157641074363
0.9669157641074363
0.9669157641074363
0.9669157641074363
0.9669157641074363
0.9669157641074363
0.9669157641074363
0.9669157641074363
0.9669157641074363
0.9669157641074363
0.9675423305234765
0.9675423305234765
0.9679999964273666
0.9679999964273666
0.9679999964273666
0.9679999964273666
0.9679999964273666
0.9687209769608922
0.9687209769608922
0.9687209769608922
0.9687209769608922
0.9687209769608922
0.9687209769608922
0.9698505342902712
0.9698505342902712
0.9698505342902712
0.9698505342902712
0.9698505342902712
0.9698505342902712
0.9698505342902712
0.9698505342902712
0.9698505342902712
0.9704697293367108
0.970927395240601
0.970927395240601
0.9721268446736481
0.9721268446736481
0.9721268446736481
0.9721268446736481
0.9721268446736481
0.9727686931973963
0.9727686931973963
0.9727686931973963
0.9727686931973963
0.9734184657769936
0.9745467072561123
0.9750678119981654
0.9750678119981654
0.975971508232118
0.975971508232118
0.9777865718532693
0.9777865718532693
0.9777865718532693
0.978470098852586
0.978470098852586
0.978470098852586
0.978470098852586
0.978470098852586
0.978470098852586
0.978470098852586
0.9789161291826481
0.9789161291826481
0.9789161291826481
0.9789161291826481
0.9789161291826481
0.9789161291826481
0.9789161291826481
0.9789161291826481
0.9789161291826481
0.9793945980821699
0.9793945980821699
0.9793945980821699
0.9793945980821699
0.9793945980821699
0.9793945980821699
0.9793945980821699
0.9793945980821699
0.9793945980821699
0.9800693619148283
0.9800693619148283
0.9807528889141449
0.981210554818035
0.981210554818035
0.981210554818035
0.981210554818035
0.981210554818035
0.9818371212340752
0.9818371212340752
0.9818371212340752
0.982568115386122
0.982568115386122
0.982568115386122
0.9832022307951264
0.9832022307951264
0.9832022307951264
0.9832022307951264
0.9832022307951264
0.9832022307951264
0.9836598966990164
0.9836598966990164
0.9836598966990164
0.9836598966990164
0.9836598966990164
0.9836598966990164
0.9836598966990164
0.9836598966990164
0.9836598966990164
0.9836598966990164
0.9836598966990164
0.9836598966990164
0.9836598966990164
0.984105927029079
0.984105927029079
0.984105927029079
0.9847251220755185
0.9853998859081772
0.9853998859081772
0.9853998859081772
0.9853998859081772
0.9861208664417028
0.9861208664417028
0.9861208664417028
0.9861208664417028
0.9861208664417028
0.9861208664417028
0.9861208664417028
0.9861208664417028
0.9861208664417028
0.9871718574493211
0.9877768181268771
0.9877768181268771
0.9877768181268771
0.9884977986604028
0.9884977986604028
0.9884977986604028
0.9884977986604028
0.9884977986604028
0.9884977986604028
0.9891475712399999
0.9891475712399999
0.9891475712399999
0.9891475712399999
0.9891475712399999
0.9891475712399999
0.9891475712399999
0.9891475712399999
0.9891475712399999
0.9898310982393164
0.9905146252386328
0.9905146252386328
0.9905146252386328
0.9905146252386328
0.9905146252386328
0.9905146252386328
0.9905146252386328
0.9905146252386328
0.9905146252386328
0.9905146252386328
0.9905146252386328
0.9905146252386328
0.9905146252386328
0.9905146252386328
0.9905146252386328
0.9905146252386328
0.9905146252386328
0.9905146252386328
0.9905146252386328
0.9905146252386328
0.9905146252386328
0.9905146252386328
0.9905146252386328
0.9905146252386328
0.991324341837823
0.991324341837823
0.991324341837823
0.991324341837823
0.991324341837823
0.991324341837823
0.991324341837823
0.991324341837823
0.991324341837823
0.991324341837823
0.991324341837823
0.991324341837823
0.9925130018937601
0.9925130018937601
0.9925130018937601
0.9930341066358133
0.9930341066358133
0.9936838792154106
0.9936838792154106
0.9936838792154106
0.9944048597489361
0.9944048597489361
0.9944048597489361
0.9944048597489361
0.9944048597489361
0.9944048597489361
0.9944048597489361
0.9944048597489361
0.9944048597489361
0.9944048597489361
0.9944048597489361
0.9944048597489361
0.9944048597489361
0.9944048597489361
0.9944048597489361
0.9944048597489361
0.9944048597489361
0.9944048597489361
0.9944048597489361
0.9944048597489361
0.9944048597489361
0.9944048597489361
0.9948625256528263
0.9948625256528263
0.9948625256528263
0.9948625256528263
0.9948625256528263
0.9948625256528263
0.9948625256528263
0.9948625256528263
0.9948625256528263
0.9948625256528263
0.9948625256528263
0.9948625256528263
0.9948625256528263
0.9948625256528263
0.9948625256528263
0.9948625256528263
0.9948625256528263
0.9948625256528263
0.9948625256528263
0.9948625256528263
0.9948625256528263
0.9948625256528263
0.9948625256528263
0.9948625256528263
0.9948625256528263
0.9948625256528263
0.9948625256528263
0.9948625256528263
0.9948625256528263
0.9948625256528263
0.9948625256528263
0.9948625256528263
0.9948625256528263
0.9954817206992658
0.9954817206992658
0.9954817206992658
0.9954817206992658
0.9954817206992658
0.9954817206992658
0.9954817206992658
0.9954817206992658
0.996223010543595
0.996223010543595
0.996223010543595
0.996223010543595
0.996223010543595
0.996223010543595
0.996223010543595
0.996223010543595
0.996223010543595
0.996223010543595
0.996223010543595
0.996223010543595
0.996223010543595
0.996223010543595
0.996223010543595
0.996223010543595
0.996223010543595
0.9966690408736573
0.9971267067775473
0.9971267067775473
0.9971267067775473
0.9971267067775473
0.9971267067775473
0.9971267067775473
0.9971267067775473
0.9971267067775473
0.9971267067775473
0.9971267067775473
0.9971267067775473
0.9971267067775473
0.9971267067775473
0.9971267067775473
0.9971267067775473
0.9971267067775473
0.9971267067775473
0.9971267067775473
0.9971267067775473
0.9971267067775473
0.9971267067775473
0.9971267067775473
0.9971267067775473
0.9971267067775473
0.9971267067775473
0.9971267067775473
0.9971267067775473
0.9971267067775473
0.9971267067775473
0.9971267067775473
0.9971267067775473
0.9971267067775473
0.9971267067775473
0.9971267067775473
0.9971267067775473
0.9971267067775473
0.9971267067775473
0.9971267067775473
0.9971267067775473
0.9978014706102061
0.9978014706102061
0.9978014706102061
0.9978014706102061
0.9978014706102061
0.9978014706102061
0.9978014706102061
0.9978014706102061
0.9978014706102061
0.9978014706102061
0.9978014706102061
0.9978014706102061
0.9978014706102061
0.9978014706102061
0.9978014706102061
0.9978014706102061
0.9978014706102061
0.9983225753522591
0.9987802412561493
0.9987802412561493
0.9987802412561493
0.9987802412561493
0.9987802412561493
0.9987802412561493
0.9987802412561493
0.9987802412561493
0.9987802412561493
0.9987802412561493
0.9987802412561493
0.9987802412561493
0.9987802412561493
0.9987802412561493
0.9987802412561493
0.9987802412561493
0.9987802412561493
0.9987802412561493
0.9987802412561493
0.9987802412561493
0.9987802412561493
0.9987802412561493
0.9987802412561493
0.9987802412561493
0.9987802412561493
0.9987802412561493
0.9987802412561493
0.9987802412561493
0.9987802412561493
0.9987802412561493
0.9987802412561493
0.9987802412561493
0.9987802412561493
0.9987802412561493
0.9987802412561493
0.9987802412561493
0.9987802412561493
0.9987802412561493
0.9987802412561493
0.9987802412561493
0.9987802412561493
0.9987802412561493
0.9987802412561493
0.9987802412561493
0.9987802412561493
0.9987802412561493
0.9987802412561493
0.9987802412561493
0.9987802412561493
0.9987802412561493
0.9987802412561493
0.9987802412561493
0.9987802412561493
0.9987802412561493
0.9987802412561493
0.9987802412561493
0.9987802412561493
0.9987802412561493
0.9987802412561493
0.9987802412561493
0.9987802412561493
0.9987802412561493
0.9987802412561493
0.9987802412561493
0.9987802412561493
0.9987802412561493
0.9987802412561493
0.9987802412561493
0.9987802412561493
0.9987802412561493
0.9987802412561493
0.9987802412561493
0.9987802412561493
0.9987802412561493
0.9987802412561493
0.9987802412561493
0.9987802412561493
0.9995215311004785
0.9995215311004785
0.9995215311004785
0.9995215311004785
0.9995215311004785
0.9995215311004785
0.9995215311004785
0.9995215311004785
0.9995215311004785
0.9995215311004785
0.9995215311004785
0.9995215311004785
0.9995215311004785
1.0
1.0
