0.06095047499924137
0.1003943115091939
0.15145960978598283
0.2160976615121944
0.22849413220282797
0.2576809746855603
0.2699384594401029
0.29861628366634174
0.3092842358243059
0.31926798123123235
0.34851325948536427
0.3735674475604943
0.3952771359625832
0.4157326105669219
0.44079891764092594
0.46501723443335397
0.4826323400687922
0.501662321783694
0.5085550397879297
0.5131930534854774
0.5275096508754334
0.5538369768882508
0.5843289969402883
0.6031225388988691
0.6077990899533513
0.6225138142437985
0.6330331747901787
0.6386832655618803
0.663935356418813
0.6708569722200619
0.6801876763809778
0.6886631322331567
0.6989900461310334
0.7216360040343479
0.7377193414658442
0.7676034655134807
0.7752160573602287
0.7849231217628646
0.7891878220512876
0.7935573328602286
0.8118187122229319
0.8186958943783323
0.8310189488304986
0.8310189488304986
0.8327550599416098
0.8416035803234644
0.843660003432519
0.8485180685980523
0.850574491707107
0.8552972406250396
0.85772597131464
0.8668533821901749
0.8754287626218221
0.8780263061459359
0.8834725389047434
0.8909341716821698
0.8971752677441783
0.9028823189937136
0.9053243214357161
0.9062350682481021
0.9108890348812706
0.9126611081363786
0.9126611081363786
0.9138821093573798
0.9138821093573798
0.9164536423565443
0.9221704047056564
0.9245563428997041
0.9280456126233416
0.9310127825447824
0.9377974105327288
0.9404016831696763
0.9404016831696763
0.9404016831696763
0.9404016831696763
0.9426881612898396
0.9448307727203767
0.9518822432868297
0.954013991320217
0.9548820468757726
0.9557174687638261
0.9565787952065479
0.9565787952065479
0.9565787952065479
0.9576575438581121
0.9602717681141072
0.9602717681141072
0.9611825149264932
0.9629118969247705
0.9658984287613114
0.9658984287613114
0.9667733193999815
0.9702816097364813
0.9702816097364813
0.9711923565488676
0.9711923565488676
0.9711923565488676
0.9711923565488676
0.9720672471875377
0.9750244654899309
0.9750244654899309
0.9750244654899309
0.9780311041619885
0.9780311041619885
0.9789418509743746
0.9823313681805812
0.9823313681805812
0.9823313681805812
0.9823313681805812
0.9823313681805812
0.9840675852619731
0.9840675852619731
0.9840675852619731
0.9840675852619731
0.9849030071500268
0.9849030071500268
0.9849030071500268
0.9849030071500268
0.9849030071500268
0.9849030071500268
0.9866133196767505
0.9878343208977517
0.9886956473404734
0.9886956473404734
0.9886956473404734
0.9886956473404734
0.9886956473404734
0.9886956473404734
0.9886956473404734
0.9886956473404734
0.9886956473404734
0.9886956473404734
0.9886956473404734
0.9899033768090726
0.9899033768090726
0.9899033768090726
0.990738798697126
0.990738798697126
0.990738798697126
0.990738798697126
0.990738798697126
0.990738798697126
0.990738798697126
0.990738798697126
0.990738798697126
0.990738798697126
0.9918175473486901
0.9918175473486901
0.9918175473486901
0.9918175473486901
0.9918175473486901
0.9918175473486901
0.9926529692367436
0.9926529692367436
0.993488391124797
0.993488391124797
0.9943991379371833
0.9943991379371833
0.9943991379371833
0.9943991379371833
0.9943991379371833
0.9943991379371833
0.9943991379371833
0.9943991379371833
0.9943991379371833
0.9943991379371833
0.9943991379371833
0.9943991379371833
0.9943991379371833
0.9953098847495693
0.9953098847495693
0.9953098847495693
0.9953098847495693
0.9961847753882395
0.9961847753882395
0.9961847753882395
0.9961847753882395
0.9961847753882395
0.9961847753882395
0.9961847753882395
0.9961847753882395
0.9961847753882395
0.9961847753882395
0.9961847753882395
0.9961847753882395
0.9961847753882395
0.9961847753882395
0.9961847753882395
0.9961847753882395
0.9961847753882395
0.9961847753882395
0.9961847753882395
0.9961847753882395
0.9961847753882395
0.9961847753882395
0.9970955222006257
0.9970955222006257
0.9970955222006257
0.9983032516692246
0.9983032516692246
0.9983032516692246
0.9983032516692246
0.9983032516692246
0.9983032516692246
0.9983032516692246
0.9991386735572783
1.0
1.0
