0.0
0.0
0.0
0.003125
0.01213235294117647
0.02072378193701723
0.03478163992869875
0.037722816399286985
0.04360516934046346
0.049071598336304215
0.06105063237416179
0.06964206137000255
0.06964206137000255
0.06964206137000255
0.06964206137000255
0.06964206137000255
0.06964206137000255
0.07276706137000255
0.07633848994143112
0.0860065996095408
0.0860065996095408
0.0860065996095408
0.0860065996095408
0.0860065996095408
0.08957802818096935
0.08957802818096935
0.09270302818096934
0.09816945717681011
0.1017408857482387
0.10426613827349121
0.10720731474407946
0.10973256726933198
0.11330399584076054
0.11330399584076054
0.11330399584076054
0.1187704248366013
0.1187704248366013
0.12171160130718953
0.12736185383244206
0.1303030303030303
0.13535353535353534
0.13535353535353534
0.13847853535353535
0.1410037878787879
0.14412878787878788
0.1506413929208047
0.1577842500636618
0.1577842500636618
0.1613556786350904
0.16682210763093117
0.16682210763093117
0.16934736015618368
0.1724723601561837
0.17604378872761228
0.18274021729904083
0.18839046982429336
0.18839046982429336
0.19151546982429335
0.19464046982429337
0.19821189839572195
0.20430857949240303
0.20724975596299125
0.20724975596299125
0.2101909324335795
0.2101909324335795
0.2101909324335795
0.21271618495883202
0.21565736142942027
0.21565736142942027
0.22487904252610133
0.22487904252610133
0.22487904252610133
0.22845047109752992
0.22845047109752992
0.2351468996689585
0.2351468996689585
0.2351468996689585
0.24079715219421102
0.243922152194211
0.2474935807656396
0.2474935807656396
0.2500188332908921
0.2529600097614803
0.25608500976148035
0.2596564383329089
0.2596564383329089
0.2596564383329089
0.26575311942959
0.26575311942959
0.26887811942959
0.27200311942959
0.27200311942959
0.2776533719548425
0.2812248005262711
0.29149265766912824
0.29401791019438084
0.29714291019438077
0.29966816271963326
0.3057648438163144
0.3057648438163144
0.3057648438163144
0.3057648438163144
0.30829009634156695
0.31081534886681944
0.31438677743824806
0.31985320643408877
0.3223784589593413
0.3253196354299296
0.3253196354299296
0.3253196354299296
0.3278448879551821
0.3334951404804346
0.33706656905186316
0.3431632501485443
0.3431632501485443
0.3528008551905611
0.35637228376198965
0.35637228376198965
0.3618387127578304
0.3647798892284187
0.3702463182242594
0.3757127472201002
0.38917085773703425
0.38917085773703425
0.3950532106782107
0.39862463924963926
0.39862463924963926
0.39862463924963926
0.40174963924963925
0.4053210678210678
0.40889249639249636
0.40889249639249636
0.41495867286308463
0.41495867286308463
0.41495867286308463
0.42147127790510147
0.42147127790510147
0.4286141350479586
0.4286141350479586
0.4286141350479586
0.4317391350479586
0.4317391350479586
0.4317391350479586
0.4373893875732111
0.4373893875732111
0.4399146400984636
0.4428558165690519
0.4428558165690519
0.4428558165690519
0.4428558165690519
0.4428558165690519
0.4428558165690519
0.45147775019098546
0.45400300271623806
0.4655661128087598
0.4655661128087598
0.47103254180460064
0.47397371827518886
0.4804863233172057
0.4830115758424582
0.48595275231304647
0.48595275231304647
0.49160300483829894
0.49454418130888717
0.4974853577794754
0.4974853577794754
0.4974853577794754
0.4974853577794754
0.5006103577794754
0.5041817863509039
0.507306786350904
0.5161303157626687
0.5161303157626687
0.5190714922332569
0.5220126687038451
0.5220126687038451
0.5245379212290977
0.5270631737543502
0.5295884262796027
0.5295884262796027
0.535654602750191
0.535654602750191
0.535654602750191
0.538779602750191
0.541904602750191
0.541904602750191
0.5448457792207793
0.557608384262796
0.5601336367880486
0.5637050653594772
0.5637050653594772
0.5666462418300654
0.5691714943553179
0.5721126708259061
0.5777629233511586
0.5842755283931755
0.5842755283931755
0.5842755283931755
0.5842755283931755
0.5842755283931755
0.5842755283931755
0.5842755283931755
0.5872167048637638
0.5872167048637638
0.5872167048637638
0.5872167048637638
0.5958081338596044
0.5958081338596044
0.5958081338596044
0.6008586389101095
0.6008586389101095
0.6008586389101095
0.603383891435362
0.6092662443765384
0.6092662443765384
0.612837672947967
0.612837672947967
0.6164091015193957
0.6164091015193957
0.6189343540446481
0.6189343540446481
0.6225057826160767
0.6225057826160767
0.6225057826160767
0.6250310351413293
0.6250310351413293
0.6250310351413293
0.6250310351413293
0.6279722116119175
0.6315436401833461
0.6351150687547746
0.6351150687547746
0.6351150687547746
0.6351150687547746
0.6382400687547747
0.6407653212800273
0.6437064977506155
0.6462317502758679
0.6462317502758679
0.6462317502758679
0.6462317502758679
0.6558693553178847
0.6558693553178847
0.6588105317884729
0.6623819603599016
0.6623819603599016
0.6623819603599016
0.6623819603599016
0.6623819603599016
0.6653231368304898
0.6653231368304898
0.6653231368304898
0.6653231368304898
0.6653231368304898
0.6653231368304898
0.6653231368304898
0.6653231368304898
0.6653231368304898
0.6684481368304898
0.6709733893557422
0.6776698179271708
0.6864450704524234
0.693141499023852
0.6956667515491045
0.6956667515491045
0.6956667515491045
0.6956667515491045
0.6956667515491045
0.6956667515491045
0.6956667515491045
0.6956667515491045
0.6956667515491045
0.6956667515491045
0.6956667515491045
0.6956667515491045
0.7021793565911213
0.7021793565911213
0.7021793565911213
0.7021793565911213
0.7021793565911213
0.7021793565911213
0.7078296091163738
0.7078296091163738
0.7078296091163738
0.7078296091163738
0.7103548616416264
0.713926290213055
0.713926290213055
0.713926290213055
0.713926290213055
0.7201762902130548
0.7231174666836431
0.7231174666836431
0.7231174666836431
0.7231174666836431
0.7231174666836431
0.7260586431542313
0.7285838956794839
0.7285838956794839
0.7285838956794839
0.7285838956794839
0.7285838956794839
0.7285838956794839
0.7311091482047365
0.7311091482047365
0.7311091482047365
0.7336344007299889
0.7336344007299889
0.7336344007299889
0.7365755772005771
0.7365755772005771
0.7365755772005771
0.7428255772005772
0.7428255772005772
0.7428255772005772
0.7459505772005772
0.7459505772005772
0.7459505772005772
0.7459505772005772
0.7459505772005772
0.7516008297258298
0.7516008297258298
0.7547258297258297
0.7576670061964179
0.7576670061964179
0.7576670061964179
0.7576670061964179
0.7576670061964179
0.7612384347678465
0.7643634347678465
0.7643634347678465
0.7643634347678465
0.7643634347678465
0.766888687293099
0.766888687293099
0.7698298637636872
0.7698298637636872
0.7698298637636872
0.7698298637636872
0.7698298637636872
0.7698298637636872
0.7727710402342755
0.7727710402342755
0.7727710402342755
0.7727710402342755
0.775296292759528
0.775296292759528
0.775296292759528
0.775296292759528
0.7788677213309567
0.7813929738562091
0.7813929738562091
0.7813929738562091
0.7813929738562091
0.7813929738562091
0.7813929738562091
0.7813929738562091
0.7813929738562091
0.7845179738562091
0.7845179738562091
0.7845179738562091
0.7845179738562091
0.7845179738562091
0.7845179738562091
0.7912144024276377
0.7947858309990664
0.7973110835243188
0.7973110835243188
0.7973110835243188
0.7973110835243188
0.7998363360495714
0.802361588574824
0.802361588574824
0.8054865885748239
0.8054865885748239
0.8054865885748239
0.8054865885748239
0.8086115885748238
0.8086115885748238
0.8086115885748238
0.8086115885748238
0.8086115885748238
0.8086115885748238
0.8086115885748238
0.8121830171462524
0.8121830171462524
0.8121830171462524
0.8121830171462524
0.8121830171462524
0.8121830171462524
0.8121830171462524
0.8121830171462524
0.8121830171462524
0.815754445717681
0.815754445717681
0.818879445717681
0.818879445717681
0.818879445717681
0.818879445717681
0.818879445717681
0.818879445717681
0.818879445717681
0.818879445717681
0.818879445717681
0.818879445717681
0.818879445717681
0.818879445717681
0.818879445717681
0.818879445717681
0.8251294457176811
0.8251294457176811
0.8276546982429336
0.8276546982429336
0.8276546982429336
0.8301799507681861
0.8301799507681861
0.8301799507681861
0.8327052032934387
0.8327052032934387
0.8327052032934387
0.8327052032934387
0.8327052032934387
0.8327052032934387
0.8327052032934387
0.8327052032934387
0.8327052032934387
0.8356463797640269
0.8356463797640269
0.8356463797640269
0.8387713797640268
0.8387713797640268
0.8387713797640268
0.8387713797640268
0.8387713797640268
0.8387713797640268
0.8387713797640268
0.8387713797640268
0.8448680608607079
0.8448680608607079
0.8448680608607079
0.8448680608607079
0.8448680608607079
0.8448680608607079
0.8473933133859605
0.8473933133859605
0.8473933133859605
0.8505183133859605
0.8505183133859605
0.8505183133859605
0.8505183133859605
0.8505183133859605
0.8505183133859605
0.8505183133859605
0.8505183133859605
0.8505183133859605
0.8505183133859605
0.8505183133859605
0.8505183133859605
0.8505183133859605
0.8505183133859605
0.8505183133859605
0.8505183133859605
0.8505183133859605
0.8505183133859605
0.8561685659112129
0.8591097423818012
0.8591097423818012
0.8591097423818012
0.865622347423818
0.865622347423818
0.865622347423818
0.865622347423818
0.865622347423818
0.865622347423818
0.868747347423818
0.868747347423818
0.868747347423818
0.868747347423818
0.868747347423818
0.868747347423818
0.868747347423818
0.871872347423818
0.871872347423818
0.871872347423818
0.871872347423818
0.871872347423818
0.871872347423818
0.871872347423818
0.8748135238944063
0.8773387764196589
0.8804637764196588
0.8804637764196588
0.8804637764196588
0.8804637764196588
0.8804637764196588
0.8804637764196588
0.8804637764196588
0.8804637764196588
0.8804637764196588
0.8804637764196588
0.8829890289449113
0.8829890289449113
0.8829890289449113
0.8829890289449113
0.8865604575163398
0.8865604575163398
0.8865604575163398
0.8865604575163398
0.8865604575163398
0.8865604575163398
0.8865604575163398
0.8865604575163398
0.8901318860877684
0.8901318860877684
0.8901318860877684
0.8901318860877684
0.8901318860877684
0.8932568860877684
0.8932568860877684
0.8932568860877684
0.8932568860877684
0.8932568860877684
0.8932568860877684
0.8932568860877684
0.8932568860877684
0.8963818860877684
0.8963818860877684
0.8963818860877684
0.8963818860877684
0.8963818860877684
0.8995068860877684
0.8995068860877684
0.8995068860877684
0.8995068860877684
0.8995068860877684
0.906203314659197
0.906203314659197
0.906203314659197
0.906203314659197
0.906203314659197
0.906203314659197
0.906203314659197
0.906203314659197
0.906203314659197
0.906203314659197
0.906203314659197
0.906203314659197
0.906203314659197
0.906203314659197
0.906203314659197
0.906203314659197
0.9087285671844496
0.9087285671844496
0.9087285671844496
0.9087285671844496
0.9087285671844496
0.9087285671844496
0.9087285671844496
0.9087285671844496
0.9087285671844496
0.9087285671844496
0.9087285671844496
0.9118535671844497
0.9118535671844497
0.9118535671844497
0.9118535671844497
0.9118535671844497
0.9118535671844497
0.9118535671844497
0.9118535671844497
0.9118535671844497
0.9118535671844497
0.9118535671844497
0.9118535671844497
0.9147947436550379
0.9147947436550379
0.9147947436550379
0.9147947436550379
0.9147947436550379
0.9147947436550379
0.9147947436550379
0.9147947436550379
0.9147947436550379
0.9147947436550379
0.9147947436550379
0.9173199961802903
0.9173199961802903
0.9173199961802903
0.9173199961802903
0.9173199961802903
0.9202611726508785
0.9202611726508785
0.9202611726508785
0.9202611726508785
0.9202611726508785
0.9202611726508785
0.9202611726508785
0.9232023491214667
0.9232023491214667
0.9232023491214667
0.9232023491214667
0.9232023491214667
0.9232023491214667
0.9232023491214667
0.9232023491214667
0.9232023491214667
0.9232023491214667
0.9232023491214667
0.9232023491214667
0.9257276016467193
0.9257276016467193
0.9257276016467193
0.9257276016467193
0.9292990302181479
0.9292990302181479
0.9292990302181479
0.9292990302181479
0.9292990302181479
0.9322402066887361
0.9322402066887361
0.9322402066887361
0.9322402066887361
0.9322402066887361
0.9322402066887361
0.9322402066887361
0.9322402066887361
0.9322402066887361
0.9322402066887361
0.9322402066887361
0.9358116352601648
0.9358116352601648
0.9358116352601648
0.9358116352601648
0.9358116352601648
0.9358116352601648
0.9358116352601648
0.9358116352601648
0.9358116352601648
0.9358116352601648
0.9358116352601648
0.9358116352601648
0.9358116352601648
0.9358116352601648
0.9358116352601648
0.9358116352601648
0.9358116352601648
0.9358116352601648
0.9358116352601648
0.9358116352601648
0.9358116352601648
0.9358116352601648
0.9358116352601648
0.9358116352601648
0.9358116352601648
0.9358116352601648
0.9358116352601648
0.9358116352601648
0.9393830638315933
0.9393830638315933
0.9393830638315933
0.9393830638315933
0.9393830638315933
0.9393830638315933
0.9393830638315933
0.9393830638315933
0.9393830638315933
0.9393830638315933
0.9393830638315933
0.9393830638315933
0.9393830638315933
0.9393830638315933
0.9450333163568458
0.9450333163568458
0.9450333163568458
0.9450333163568458
0.9450333163568458
0.9479744928274341
0.9504997453526866
0.9504997453526866
0.9504997453526866
0.9504997453526866
0.9504997453526866
0.9504997453526866
0.9534409218232748
0.9534409218232748
0.9534409218232748
0.9534409218232748
0.9534409218232748
0.9534409218232748
0.9534409218232748
0.9534409218232748
0.9534409218232748
0.9534409218232748
0.9534409218232748
0.9534409218232748
0.9534409218232748
0.9534409218232748
0.9534409218232748
0.9534409218232748
0.9563820982938631
0.9563820982938631
0.9563820982938631
0.9563820982938631
0.9563820982938631
0.9563820982938631
0.9563820982938631
0.9563820982938631
0.9563820982938631
0.9563820982938631
0.9563820982938631
0.9563820982938631
0.9563820982938631
0.9563820982938631
0.9563820982938631
0.9563820982938631
0.9563820982938631
0.9563820982938631
0.9563820982938631
0.9563820982938631
0.9563820982938631
0.9563820982938631
0.9563820982938631
0.9563820982938631
0.9563820982938631
0.9563820982938631
0.9563820982938631
0.9563820982938631
0.9563820982938631
0.9563820982938631
0.9563820982938631
0.9563820982938631
0.9563820982938631
0.9563820982938631
0.9563820982938631
0.9563820982938631
0.9563820982938631
0.9563820982938631
0.9563820982938631
0.9563820982938631
0.9563820982938631
0.9563820982938631
0.9563820982938631
0.9563820982938631
0.9563820982938631
0.9563820982938631
0.9563820982938631
0.9563820982938631
0.9563820982938631
0.9563820982938631
0.9563820982938631
0.9563820982938631
0.9563820982938631
0.9563820982938631
0.9563820982938631
0.9563820982938631
0.9563820982938631
0.9563820982938631
0.9563820982938631
0.9563820982938631
0.9563820982938631
0.9563820982938631
0.9563820982938631
0.9563820982938631
0.9563820982938631
0.9563820982938631
0.9563820982938631
0.9563820982938631
0.9563820982938631
0.9563820982938631
0.9589073508191155
0.9589073508191155
0.9589073508191155
0.9589073508191155
0.9589073508191155
0.9589073508191155
0.9589073508191155
0.9589073508191155
0.9589073508191155
0.9589073508191155
0.9589073508191155
0.9589073508191155
0.9589073508191155
0.9589073508191155
0.9589073508191155
0.9589073508191155
0.9589073508191155
0.9589073508191155
0.9589073508191155
0.9614326033443681
0.9614326033443681
0.9614326033443681
0.9614326033443681
0.9614326033443681
0.9614326033443681
0.9614326033443681
0.9614326033443681
0.9614326033443681
0.9614326033443681
0.9614326033443681
0.9614326033443681
0.9614326033443681
0.9614326033443681
0.9614326033443681
0.9614326033443681
0.9614326033443681
0.9614326033443681
0.9614326033443681
0.9614326033443681
0.9614326033443681
0.9614326033443681
0.9614326033443681
0.9614326033443681
0.9614326033443681
0.9614326033443681
0.9614326033443681
0.9614326033443681
0.9614326033443681
0.9614326033443681
0.9614326033443681
0.9614326033443681
0.9643737798149563
0.9643737798149563
0.9643737798149563
0.9643737798149563
0.9643737798149563
0.9643737798149563
0.9643737798149563
0.9643737798149563
0.9643737798149563
0.9643737798149563
0.9643737798149563
0.9643737798149563
0.9643737798149563
0.9643737798149563
0.9643737798149563
0.9674987798149562
0.9674987798149562
0.9674987798149562
0.9674987798149562
0.9674987798149562
0.9674987798149562
0.9674987798149562
0.9674987798149562
0.9674987798149562
0.9674987798149562
0.9674987798149562
0.9674987798149562
0.9674987798149562
0.9674987798149562
0.9674987798149562
0.9674987798149562
0.9674987798149562
0.9674987798149562
0.9674987798149562
0.9674987798149562
0.9674987798149562
0.9674987798149562
0.9674987798149562
0.9674987798149562
0.9674987798149562
0.9674987798149562
0.9674987798149562
0.9674987798149562
0.9674987798149562
0.9674987798149562
0.9674987798149562
0.9674987798149562
0.9674987798149562
0.9674987798149562
0.9674987798149562
0.9674987798149562
0.9674987798149562
0.9674987798149562
0.9674987798149562
0.9674987798149562
0.9674987798149562
0.9700240323402088
0.9700240323402088
0.9700240323402088
0.9700240323402088
0.9700240323402088
0.9700240323402088
0.9700240323402088
0.9700240323402088
0.9700240323402088
0.9700240323402088
0.9700240323402088
0.9700240323402088
0.9700240323402088
0.9700240323402088
0.9700240323402088
0.9700240323402088
0.9700240323402088
0.9700240323402088
0.9700240323402088
0.9700240323402088
0.9700240323402088
0.9700240323402088
0.9700240323402088
0.9700240323402088
0.9700240323402088
0.9700240323402088
0.9700240323402088
0.9700240323402088
0.9700240323402088
0.9700240323402088
0.9700240323402088
0.9700240323402088
0.9700240323402088
0.9700240323402088
0.9700240323402088
0.9700240323402088
0.9700240323402088
0.9700240323402088
0.9700240323402088
0.9700240323402088
0.9700240323402088
0.9700240323402088
0.9731490323402089
0.9731490323402089
0.9731490323402089
0.9731490323402089
0.9731490323402089
0.9731490323402089
0.9731490323402089
0.9731490323402089
0.9731490323402089
0.9731490323402089
0.9731490323402089
0.9731490323402089
0.9731490323402089
0.9731490323402089
0.9731490323402089
0.9731490323402089
0.9731490323402089
0.9731490323402089
0.9731490323402089
0.9731490323402089
0.9731490323402089
0.9731490323402089
0.9731490323402089
0.9731490323402089
0.9731490323402089
0.9731490323402089
0.9731490323402089
0.9731490323402089
0.9731490323402089
0.9731490323402089
0.9731490323402089
0.9731490323402089
0.9731490323402089
0.9731490323402089
0.9786154613360496
0.9786154613360496
0.9786154613360496
0.9786154613360496
0.9786154613360496
0.9786154613360496
0.9786154613360496
0.9786154613360496
0.9786154613360496
0.9786154613360496
0.9786154613360496
0.9786154613360496
0.9786154613360496
0.9786154613360496
0.9786154613360496
0.9786154613360496
0.9786154613360496
0.9786154613360496
0.9786154613360496
0.9786154613360496
0.9786154613360496
0.9786154613360496
0.9786154613360496
0.9786154613360496
0.9786154613360496
0.9786154613360496
0.9786154613360496
0.9786154613360496
0.9786154613360496
0.9786154613360496
0.9786154613360496
0.9786154613360496
0.9786154613360496
0.9786154613360496
0.9786154613360496
0.9786154613360496
0.9786154613360496
0.9786154613360496
0.9786154613360496
0.9786154613360496
0.9786154613360496
0.9786154613360496
0.9786154613360496
0.9786154613360496
0.9786154613360496
0.9786154613360496
0.9786154613360496
0.9786154613360496
0.9786154613360496
0.9786154613360496
0.9786154613360496
0.9786154613360496
0.9786154613360496
0.9786154613360496
0.9786154613360496
0.9786154613360496
0.9786154613360496
0.9786154613360496
0.9786154613360496
0.9786154613360496
0.9786154613360496
0.9786154613360496
0.9786154613360496
0.9786154613360496
0.9786154613360496
0.9786154613360496
0.9786154613360496
0.9786154613360496
0.9786154613360496
0.9786154613360496
0.9786154613360496
0.9786154613360496
0.9786154613360496
0.9786154613360496
0.9786154613360496
0.9786154613360496
0.9786154613360496
0.9786154613360496
0.9786154613360496
0.9786154613360496
0.9786154613360496
0.9786154613360496
0.9786154613360496
0.9786154613360496
0.9786154613360496
0.9786154613360496
0.9786154613360496
0.9786154613360496
0.9786154613360496
0.9786154613360496
0.9786154613360496
0.9786154613360496
0.9786154613360496
0.9786154613360496
0.9786154613360496
0.9786154613360496
0.9786154613360496
0.9786154613360496
0.9786154613360496
0.9786154613360496
0.9786154613360496
0.9786154613360496
0.9786154613360496
0.9786154613360496
0.9786154613360496
0.9786154613360496
0.9786154613360496
0.9786154613360496
0.9786154613360496
0.9786154613360496
0.9786154613360496
0.9786154613360496
0.9786154613360496
0.9786154613360496
0.9821868899074782
0.9821868899074782
0.9821868899074782
0.9821868899074782
0.9821868899074782
0.9821868899074782
0.9821868899074782
0.9821868899074782
0.9821868899074782
0.9821868899074782
0.9821868899074782
0.9821868899074782
0.9821868899074782
0.9821868899074782
0.9821868899074782
0.9821868899074782
0.9821868899074782
0.9821868899074782
0.9821868899074782
0.9821868899074782
0.9821868899074782
0.9821868899074782
0.9821868899074782
0.9821868899074782
0.9821868899074782
0.9821868899074782
0.9821868899074782
0.9853118899074782
0.9853118899074782
0.9853118899074782
0.9853118899074782
0.9853118899074782
0.9853118899074782
0.9853118899074782
0.9853118899074782
0.9853118899074782
0.9853118899074782
0.9853118899074782
0.9853118899074782
0.9853118899074782
0.9853118899074782
0.9853118899074782
0.9853118899074782
0.9853118899074782
0.9884368899074781
0.9884368899074781
0.9884368899074781
0.9884368899074781
0.9884368899074781
0.9884368899074781
0.9884368899074781
0.9884368899074781
0.9884368899074781
0.9884368899074781
0.9884368899074781
0.9884368899074781
0.9884368899074781
0.9884368899074781
0.9884368899074781
0.9884368899074781
0.9884368899074781
0.9884368899074781
0.9884368899074781
0.9884368899074781
0.9884368899074781
0.9884368899074781
0.9884368899074781
0.9884368899074781
0.9884368899074781
0.9920083184789067
0.9920083184789067
0.9920083184789067
0.9920083184789067
0.9920083184789067
0.9920083184789067
0.9920083184789067
0.9920083184789067
0.9920083184789067
0.9920083184789067
0.9920083184789067
0.9945335710041593
0.9945335710041593
0.9945335710041593
0.9945335710041593
0.9945335710041593
0.9945335710041593
0.9945335710041593
0.9945335710041593
0.9945335710041593
0.9945335710041593
0.9945335710041593
0.9945335710041593
0.9945335710041593
0.9945335710041593
0.9945335710041593
0.9945335710041593
0.9945335710041593
0.9945335710041593
0.9945335710041593
0.9945335710041593
0.9945335710041593
0.9945335710041593
0.9945335710041593
0.9945335710041593
0.9945335710041593
0.9945335710041593
0.9945335710041593
0.9945335710041593
0.9945335710041593
0.9945335710041593
0.9945335710041593
0.9945335710041593
0.9945335710041593
0.9945335710041593
0.9945335710041593
0.9945335710041593
0.9945335710041593
0.9945335710041593
0.9945335710041593
0.9945335710041593
0.9945335710041593
0.9945335710041593
0.9945335710041593
0.9945335710041593
0.9945335710041593
0.9945335710041593
0.9945335710041593
0.9945335710041593
0.9945335710041593
0.9945335710041593
0.9945335710041593
0.9945335710041593
0.9945335710041593
0.9945335710041593
0.9970588235294118
0.9970588235294118
0.9970588235294118
0.9970588235294118
0.9970588235294118
0.9970588235294118
0.9970588235294118
0.9970588235294118
0.9970588235294118
0.9970588235294118
0.9970588235294118
0.9970588235294118
0.9970588235294118
0.9970588235294118
0.9970588235294118
0.9970588235294118
0.9970588235294118
0.9970588235294118
0.9970588235294118
0.9970588235294118
0.9970588235294118
0.9970588235294118
0.9970588235294118
0.9970588235294118
0.9970588235294118
0.9970588235294118
0.9970588235294118
0.9970588235294118
0.9970588235294118
0.9970588235294118
0.9970588235294118
0.9970588235294118
0.9970588235294118
0.9970588235294118
0.9970588235294118
0.9970588235294118
0.9970588235294118
0.9970588235294118
0.9970588235294118
0.9970588235294118
0.9970588235294118
0.9970588235294118
0.9970588235294118
0.9970588235294118
0.9970588235294118
0.9970588235294118
0.9970588235294118
0.9970588235294118
0.9970588235294118
0.9970588235294118
0.9970588235294118
0.9970588235294118
0.9970588235294118
0.9970588235294118
0.9970588235294118
0.9970588235294118
0.9970588235294118
0.9970588235294118
0.9970588235294118
0.9970588235294118
0.9970588235294118
0.9970588235294118
0.9970588235294118
0.9970588235294118
0.9970588235294118
0.9970588235294118
0.9970588235294118
0.9970588235294118
0.9970588235294118
0.9970588235294118
0.9970588235294118
0.9970588235294118
0.9970588235294118
0.9970588235294118
0.9970588235294118
0.9970588235294118
0.9970588235294118
0.9970588235294118
0.9970588235294118
0.9970588235294118
0.9970588235294118
0.9970588235294118
0.9970588235294118
0.9970588235294118
0.9970588235294118
0.9970588235294118
0.9970588235294118
0.9970588235294118
0.9970588235294118
0.9970588235294118
0.9970588235294118
0.9970588235294118
0.9970588235294118
0.9970588235294118
0.9970588235294118
0.9970588235294118
0.9970588235294118
0.9970588235294118
0.9970588235294118
0.9970588235294118
0.9970588235294118
0.9970588235294118
0.9970588235294118
0.9970588235294118
0.9970588235294118
0.9970588235294118
0.9970588235294118
0.9970588235294118
0.9970588235294118
0.9970588235294118
0.9970588235294118
0.9970588235294118
0.9970588235294118
0.9970588235294118
0.9970588235294118
0.9970588235294118
1.0
1.0
