0.0025991792065663474
0.013898674150090011
0.02838074314202292
0.03378554143369123
0.044109851884413784
0.05360905794204738
0.06609420287914368
0.07065416639943553
0.0795275138523722
0.08520643532076738
0.0986125547082499
0.10000144359713878
0.10000144359713878
0.10366016304533192
0.10366016304533192
0.10366016304533192
0.10496735258781557
0.10796874396129996
0.109988945981502
0.11235301217535541
0.1173898054474428
0.1206463127287179
0.1223557144381196
0.12893587997861344
0.12893587997861344
0.13024306952109713
0.13349957680237223
0.138465485793049
0.14491451930716384
0.14654850623526844
0.15021976197160553
0.15021976197160553
0.15021976197160553
0.15192916368100723
0.15762663348586414
0.15933603519526587
0.16612343781071498
0.16814363983091699
0.17340514925399314
0.17469713891807584
0.17608602780696472
0.18283222278845385
0.1861596143511395
0.1879811079759118
0.1917340630586541
0.19604744699129897
0.199160930280154
0.2025797336989574
0.20388692324144106
0.20388692324144106
0.20570841686621338
0.20570841686621338
0.20570841686621338
0.20570841686621338
0.20570841686621338
0.2074178185756151
0.20923931220038738
0.21183849140695374
0.2162439643598914
0.22162462180563022
0.22162462180563022
0.2252788107539368
0.23033160110084483
0.23033160110084483
0.2319655880289494
0.23391490576774082
0.23391490576774082
0.23717141304901584
0.23985229160198746
0.23985229160198746
0.24187249362218952
0.2431644832862722
0.2445533721751611
0.2458453618392438
0.2458453618392438
0.2486231396170215
0.2531407116731664
0.2549622052979388
0.2602549116742365
0.2631808882664237
0.2631808882664237
0.26643739554769874
0.2682588891724711
0.2682588891724711
0.27347618076747165
0.2807024726839123
0.2820913615728012
0.29196837914796603
0.29398858116816806
0.29744406172104493
0.2988329506099338
0.3034835287899238
0.306424705260512
0.306424705260512
0.3077318948029957
0.31138795066093183
0.3150440065188679
0.3184994870717448
0.32386494463908266
0.32707532715274384
0.3287093140808484
0.3319196965945096
0.3369646413413346
0.33835353023022346
0.34503767675705127
0.346747078466453
0.34838106539455754
0.35098024460112387
0.3539816359746083
0.3539816359746083
0.3539816359746083
0.35528882551709196
0.358872130183988
0.358872130183988
0.358872130183988
0.3605815318933897
0.3605815318933897
0.36541961677004736
0.36907833621824043
0.3729847049672904
0.37624121224856555
0.3775332019126483
0.3811892577705843
0.3861394345626127
0.38777342149071725
0.3928362225183637
0.3928362225183637
0.39916980847121053
0.4005586973600994
0.4073070317680083
0.4073070317680083
0.408599021432091
0.408599021432091
0.41171250472094595
0.4133464916490505
0.4133464916490505
0.4133464916490505
0.4176598755816954
0.4223104537616853
0.42598170949802244
0.4304992815541673
0.4304992815541673
0.43414226880371193
0.44327214032509743
0.4485027248589606
0.451921528277764
0.4539417302979661
0.45533061918685497
0.45715211281162726
0.4604200866678364
0.4622415802926087
0.4641908980314002
0.47087249329658676
0.48323434461955056
0.4845263342836332
0.4845263342836332
0.487304112061411
0.4886930009502999
0.4923642566866369
0.4923642566866369
0.49625542555728597
0.5012061346695618
0.5029155363789635
0.5049357383991655
0.5090055058410259
0.5102974955051086
0.5132234720972959
0.5182450654909823
0.5182450654909823
0.5182450654909823
0.5206091316848358
0.5250146118256099
0.530565709179986
0.530565709179986
0.530565709179986
0.530565709179986
0.5347512689986118
0.5347512689986118
0.5363852559267164
0.5377741448156053
0.5421584130296606
0.5421584130296606
0.5421584130296606
0.5421584130296606
0.5438678147390623
0.5438678147390623
0.5438678147390623
0.5499376743769067
0.5512296640409893
0.5525368535834729
0.5552329320148455
0.5579138105678171
0.5630786928300958
0.5643706824941785
0.5680294019423715
0.5773149794308013
0.5796790456246548
0.5826956368765402
0.583987626540623
0.5852948160831066
0.5852948160831066
0.5852948160831066
0.5873150181033086
0.5886070077673913
0.5899141973098749
0.5917356909346472
0.5930428804771308
0.5950630824973329
0.5980644738708173
0.5996984607989219
0.5996984607989219
0.6043338391005109
0.6043338391005109
0.6056258287645935
0.6088362112782547
0.6107855290170461
0.6124195159451506
0.6157469075078362
0.6195177188714001
0.6213392124961723
0.6213392124961723
0.6246774191238527
0.6246774191238527
0.6246774191238527
0.6246774191238527
0.6280048106865384
0.6280048106865384
0.6303688768803917
0.6303688768803917
0.6303688768803917
0.633385468132277
0.633385468132277
0.633385468132277
0.633385468132277
0.633385468132277
0.634774357021166
0.6404063970712286
0.6404063970712286
0.6464298670652869
0.6464298670652869
0.6464298670652869
0.6477218567293695
0.6477218567293695
0.6477218567293695
0.6496711744681609
0.6496711744681609
0.6496711744681609
0.6513805761775626
0.653202069802335
0.653202069802335
0.653202069802335
0.6545909586912239
0.6545909586912239
0.6559798475801127
0.6583439137739663
0.6603641157941682
0.6627281819880216
0.6640201716521044
0.6640201716521044
0.6640201716521044
0.6640201716521044
0.6658416652768767
0.6658416652768767
0.6671488548193604
0.6685377437082491
0.6685377437082491
0.6685377437082491
0.6709018099021026
0.6709018099021026
0.6742292014647884
0.6742292014647884
0.6742292014647884
0.6742292014647884
0.6755211911288711
0.6775413931490731
0.6795615951692751
0.6833145502520174
0.6833145502520174
0.6847034391409063
0.6847034391409063
0.6866527568796976
0.6866527568796976
0.6886729588998998
0.6906931609201017
0.692514654544874
0.692514654544874
0.6957826284010832
0.6994386842590193
0.6994386842590193
0.7025369748573099
0.7058643664199956
0.7072532553088844
0.7101792319010717
0.7101792319010717
0.7115681207899606
0.7115681207899606
0.716646121696008
0.7180350105848969
0.7180350105848969
0.7180350105848969
0.7180350105848969
0.7180350105848969
0.7193270002489797
0.7193270002489797
0.723079955331722
0.7247139422598265
0.7260059319239092
0.7296646513721022
0.7327781346609573
0.7393728485699128
0.7393728485699128
0.7393728485699128
0.741194342194685
0.743214544214887
0.7449239459242887
0.7468732636630802
0.7468732636630802
0.7468732636630802
0.7468732636630802
0.7468732636630802
0.7468732636630802
0.7481652533271628
0.7481652533271628
0.7511064297977511
0.7511064297977511
0.7524953186866399
0.7524953186866399
0.7524953186866399
0.7543168123114125
0.7543168123114125
0.7569007916395778
0.7569007916395778
0.7569007916395778
0.7582896805284666
0.7582896805284666
0.7582896805284666
0.7582896805284666
0.7582896805284666
0.7595968700709502
0.7595968700709502
0.7613062717803519
0.7629402587084564
0.7629402587084564
0.7629402587084564
0.7629402587084564
0.7629402587084564
0.7629402587084564
0.7629402587084564
0.7629402587084564
0.764232248372539
0.764232248372539
0.764232248372539
0.7655394379150227
0.7655394379150227
0.7655394379150227
0.7655394379150227
0.7655394379150227
0.7655394379150227
0.7655394379150227
0.7695123061320771
0.7708042957961598
0.7721114853386435
0.7740608030774347
0.7740608030774347
0.7756947900055394
0.7756947900055394
0.7770836788944283
0.7770836788944283
0.778717665822533
0.778717665822533
0.778717665822533
0.7823718547708396
0.784005841698944
0.784005841698944
0.784005841698944
0.784005841698944
0.784005841698944
0.7857152434083458
0.7857152434083458
0.7857152434083458
0.7907583212455411
0.7955057914625009
0.80023288697907
0.8016217758679588
0.8016217758679588
0.8016217758679588
0.8016217758679588
0.8016217758679588
0.8016217758679588
0.8033311775773605
0.8033311775773605
0.8070607813069643
0.8070607813069643
0.8070607813069643
0.808352770971047
0.808352770971047
0.809741659859936
0.8113756467880404
0.8147944502068438
0.8147944502068438
0.8147944502068438
0.8167437679456353
0.8167437679456353
0.8167437679456353
0.818035757609718
0.818035757609718
0.818035757609718
0.8203998238035715
0.8222213174283438
0.8222213174283438
0.8222213174283438
0.8222213174283438
0.8222213174283438
0.8222213174283438
0.8242415194485457
0.8242415194485457
0.8255335091126285
0.8268406986551121
0.8297818751257002
0.8327078517178876
0.8327078517178876
0.8327078517178876
0.8347280537380897
0.8391123219521451
0.8391123219521451
0.8405012108410339
0.8422106125504357
0.8435026022145183
0.8453240958392906
0.8453240958392906
0.8453240958392906
0.8453240958392906
0.8453240958392906
0.8453240958392906
0.8453240958392906
0.8453240958392906
0.8466312853817742
0.8466312853817742
0.8479384749242579
0.8496478766336596
0.8496478766336596
0.8510367655225486
0.8510367655225486
0.8510367655225486
0.8510367655225486
0.8524256544114375
0.8524256544114375
0.854374972150229
0.854374972150229
0.8561964657750012
0.8561964657750012
0.8575036553174848
0.8575036553174848
0.8575036553174848
0.8575036553174848
0.8575036553174848
0.8575036553174848
0.8575036553174848
0.8575036553174848
0.8598677215113383
0.8598677215113383
0.8618170392501298
0.8618170392501298
0.8618170392501298
0.8618170392501298
0.864743015842317
0.864743015842317
0.864743015842317
0.864743015842317
0.864743015842317
0.864743015842317
0.864743015842317
0.864743015842317
0.8664524175517188
0.8664524175517188
0.8681618192611205
0.8701111369999119
0.8701111369999119
0.8701111369999119
0.8701111369999119
0.8701111369999119
0.8701111369999119
0.8732094275982025
0.8732094275982025
0.8732094275982025
0.8749188293076042
0.8749188293076042
0.8749188293076042
0.8749188293076042
0.8749188293076042
0.8749188293076042
0.8749188293076042
0.8749188293076042
0.8749188293076042
0.8762108189716868
0.8762108189716868
0.8762108189716868
0.8762108189716868
0.8762108189716868
0.8775997078605758
0.8775997078605758
0.8775997078605758
0.8789885967494646
0.8789885967494646
0.8789885967494646
0.8789885967494646
0.8789885967494646
0.8789885967494646
0.8789885967494646
0.8789885967494646
0.8803774856383535
0.8816846751808372
0.8816846751808372
0.8816846751808372
0.8858702349994629
0.8858702349994629
0.8876917286242353
0.8876917286242353
0.8890806175131242
0.8890806175131242
0.8890806175131242
0.8890806175131242
0.8890806175131242
0.8890806175131242
0.8903726071772068
0.8903726071772068
0.8903726071772068
0.8903726071772068
0.8929869862621741
0.8942941758046578
0.89611566942943
0.89611566942943
0.89611566942943
0.89611566942943
0.89611566942943
0.89611566942943
0.89611566942943
0.89611566942943
0.89611566942943
0.89611566942943
0.89611566942943
0.897504558318319
0.897504558318319
0.897504558318319
0.9011587472666255
0.9024659368091091
0.9024659368091091
0.9024659368091091
0.9024659368091091
0.9024659368091091
0.9024659368091091
0.9037579264731919
0.9061219926670453
0.9097761816153519
0.9097761816153519
0.9097761816153519
0.9097761816153519
0.9097761816153519
0.9097761816153519
0.9097761816153519
0.9097761816153519
0.9097761816153519
0.9097761816153519
0.9097761816153519
0.9097761816153519
0.9097761816153519
0.9097761816153519
0.9097761816153519
0.9097761816153519
0.9097761816153519
0.9110681712794345
0.9110681712794345
0.9124570601683235
0.9137490498324061
0.9137490498324061
0.9137490498324061
0.9137490498324061
0.9164299283853777
0.9178188172742667
0.92018288346812
0.92018288346812
0.9222030854883221
0.9222030854883221
0.9222030854883221
0.9222030854883221
0.9222030854883221
0.9222030854883221
0.9222030854883221
0.9222030854883221
0.9222030854883221
0.9222030854883221
0.9222030854883221
0.9222030854883221
0.9222030854883221
0.9234950751524048
0.9234950751524048
0.9234950751524048
0.9234950751524048
0.9234950751524048
0.9234950751524048
0.9234950751524048
0.9234950751524048
0.9234950751524048
0.9234950751524048
0.9234950751524048
0.9234950751524048
0.9253165687771772
0.9253165687771772
0.9253165687771772
0.9253165687771772
0.9253165687771772
0.9253165687771772
0.9253165687771772
0.9288474641113511
0.9288474641113511
0.9288474641113511
0.9288474641113511
0.9288474641113511
0.9288474641113511
0.9288474641113511
0.9288474641113511
0.9288474641113511
0.9288474641113511
0.9288474641113511
0.9288474641113511
0.9288474641113511
0.9288474641113511
0.9288474641113511
0.9308676661315531
0.9308676661315531
0.9328878681517553
0.9328878681517553
0.9328878681517553
0.9328878681517553
0.9328878681517553
0.9328878681517553
0.9328878681517553
0.9341950576942389
0.9341950576942389
0.9341950576942389
0.9341950576942389
0.9341950576942389
0.9341950576942389
0.9341950576942389
0.9341950576942389
0.9341950576942389
0.9341950576942389
0.9341950576942389
0.9341950576942389
0.9341950576942389
0.9341950576942389
0.9341950576942389
0.9341950576942389
0.9358290446223434
0.9358290446223434
0.9358290446223434
0.9378492466425455
0.9378492466425455
0.9378492466425455
0.9378492466425455
0.9378492466425455
0.9378492466425455
0.9378492466425455
0.940213312836399
0.940213312836399
0.940213312836399
0.940213312836399
0.940213312836399
0.940213312836399
0.940213312836399
0.940213312836399
0.940213312836399
0.940213312836399
0.9415205023788826
0.9415205023788826
0.9415205023788826
0.9415205023788826
0.9415205023788826
0.9415205023788826
0.9415205023788826
0.9415205023788826
0.9415205023788826
0.9415205023788826
0.9415205023788826
0.9415205023788826
0.9415205023788826
0.9433419960036549
0.9433419960036549
0.9433419960036549
0.9433419960036549
0.9450513977130566
0.9450513977130566
0.9450513977130566
0.9450513977130566
0.9450513977130566
0.9450513977130566
0.9450513977130566
0.9450513977130566
0.9450513977130566
0.9450513977130566
0.9450513977130566
0.9450513977130566
0.9463585872555402
0.9463585872555402
0.9463585872555402
0.9463585872555402
0.9463585872555402
0.9463585872555402
0.9463585872555402
0.9463585872555402
0.9463585872555402
0.9481800808803125
0.9481800808803125
0.9481800808803125
0.9481800808803125
0.9481800808803125
0.9502002829005145
0.9502002829005145
0.9515891717894035
0.9515891717894035
0.9528963613318872
0.9528963613318872
0.9528963613318872
0.9528963613318872
0.9528963613318872
0.9528963613318872
0.9528963613318872
0.9528963613318872
0.9528963613318872
0.9528963613318872
0.9528963613318872
0.9528963613318872
0.9528963613318872
0.9528963613318872
0.9528963613318872
0.9552604275257406
0.9552604275257406
0.9552604275257406
0.9552604275257406
0.9552604275257406
0.9552604275257406
0.9552604275257406
0.9552604275257406
0.9552604275257406
0.9552604275257406
0.9552604275257406
0.9552604275257406
0.9552604275257406
0.9552604275257406
0.9552604275257406
0.9552604275257406
0.9552604275257406
0.9552604275257406
0.9552604275257406
0.9552604275257406
0.9552604275257406
0.9565524171898231
0.9565524171898231
0.9565524171898231
0.9583739108145954
0.9597627997034844
0.9597627997034844
0.9597627997034844
0.9597627997034844
0.9597627997034844
0.9617830017236864
0.9617830017236864
0.9617830017236864
0.9617830017236864
0.9617830017236864
0.9617830017236864
0.9617830017236864
0.9617830017236864
0.9617830017236864
0.9617830017236864
0.9617830017236864
0.9617830017236864
0.9617830017236864
0.9617830017236864
0.9617830017236864
0.9617830017236864
0.9617830017236864
0.9617830017236864
0.9617830017236864
0.9617830017236864
0.9617830017236864
0.9617830017236864
0.9617830017236864
0.9617830017236864
0.9617830017236864
0.9617830017236864
0.963074991387769
0.963074991387769
0.963074991387769
0.963074991387769
0.963074991387769
0.963074991387769
0.963074991387769
0.963074991387769
0.963074991387769
0.963074991387769
0.963074991387769
0.963074991387769
0.963074991387769
0.964463880276658
0.964463880276658
0.964463880276658
0.964463880276658
0.964463880276658
0.964463880276658
0.964463880276658
0.9660978672047624
0.9660978672047624
0.9660978672047624
0.9660978672047624
0.9660978672047624
0.9660978672047624
0.9660978672047624
0.9678072689141644
0.9678072689141644
0.9678072689141644
0.9678072689141644
0.9678072689141644
0.9678072689141644
0.9678072689141644
0.9678072689141644
0.969114458456648
0.969114458456648
0.969114458456648
0.969114458456648
0.969114458456648
0.969114458456648
0.969114458456648
0.969114458456648
0.969114458456648
0.969114458456648
0.969114458456648
0.969114458456648
0.969114458456648
0.969114458456648
0.969114458456648
0.969114458456648
0.969114458456648
0.969114458456648
0.969114458456648
0.969114458456648
0.969114458456648
0.969114458456648
0.969114458456648
0.969114458456648
0.969114458456648
0.969114458456648
0.969114458456648
0.969114458456648
0.969114458456648
0.969114458456648
0.969114458456648
0.969114458456648
0.969114458456648
0.969114458456648
0.9711346604768499
0.9711346604768499
0.9711346604768499
0.9711346604768499
0.9711346604768499
0.9711346604768499
0.9711346604768499
0.9711346604768499
0.9711346604768499
0.9711346604768499
0.9711346604768499
0.9711346604768499
0.9711346604768499
0.9711346604768499
0.9711346604768499
0.9711346604768499
0.9711346604768499
0.9711346604768499
0.9711346604768499
0.9711346604768499
0.9711346604768499
0.9711346604768499
0.9711346604768499
0.9711346604768499
0.9711346604768499
0.9711346604768499
0.9711346604768499
0.9711346604768499
0.9711346604768499
0.9711346604768499
0.9711346604768499
0.9711346604768499
0.9711346604768499
0.9711346604768499
0.9711346604768499
0.9711346604768499
0.9711346604768499
0.9711346604768499
0.9711346604768499
0.9711346604768499
0.9724266501409325
0.9724266501409325
0.9724266501409325
0.9724266501409325
0.9724266501409325
0.9724266501409325
0.9724266501409325
0.9724266501409325
0.9724266501409325
0.9724266501409325
0.9724266501409325
0.9724266501409325
0.9724266501409325
0.9724266501409325
0.9724266501409325
0.9724266501409325
0.9724266501409325
0.9724266501409325
0.9724266501409325
0.9724266501409325
0.9724266501409325
0.9724266501409325
0.9724266501409325
0.9724266501409325
0.9724266501409325
0.9724266501409325
0.9724266501409325
0.9764247032628907
0.9764247032628907
0.9764247032628907
0.9764247032628907
0.9764247032628907
0.9764247032628907
0.9764247032628907
0.9764247032628907
0.9764247032628907
0.9764247032628907
0.9764247032628907
0.9784449052830928
0.9797520948255765
0.9797520948255765
0.9797520948255765
0.9797520948255765
0.9797520948255765
0.9797520948255765
0.9797520948255765
0.9810440844896591
0.9810440844896591
0.9810440844896591
0.9810440844896591
0.9829934022284503
0.9829934022284503
0.9829934022284503
0.9829934022284503
0.9829934022284503
0.9829934022284503
0.9829934022284503
0.9842853918925331
0.9842853918925331
0.985674280781422
0.985674280781422
0.985674280781422
0.985674280781422
0.985674280781422
0.985674280781422
0.985674280781422
0.985674280781422
0.985674280781422
0.985674280781422
0.985674280781422
0.985674280781422
0.985674280781422
0.985674280781422
0.985674280781422
0.985674280781422
0.985674280781422
0.985674280781422
0.985674280781422
0.985674280781422
0.985674280781422
0.985674280781422
0.985674280781422
0.985674280781422
0.985674280781422
0.985674280781422
0.985674280781422
0.985674280781422
0.985674280781422
0.985674280781422
0.985674280781422
0.985674280781422
0.985674280781422
0.985674280781422
0.985674280781422
0.985674280781422
0.985674280781422
0.985674280781422
0.9880383469752755
0.9880383469752755
0.9880383469752755
0.9880383469752755
0.9880383469752755
0.9880383469752755
0.9880383469752755
0.9880383469752755
0.9880383469752755
0.9880383469752755
0.9880383469752755
0.9880383469752755
0.9880383469752755
0.9880383469752755
0.9880383469752755
0.9880383469752755
0.9880383469752755
0.9880383469752755
0.9894272358641643
0.9894272358641643
0.9894272358641643
0.9894272358641643
0.9894272358641643
0.9894272358641643
0.9894272358641643
0.9894272358641643
0.9894272358641643
0.9894272358641643
0.9894272358641643
0.9908161247530534
0.9908161247530534
0.9908161247530534
0.9908161247530534
0.9908161247530534
0.9908161247530534
0.9908161247530534
0.9908161247530534
0.9908161247530534
0.9908161247530534
0.9908161247530534
0.9908161247530534
0.9908161247530534
0.9908161247530534
0.9908161247530534
0.9908161247530534
0.9908161247530534
0.9908161247530534
0.9908161247530534
0.9908161247530534
0.9908161247530534
0.9908161247530534
0.9908161247530534
0.9908161247530534
0.9908161247530534
0.9908161247530534
0.9908161247530534
0.9908161247530534
0.9908161247530534
0.9908161247530534
0.9908161247530534
0.9908161247530534
0.9908161247530534
0.9908161247530534
0.9908161247530534
0.9908161247530534
0.9908161247530534
0.9908161247530534
0.9908161247530534
0.9908161247530534
0.9908161247530534
0.9908161247530534
0.9908161247530534
0.9908161247530534
0.9908161247530534
0.9908161247530534
0.9908161247530534
0.9908161247530534
0.9908161247530534
0.9908161247530534
0.9908161247530534
0.9908161247530534
0.9908161247530534
0.9908161247530534
0.9908161247530534
0.9908161247530534
0.9908161247530534
0.9908161247530534
0.9908161247530534
0.9908161247530534
0.9908161247530534
0.9921081144171361
0.9921081144171361
0.9921081144171361
0.9921081144171361
0.9921081144171361
0.9921081144171361
0.9921081144171361
0.9921081144171361
0.9921081144171361
0.9921081144171361
0.9921081144171361
0.9921081144171361
0.9921081144171361
0.9921081144171361
0.9921081144171361
0.9921081144171361
0.9921081144171361
0.9921081144171361
0.9921081144171361
0.9921081144171361
0.9921081144171361
0.9921081144171361
0.9921081144171361
0.9921081144171361
0.9921081144171361
0.9921081144171361
0.9921081144171361
0.9921081144171361
0.9921081144171361
0.9921081144171361
0.9921081144171361
0.9921081144171361
0.9921081144171361
0.9921081144171361
0.9921081144171361
0.9921081144171361
0.9921081144171361
0.9921081144171361
0.9921081144171361
0.9921081144171361
0.9921081144171361
0.9921081144171361
0.9934001040812187
0.9934001040812187
0.9934001040812187
0.9934001040812187
0.9934001040812187
0.9934001040812187
0.9934001040812187
0.9934001040812187
0.9934001040812187
0.9934001040812187
0.9934001040812187
0.9934001040812187
0.9934001040812187
0.9934001040812187
0.9934001040812187
0.9934001040812187
0.9934001040812187
0.9934001040812187
0.9934001040812187
0.9934001040812187
0.9934001040812187
0.9934001040812187
0.9934001040812187
0.9934001040812187
0.9934001040812187
0.9934001040812187
0.9934001040812187
0.9934001040812187
0.9934001040812187
0.9934001040812187
0.9934001040812187
0.9951095057906204
0.9951095057906204
0.9951095057906204
0.9951095057906204
0.9951095057906204
0.9951095057906204
0.9951095057906204
0.9951095057906204
0.9951095057906204
0.9951095057906204
0.9951095057906204
0.9951095057906204
0.9951095057906204
0.9951095057906204
0.9951095057906204
0.9951095057906204
0.9951095057906204
0.9951095057906204
0.9951095057906204
0.9951095057906204
0.9951095057906204
0.9951095057906204
0.9951095057906204
0.9951095057906204
0.9951095057906204
0.9951095057906204
0.9951095057906204
0.9951095057906204
0.9951095057906204
0.9951095057906204
0.9951095057906204
0.9951095057906204
0.9951095057906204
0.9951095057906204
0.9951095057906204
0.9951095057906204
0.9951095057906204
0.9951095057906204
0.9951095057906204
0.9951095057906204
0.9951095057906204
0.9951095057906204
0.9951095057906204
0.9964166953331041
0.9964166953331041
0.9964166953331041
0.9964166953331041
0.9964166953331041
0.9964166953331041
0.9964166953331041
0.9964166953331041
0.9964166953331041
0.9964166953331041
0.9964166953331041
0.9964166953331041
0.9964166953331041
0.9964166953331041
0.9964166953331041
0.9964166953331041
0.9964166953331041
0.9964166953331041
0.9964166953331041
0.9964166953331041
0.9964166953331041
0.9964166953331041
0.9964166953331041
0.9964166953331041
0.9964166953331041
0.9964166953331041
0.9964166953331041
0.9964166953331041
0.9964166953331041
0.9964166953331041
0.9964166953331041
0.9964166953331041
0.9964166953331041
0.9964166953331041
0.9964166953331041
0.9964166953331041
0.9964166953331041
0.9964166953331041
0.9964166953331041
0.9964166953331041
0.9964166953331041
0.9964166953331041
0.9964166953331041
0.9964166953331041
0.9964166953331041
0.9964166953331041
0.9964166953331041
0.9964166953331041
0.9964166953331041
0.9964166953331041
0.9964166953331041
0.9964166953331041
0.9964166953331041
0.9964166953331041
0.9964166953331041
0.9964166953331041
0.9964166953331041
0.9964166953331041
0.9964166953331041
0.9964166953331041
0.9964166953331041
0.9964166953331041
0.9964166953331041
0.9964166953331041
0.9964166953331041
0.9964166953331041
0.9964166953331041
0.9964166953331041
0.9964166953331041
0.9964166953331041
0.9964166953331041
0.9964166953331041
0.9964166953331041
0.9964166953331041
0.9964166953331041
0.9964166953331041
0.9964166953331041
0.9964166953331041
0.9964166953331041
0.9964166953331041
0.9964166953331041
0.9964166953331041
0.9964166953331041
0.9964166953331041
0.9964166953331041
0.9964166953331041
0.9964166953331041
0.9964166953331041
0.9964166953331041
0.9964166953331041
0.9964166953331041
0.9964166953331041
0.9964166953331041
0.9964166953331041
0.9964166953331041
0.9964166953331041
0.9964166953331041
0.9964166953331041
0.9964166953331041
0.9964166953331041
0.9964166953331041
0.9964166953331041
0.9964166953331041
0.9964166953331041
0.9964166953331041
0.9964166953331041
0.9964166953331041
0.9964166953331041
0.9964166953331041
0.9964166953331041
0.9964166953331041
0.9964166953331041
0.9964166953331041
0.9964166953331041
0.9964166953331041
0.9964166953331041
0.9964166953331041
0.9964166953331041
0.9964166953331041
0.9964166953331041
0.9964166953331041
0.9964166953331041
0.9964166953331041
0.9964166953331041
0.9964166953331041
0.9964166953331041
0.9964166953331041
0.9964166953331041
0.9964166953331041
0.9964166953331041
0.9964166953331041
0.9964166953331041
0.9964166953331041
0.9964166953331041
0.9964166953331041
0.9964166953331041
0.9964166953331041
0.9964166953331041
0.9964166953331041
0.9964166953331041
0.9964166953331041
0.9964166953331041
0.9964166953331041
0.9964166953331041
0.9964166953331041
0.9964166953331041
0.9964166953331041
0.9964166953331041
0.9964166953331041
0.9964166953331041
0.9964166953331041
0.9964166953331041
0.9964166953331041
0.9964166953331041
0.9964166953331041
0.9964166953331041
0.9964166953331041
0.9964166953331041
0.9964166953331041
0.9964166953331041
0.9964166953331041
0.9964166953331041
0.9964166953331041
0.9964166953331041
0.9964166953331041
0.9964166953331041
0.9964166953331041
0.9964166953331041
0.9964166953331041
0.9964166953331041
0.9964166953331041
0.9964166953331041
0.9964166953331041
0.9964166953331041
0.9964166953331041
0.9964166953331041
0.9964166953331041
0.9964166953331041
0.9964166953331041
0.9964166953331041
0.9964166953331041
0.9964166953331041
0.9964166953331041
0.9964166953331041
0.9964166953331041
0.9964166953331041
0.9964166953331041
0.9964166953331041
0.9964166953331041
0.9964166953331041
0.9964166953331041
0.9964166953331041
0.9964166953331041
0.9964166953331041
0.9964166953331041
0.9964166953331041
0.9964166953331041
0.9964166953331041
0.9964166953331041
0.9964166953331041
0.9964166953331041
0.9964166953331041
0.9964166953331041
0.9964166953331041
0.9964166953331041
0.9964166953331041
0.9964166953331041
0.9964166953331041
0.9964166953331041
0.9964166953331041
0.9964166953331041
0.9964166953331041
0.9964166953331041
0.9964166953331041
0.9964166953331041
0.9964166953331041
0.9964166953331041
0.9964166953331041
0.9964166953331041
0.9964166953331041
0.9964166953331041
0.9964166953331041
0.9964166953331041
0.9964166953331041
0.9964166953331041
0.9964166953331041
0.9964166953331041
0.9964166953331041
0.9964166953331041
0.9964166953331041
0.9964166953331041
0.9964166953331041
0.9964166953331041
0.9964166953331041
0.9964166953331041
0.9964166953331041
0.9964166953331041
0.9964166953331041
0.9964166953331041
0.9964166953331041
0.9964166953331041
0.9964166953331041
0.9964166953331041
0.9964166953331041
0.9964166953331041
0.9964166953331041
0.9964166953331041
0.9964166953331041
0.9964166953331041
0.9964166953331041
0.9964166953331041
0.9964166953331041
0.9964166953331041
0.9964166953331041
0.9964166953331041
0.9964166953331041
0.9964166953331041
0.9964166953331041
0.9964166953331041
0.9964166953331041
0.9964166953331041
0.9964166953331041
0.9964166953331041
0.9964166953331041
0.9964166953331041
0.9964166953331041
0.9964166953331041
0.9964166953331041
0.9964166953331041
0.9964166953331041
0.9964166953331041
0.9964166953331041
0.9964166953331041
0.9964166953331041
0.9964166953331041
0.9964166953331041
0.9964166953331041
0.9964166953331041
0.9964166953331041
0.9964166953331041
0.9964166953331041
0.9964166953331041
0.9964166953331041
0.9964166953331041
0.9964166953331041
0.9964166953331041
0.9964166953331041
0.9964166953331041
0.9964166953331041
0.9964166953331041
0.9964166953331041
0.9964166953331041
0.9964166953331041
0.9983660130718953
0.9983660130718953
0.9983660130718953
0.9983660130718953
0.9983660130718953
0.9983660130718953
0.9983660130718953
0.9983660130718953
0.9983660130718953
0.9983660130718953
0.9983660130718953
0.9983660130718953
0.9983660130718953
1.0
1.0
