0.019627655271600996
0.04006810591124189
0.05876118456297293
0.0790543123431183
0.09868244452174982
0.1188403368443905
0.1387595742934753
0.1678324273911002
0.17790406435569753
0.18795149211299816
0.19781610583147213
0.20767529464079484
0.21836013208660215
0.22404081910123633
0.2498308766545035
0.259671709292235
0.2693775408429471
0.2796097866689087
0.289422860839706
0.29984243802304095
0.30467804221707817
0.33063677654935597
0.3400646305016524
0.3508345792691824
0.3612581970840642
0.37155850382780514
0.3817725482440252
0.3875424987457857
0.41302824734545185
0.4236447908736175
0.4341050131535238
0.44483063909842413
0.45626737863131456
0.4670960960626103
0.47250064194989694
0.49825558433236855
0.509258047592966
0.5200255227110424
0.5298175716263549
0.5404241355144657
0.5497743408406828
0.5548891287835773
0.5804816595249265
0.5865569363044739
0.5947358424167755
0.6034255564223263
0.6110714157726063
0.6190454445474518
0.6230180032389314
0.6334842302108421
0.6345565638960546
0.6386161062124368
0.6431704547827319
0.6483660312192457
0.6530994558955397
0.6566921491179994
0.6645230164276881
0.6658793820624456
0.6672279449782015
0.6710752477645137
0.6763475316329097
0.6814597340847457
0.6854221393321159
0.6943572782195327
0.6983258728702679
0.6995748782276994
0.700910195176311
0.7049459665848821
0.7096396976864159
0.7137408334486643
0.7219335770092002
0.7270477129357346
0.7309967289665044
0.7321731116955896
0.7333520359845271
0.7368521142092825
0.7407676622292692
0.7500248761330284
0.7544623704610942
0.759765999709202
0.7641286395274519
0.7654716755368822
0.7666011100706203
0.7690932742686274
0.775436950628039
0.7797611109679993
0.7841925608770842
0.7887650902912275
0.7923127452093117
0.7932827681333099
0.7936604308794394
0.7960528759306746
0.7986286089976514
0.8027240728691907
0.8073939951673734
0.8120559966938476
0.8154777406725712
0.817446328247333
0.8205098879907111
0.8211139975333316
0.8226479896207353
0.8250890001447846
0.8281466366274391
0.8304717372090071
0.8325249459199786
0.8365116948783502
0.837595885895807
0.8381189851288386
0.8394732025403092
0.8417971501969247
0.8440864242408463
0.846501524775015
0.8515586603576701
0.8535351616367596
0.8547306530584428
0.8551937501501243
0.8564551303524557
0.8588822664113792
0.8610972469938815
0.8660540323747636
0.8689193747476669
0.8713474725013326
0.8729209594704405
0.8734566386725605
0.8744958380922815
0.8760703067734938
0.8800507652753229
0.882490999211456
0.8848497689661655
0.8867226010394343
0.8880212573450471
0.8887774600829343
0.8895260448131802
0.8918079290965619
0.8934831588641725
0.895536511768597
0.8978601501422961
0.9000356990884492
0.9013424337923878
0.9018146886343783
0.9030394247977742
0.9039485074040584
0.9054394408198936
0.9076820249527977
0.9099624505293269
0.9116135456066063
0.9124928995621147
0.9145157942646044
0.914977092933823
0.9152634176955736
0.915900594449566
0.916940069548611
0.9184694119753175
0.9198323028325684
0.9220958110800621
0.9226881542584017
0.9232759658287508
0.9239352366218143
0.9246963813037861
0.9260333625666217
0.9271839968942736
0.9292255664348885
0.9304328912749719
0.9316474917847184
0.9322365573331973
0.932680939068846
0.9335638128830123
0.9346251567918602
0.9367378262176824
0.9378745289582376
0.9392132651077951
0.9401315054643885
0.9406456320539371
0.9411019887790713
0.9418089709222334
0.943181043048172
0.9440846828017793
0.9453317716840414
0.9464105939703215
0.9472557107899764
0.9477176784750841
0.9480987029047229
0.9489943483136529
0.949593616965366
0.9505051840095313
0.9515788557265221
0.9523301671234461
0.9530182893216571
0.9533267081224788
0.9542482025905541
0.9545991216369154
0.9552853208411076
0.9560300834971597
0.9568801422608992
0.9577143464435232
0.9580970351873858
0.959018677745396
0.9593163084807427
0.9595272338928784
0.9599211710929005
0.960447474382824
0.9611452817761482
0.9619484427945966
0.9632812757007927
0.963679694454215
0.9641564138500767
0.9643411134705654
0.9644799776982173
0.9648778114893988
0.9654557962935495
0.966555834977807
0.9673880155086998
0.9680461834314016
0.9683721476637748
0.9685592476684961
0.9688704601901152
0.9691946090004965
0.9700804276432282
0.970631917890723
0.9711194423515888
0.9717968435384442
0.9720025513271713
0.9722173158130301
0.9725285283346493
0.973361794736375
0.9737465071319686
0.9739936933316886
0.9745015399453744
0.9749464225896153
0.9752723868219884
0.9754419413951583
0.9758438899393869
0.976039461678999
0.9763439168345417
0.9767464673405399
0.977220410015133
0.9775525701697206
0.977715760713379
0.978212234299349
0.978469556548184
0.9787302404805283
0.979015435835705
0.9793619308461029
0.9797304528414523
0.9800116675518211
0.9803579944549219
0.9805405458521237
0.9806709213453556
0.9808228229149468
0.9809497526710209
0.9812393720621613
0.9815039120677573
0.9821089833051198
0.9823726695834663
0.9826327685535698
0.9827597823632923
0.9829106215804294
0.9831236546979447
0.983328384187866
0.9839784301765009
0.9843467435466456
0.9846364469914345
0.9847435990390215
0.984888074226647
0.9850070766921633
0.9852858069646512
0.9857483596119996
0.985948581012309
0.98611621259146
0.9863100699622578
0.9865831222206524
0.9867027096484092
0.9867684908570303
0.9871045911385182
0.9871839541334119
0.9873966109138911
0.9876408958207865
0.9877950126677844
0.9880177044442009
0.9881497442516565
0.9883997241721743
0.9884394476964453
0.9886617226179182
0.9888119768728146
0.9889491097321229
0.9890505667660876
0.9891248197095999
0.989381539996665
0.9894665139515324
0.9895243678695957
0.9896251558876712
0.9896886207657083
0.9899137129263573
0.9900209490275929
0.9901942756203661
0.9902900376407084
0.9903783902786142
0.9903965206724064
0.9905869993601659
0.9906465846465725
0.9907759147868792
0.9910128573654575
0.9912158554870354
0.9914137435572318
0.9915044125257215
0.9915588037070979
0.9916166576251612
0.9916166576251612
0.9918269140214079
0.9920445798000912
0.9921874076730218
0.9923563772839511
0.9923563772839511
0.9924470292529118
0.9925280395625004
0.992750899446214
0.992750899446214
0.992880145532872
0.993037140154316
0.9931147717808662
0.9931601062651111
0.9933063128210801
0.9934095012233882
0.9934492247476593
0.9935365990867592
0.993699204668177
0.9938420325411076
0.9939565269170119
0.9939763886791474
0.9941362175392966
0.9941560793014321
0.9942320636132875
0.9943329356850115
0.9944122146262566
0.9944502067821844
0.9945596751603556
0.9946877513225324
0.994727390793155
0.9947653829490826
0.9948254691440814
0.9948946290357408
0.9948946290357408
0.9949802720064973
0.9950958957889753
0.9951412302732202
0.9951650556806346
0.9951888810880491
0.9952285205586716
0.9953299775926364
0.9953679697485641
0.9954439540604195
0.995507502992105
0.9957500565306571
0.9958520985268624
0.9959098683912772
0.9959750646376577
0.9960362972387591
0.9961178925105882
0.9961756623750031
0.9962317849247229
0.9962697770806506
0.9963151115648954
0.9963548350891666
0.9963548350891666
0.9964182999672037
0.996483496213584
0.9965447288146855
0.996564590576821
0.9966428071656119
0.9967351905029161
0.9967550522650517
0.996822564842016
0.9969422363234215
0.99702324663301
0.9970669338025601
0.9971247036669747
0.9971428340607669
0.997160964454559
0.997202335293525
0.9972584578432448
0.9972783196053805
0.9973576826002741
0.9974335828584808
0.9974812336733099
0.9975622439828984
0.9976200138473132
0.9976580060032408
0.9976976454738634
0.9977214708812779
0.9977452962886924
0.9977634266824845
0.9978212806005478
0.9979228216881609
0.9980061483283336
0.9980061483283336
0.9980242787221257
0.99806053950971
0.9980820485865404
0.9980820485865404
0.9981273830707853
0.9981472448329208
0.9981886156718868
0.9982067460656789
0.9982678946131319
0.9982917200205464
0.9983132290973769
0.9983569162669268
0.9983949084228545
0.9984346319471256
0.9984346319471256
0.9984975118629219
0.9985371513335445
0.9985371513335445
0.9985949211979592
0.9985949211979592
0.9985949211979592
0.9986345606685818
0.9986583860759963
0.9986583860759963
0.9986822114834109
0.9987184722709951
0.9987184722709951
0.9987366026647873
0.9987366026647873
0.9987366026647873
0.9987581117416177
0.9987994825805836
0.998820991657414
0.9988606311280366
0.9988787615218288
0.9989002705986592
0.9989002705986592
0.9989184009924513
0.9989184009924513
0.9990000803179291
0.9990000803179291
0.9990199420800645
0.9990618978812713
0.9990618978812713
0.9990857232886856
0.99912198407627
0.9991418458384056
0.9991418458384056
0.9991418458384056
0.9991418458384056
0.9991418458384056
0.9991418458384056
0.9991418458384056
0.9991418458384056
0.9991656712458199
0.9992235251638832
0.9992864050796796
0.9992864050796796
0.9992864050796796
0.9992864050796796
0.9992864050796796
0.9992864050796796
0.9993079141565101
0.9993079141565101
0.9993294232333405
0.9993294232333405
0.9993294232333405
0.9993294232333405
0.9993294232333405
0.9993707940723064
0.9993889244660986
0.9994365752809276
0.9994365752809276
0.9994365752809276
0.9994842260957564
0.9994842260957564
0.9995057351725869
0.9995295605800013
0.9995295605800013
0.9995295605800013
0.9995476909737935
0.9995476909737935
0.9995476909737935
0.9995476909737935
0.9995476909737935
0.9995476909737935
0.9995692000506239
0.9995890618127594
0.9996071922065516
0.9996071922065516
0.9996071922065516
0.9996071922065516
0.9996508793761015
0.9996508793761015
0.9996508793761015
0.9996905188467242
0.9997120279235545
0.9997120279235545
0.9997120279235545
0.9997120279235545
0.9997120279235545
0.9997120279235545
0.9997120279235545
0.9997120279235545
0.9997120279235545
0.9997120279235545
0.999735853330969
0.999735853330969
0.999735853330969
0.999735853330969
0.999735853330969
0.999735853330969
0.999735853330969
0.999735853330969
0.999735853330969
0.999735853330969
0.9997573624077996
0.9997573624077996
0.9997573624077996
0.9997573624077996
0.9997573624077996
0.9997573624077996
0.9997573624077996
0.9997573624077996
0.9997573624077996
0.999781187815214
0.999781187815214
0.999781187815214
0.999781187815214
0.999781187815214
0.999781187815214
0.9998026968920444
0.9998026968920444
0.9998026968920444
0.9998026968920444
0.9998026968920444
0.9998208272858365
0.9998208272858365
0.9998208272858365
0.9998208272858365
0.9998208272858365
0.9998208272858365
0.9998208272858365
0.9998208272858365
0.9998208272858365
0.9998406890479721
0.9998406890479721
0.9998406890479721
0.9998406890479721
0.9998406890479721
0.9998406890479721
0.9998406890479721
0.9998406890479721
0.9998406890479721
0.9998406890479721
0.9998406890479721
0.9998406890479721
0.9998406890479721
0.9998406890479721
0.9998406890479721
0.9998406890479721
0.9998406890479721
0.9998621981248025
0.9998621981248025
0.9998621981248025
0.9998621981248025
0.9998621981248025
0.999882059886938
0.999882059886938
0.999882059886938
0.9999001902807302
0.9999001902807302
0.9999001902807302
0.9999001902807302
0.9999001902807302
0.9999001902807302
0.9999001902807302
0.9999001902807302
0.9999001902807302
0.9999001902807302
0.9999001902807302
0.9999001902807302
0.9999001902807302
0.9999001902807302
0.9999001902807302
0.9999001902807302
0.9999001902807302
0.9999001902807302
0.9999001902807302
0.9999001902807302
0.9999001902807302
0.9999001902807302
0.9999001902807302
0.9999001902807302
0.9999001902807302
0.9999001902807302
0.9999001902807302
0.9999001902807302
0.9999001902807302
0.9999001902807302
0.9999001902807302
0.9999200520428657
0.9999200520428657
0.9999200520428657
0.9999200520428657
0.9999399138050012
0.9999399138050012
0.9999399138050012
0.9999399138050012
0.9999399138050012
0.9999399138050012
0.9999399138050012
0.9999399138050012
0.9999399138050012
0.9999399138050012
0.9999399138050012
0.9999399138050012
0.9999399138050012
0.9999399138050012
0.9999399138050012
0.9999399138050012
0.9999399138050012
0.9999399138050012
0.9999580441987934
0.9999580441987934
0.9999580441987934
0.9999580441987934
0.9999580441987934
0.9999580441987934
0.9999580441987934
0.9999580441987934
0.9999580441987934
0.9999580441987934
0.9999761745925855
0.9999761745925855
0.9999761745925855
0.9999761745925855
0.9999761745925855
0.9999761745925855
0.9999761745925855
0.9999761745925855
0.9999761745925855
0.9999761745925855
0.9999761745925855
0.9999761745925855
0.9999761745925855
0.9999761745925855
0.9999761745925855
0.9999761745925855
0.9999761745925855
0.9999761745925855
0.9999761745925855
0.9999761745925855
0.9999761745925855
0.9999761745925855
0.9999761745925855
0.9999761745925855
0.9999761745925855
0.9999761745925855
0.9999761745925855
0.9999761745925855
0.9999761745925855
0.9999761745925855
0.9999761745925855
0.9999761745925855
0.9999761745925855
0.9999761745925855
0.9999761745925855
0.9999761745925855
0.9999761745925855
0.9999761745925855
0.9999761745925855
0.9999761745925855
0.9999761745925855
0.9999761745925855
1.0
1.0
