0.0
0.0
0.0
0.0
0.015136228116323622
0.02721919882371204
0.04334411505733336
0.04334411505733336
0.06757400061357233
0.08802014075144445
0.10678180370370335
0.13473911492304536
0.1485427339358772
0.1795247558305225
0.24934847970507754
0.24934847970507754
0.266713428057518
0.2902910888834659
0.2977514578619907
0.318184138683763
0.35906303488869334
0.3916140838256843
0.3978856039774664
0.4201735161390865
0.44640986177540226
0.47208088065891635
0.4899331345173148
0.5126082314914543
0.5176471825557509
0.5526778392959629
0.5573507699274707
0.5573507699274707
0.5878168589050937
0.606227669519528
0.6295487637711883
0.6392311636664962
0.6428145117752676
0.6504473491190378
0.6810000994739999
0.6996339493886204
0.700909459592702
0.7257921931006602
0.7257921931006602
0.7356387385083012
0.7535481719435421
0.7616042092969437
0.7616042092969437
0.7628654057954933
0.7695594274901928
0.7695594274901928
0.7829901753960372
0.790185499024644
0.790185499024644
0.7907231334332462
0.7990804679338284
0.8082614852177967
0.826020227024658
0.8346626748331596
0.8346626748331596
0.8438790088475259
0.8438790088475259
0.8480286187759635
0.8580046914322536
0.8580046914322536
0.8624479741216735
0.8678301531375965
0.8678301531375965
0.8718653286670633
0.8771473869895476
0.8841845559584411
0.8841845559584411
0.8859833868655927
0.8859833868655927
0.8910795175067319
0.8928926621194156
0.8946914930265674
0.8997876236677065
0.906890450989073
0.906890450989073
0.907428085397675
0.907428085397675
0.907428085397675
0.907428085397675
0.9085033542148794
0.9120295227468083
0.9120295227468083
0.9218473600659527
0.9319959010874883
0.9319959010874883
0.9337089250067334
0.9384819763316798
0.939019610740282
0.9437068550773218
0.9437068550773218
0.9456201203834442
0.9462578754854851
0.9462578754854851
0.9478707787112916
0.9534608235002902
0.954636213010933
0.954636213010933
0.9570727990201257
0.9570727990201257
0.9588716299272773
0.959495071323786
0.959495071323786
0.959495071323786
0.959495071323786
0.959495071323786
0.9606561471288968
0.9655293191472818
0.9667047086579249
0.9667047086579249
0.9717638083576552
0.9748381494688885
0.9753757838774906
0.9791669977593376
0.9791669977593376
0.9797904391558463
0.9809515149609572
0.9809515149609572
0.9809515149609572
0.9822270251650388
0.9840401697777226
0.9840401697777226
0.9840401697777226
0.9840401697777226
0.9840401697777226
0.9840401697777226
0.9853013662762721
0.9853013662762721
0.986462442081383
0.9877236385799326
0.9877236385799326
0.9877236385799326
0.9883613936819733
0.9883613936819733
0.9895224694870842
0.9895224694870842
0.9895224694870842
0.9895224694870842
0.9895224694870842
0.990160224589125
0.990160224589125
0.990160224589125
0.990160224589125
0.990160224589125
0.990160224589125
0.990160224589125
0.990160224589125
0.990160224589125
0.9907979796911659
0.991335614099768
0.991335614099768
0.9918732485083702
0.9918732485083702
0.9918732485083702
0.9918732485083702
0.9918732485083702
0.9918732485083702
0.992511003610411
0.992511003610411
0.992511003610411
0.992511003610411
0.992511003610411
0.992511003610411
0.992511003610411
0.992511003610411
0.992511003610411
0.9936863931210539
0.9936863931210539
0.9936863931210539
0.9936863931210539
0.9936863931210539
0.9936863931210539
0.9936863931210539
0.9936863931210539
0.9936863931210539
0.9936863931210539
0.9936863931210539
0.9936863931210539
0.9936863931210539
0.9936863931210539
0.9936863931210539
0.9942240275296561
0.9942240275296561
0.9954709103226735
0.9954709103226735
0.9954709103226735
0.9954709103226735
0.9954709103226735
0.9954709103226735
0.9954709103226735
0.9954709103226735
0.9954709103226735
0.9954709103226735
0.9954709103226735
0.9954709103226735
0.9954709103226735
0.9954709103226735
0.9954709103226735
0.9954709103226735
0.9954709103226735
0.9980867346938775
0.9980867346938775
0.9980867346938775
0.9987244897959184
0.9987244897959184
0.9987244897959184
0.9987244897959184
0.9987244897959184
0.9987244897959184
0.9987244897959184
0.9987244897959184
0.9987244897959184
0.9987244897959184
0.9987244897959184
0.9987244897959184
0.9987244897959184
0.9987244897959184
0.9987244897959184
0.9987244897959184
0.9987244897959184
0.9987244897959184
0.9987244897959184
0.9987244897959184
0.9987244897959184
0.9987244897959184
0.9987244897959184
0.9987244897959184
0.9987244897959184
0.9987244897959184
0.9987244897959184
0.9987244897959184
0.9987244897959184
0.9987244897959184
0.9987244897959184
0.9987244897959184
0.9987244897959184
0.9987244897959184
0.9987244897959184
0.9987244897959184
0.9987244897959184
0.9987244897959184
0.9987244897959184
0.9987244897959184
0.9987244897959184
0.9987244897959184
0.9987244897959184
0.9987244897959184
0.9987244897959184
0.9987244897959184
0.9987244897959184
0.9987244897959184
0.9987244897959184
0.9987244897959184
0.9987244897959184
0.9987244897959184
0.9987244897959184
0.9987244897959184
0.9987244897959184
0.9987244897959184
0.9987244897959184
0.9987244897959184
0.9987244897959184
0.9987244897959184
0.9987244897959184
0.9987244897959184
0.9987244897959184
0.9987244897959184
0.9987244897959184
0.9987244897959184
0.9987244897959184
0.9987244897959184
0.9987244897959184
0.9987244897959184
0.9987244897959184
0.9987244897959184
0.9987244897959184
0.9987244897959184
0.9987244897959184
0.9987244897959184
0.9987244897959184
0.9987244897959184
0.9987244897959184
0.9987244897959184
0.9987244897959184
0.9987244897959184
0.9987244897959184
0.9987244897959184
0.9987244897959184
0.9987244897959184
0.9987244897959184
0.9987244897959184
0.9987244897959184
0.9987244897959184
0.9987244897959184
0.9987244897959184
0.9987244897959184
0.9987244897959184
0.9987244897959184
0.9987244897959184
0.9987244897959184
0.9987244897959184
0.9987244897959184
0.9987244897959184
0.9987244897959184
0.9987244897959184
0.9987244897959184
0.9987244897959184
0.9987244897959184
0.9987244897959184
0.9987244897959184
0.9987244897959184
0.9987244897959184
0.9987244897959184
0.9987244897959184
0.9987244897959184
0.9987244897959184
0.9987244897959184
0.9987244897959184
0.9987244897959184
0.9987244897959184
0.9987244897959184
0.9987244897959184
0.9987244897959184
0.9987244897959184
0.9987244897959184
0.9987244897959184
0.9987244897959184
0.9987244897959184
0.9987244897959184
0.9987244897959184
0.9987244897959184
0.9987244897959184
0.9987244897959184
0.9987244897959184
0.9987244897959184
0.9987244897959184
0.9987244897959184
0.9987244897959184
0.9987244897959184
0.9987244897959184
0.9987244897959184
0.9987244897959184
0.9987244897959184
0.9987244897959184
0.9987244897959184
0.9987244897959184
0.9987244897959184
0.9987244897959184
0.9987244897959184
0.9987244897959184
0.9987244897959184
0.9987244897959184
0.9987244897959184
0.9987244897959184
0.9987244897959184
0.9987244897959184
0.9987244897959184
0.9987244897959184
0.9987244897959184
0.9987244897959184
0.9987244897959184
0.9987244897959184
0.9987244897959184
0.9987244897959184
0.9987244897959184
0.9987244897959184
0.9987244897959184
0.9987244897959184
0.9987244897959184
0.9987244897959184
0.9987244897959184
0.9987244897959184
0.9987244897959184
0.9987244897959184
0.9987244897959184
0.9987244897959184
0.9987244897959184
0.9987244897959184
0.9987244897959184
0.9987244897959184
0.9987244897959184
0.9987244897959184
0.9987244897959184
0.9987244897959184
0.9987244897959184
0.9987244897959184
0.9987244897959184
0.9987244897959184
0.9987244897959184
0.9987244897959184
0.9987244897959184
0.9987244897959184
0.9987244897959184
0.9987244897959184
0.9987244897959184
0.9987244897959184
0.9987244897959184
0.9987244897959184
0.9987244897959184
0.9987244897959184
0.9987244897959184
0.9987244897959184
0.9987244897959184
0.9987244897959184
0.9987244897959184
0.9987244897959184
0.9987244897959184
0.9987244897959184
0.9987244897959184
0.9987244897959184
0.9987244897959184
0.9987244897959184
0.9987244897959184
0.9987244897959184
0.9987244897959184
0.9987244897959184
0.9987244897959184
0.9987244897959184
0.9987244897959184
0.9987244897959184
0.9987244897959184
0.9987244897959184
0.9987244897959184
0.9987244897959184
0.9987244897959184
0.9987244897959184
0.9987244897959184
0.9987244897959184
0.9987244897959184
0.9987244897959184
0.9987244897959184
0.9987244897959184
0.9987244897959184
0.9987244897959184
0.9987244897959184
0.9987244897959184
0.9987244897959184
0.9987244897959184
0.9987244897959184
0.9987244897959184
0.9987244897959184
0.9987244897959184
0.9987244897959184
0.9987244897959184
0.9987244897959184
0.9987244897959184
0.9987244897959184
0.9987244897959184
0.9987244897959184
0.9987244897959184
0.9987244897959184
0.9987244897959184
0.9987244897959184
0.9987244897959184
0.9987244897959184
0.9987244897959184
0.9987244897959184
0.9987244897959184
0.9987244897959184
0.9987244897959184
0.9993622448979592
0.9993622448979592
0.9993622448979592
0.9993622448979592
0.9993622448979592
0.9993622448979592
0.9993622448979592
0.9993622448979592
0.9993622448979592
0.9993622448979592
0.9993622448979592
0.9993622448979592
0.9993622448979592
0.9993622448979592
0.9993622448979592
0.9993622448979592
0.9993622448979592
0.9993622448979592
0.9993622448979592
0.9993622448979592
0.9993622448979592
0.9993622448979592
0.9993622448979592
0.9993622448979592
0.9993622448979592
0.9993622448979592
0.9993622448979592
0.9993622448979592
0.9993622448979592
0.9993622448979592
0.9993622448979592
0.9993622448979592
0.9993622448979592
0.9993622448979592
0.9993622448979592
0.9993622448979592
0.9993622448979592
0.9993622448979592
0.9993622448979592
0.9993622448979592
0.9993622448979592
0.9993622448979592
0.9993622448979592
0.9993622448979592
0.9993622448979592
0.9993622448979592
0.9993622448979592
0.9993622448979592
0.9993622448979592
0.9993622448979592
0.9993622448979592
0.9993622448979592
0.9993622448979592
0.9993622448979592
0.9993622448979592
0.9993622448979592
0.9993622448979592
0.9993622448979592
1.0
1.0
