0.0
0.0
0.0
0.0
0.0
0.0
0.0
0.0
0.0
0.0
0.0
0.0
0.0
0.0
0.0
0.0
0.0035842293906810036
0.0035842293906810036
0.0035842293906810036
0.0035842293906810036
0.0035842293906810036
0.0035842293906810036
0.0035842293906810036
0.0035842293906810036
0.0035842293906810036
0.010374352847471128
0.010374352847471128
0.010374352847471128
0.010374352847471128
0.010374352847471128
0.010374352847471128
0.010374352847471128
0.010374352847471128
0.013741356214474495
0.013741356214474495
0.013741356214474495
0.013741356214474495
0.017583051859448827
0.02010830438470135
0.02010830438470135
0.02010830438470135
0.02010830438470135
0.02010830438470135
0.02010830438470135
0.02010830438470135
0.02010830438470135
0.02010830438470135
0.02010830438470135
0.02010830438470135
0.02010830438470135
0.026462697993996923
0.02954911774708334
0.02954911774708334
0.02954911774708334
0.02954911774708334
0.02954911774708334
0.02954911774708334
0.02954911774708334
0.02954911774708334
0.02954911774708334
0.02954911774708334
0.02954911774708334
0.02954911774708334
0.02954911774708334
0.03495484076253666
0.03495484076253666
0.03495484076253666
0.04048003809101268
0.04048003809101268
0.04048003809101268
0.04048003809101268
0.04048003809101268
0.04048003809101268
0.04048003809101268
0.04048003809101268
0.04609171036935163
0.04609171036935163
0.04791320399412394
0.04791320399412394
0.04791320399412394
0.04791320399412394
0.04791320399412394
0.04791320399412394
0.04791320399412394
0.0544659105468305
0.0544659105468305
0.0544659105468305
0.0544659105468305
0.0544659105468305
0.0544659105468305
0.0652588389494892
0.0652588389494892
0.0652588389494892
0.0652588389494892
0.0652588389494892
0.0652588389494892
0.0652588389494892
0.0652588389494892
0.0652588389494892
0.0652588389494892
0.0652588389494892
0.08069119163674383
0.08069119163674383
0.08914766248472868
0.08914766248472868
0.08914766248472868
0.08914766248472868
0.08914766248472868
0.08914766248472868
0.08914766248472868
0.08914766248472868
0.08914766248472868
0.08914766248472868
0.09251466585173204
0.09251466585173204
0.09251466585173204
0.09251466585173204
0.09251466585173204
0.1034963892249694
0.1034963892249694
0.1034963892249694
0.1034963892249694
0.1034963892249694
0.1034963892249694
0.1034963892249694
0.1034963892249694
0.1034963892249694
0.1034963892249694
0.1034963892249694
0.11424489997348014
0.11424489997348014
0.11424489997348014
0.11808659561845447
0.11808659561845447
0.11808659561845447
0.12327509261023017
0.12327509261023017
0.1278205471556847
0.1278205471556847
0.1278205471556847
0.1278205471556847
0.1278205471556847
0.1278205471556847
0.1278205471556847
0.1278205471556847
0.1278205471556847
0.1278205471556847
0.1278205471556847
0.1278205471556847
0.1278205471556847
0.1278205471556847
0.1278205471556847
0.1278205471556847
0.1278205471556847
0.1278205471556847
0.1311875505226881
0.1311875505226881
0.1311875505226881
0.1311875505226881
0.1311875505226881
0.1311875505226881
0.1311875505226881
0.1311875505226881
0.1311875505226881
0.1311875505226881
0.1311875505226881
0.1311875505226881
0.1311875505226881
0.1409877861293753
0.14482948177434962
0.14684968379455163
0.14684968379455163
0.14684968379455163
0.14684968379455163
0.14684968379455163
0.14684968379455163
0.14684968379455163
0.14684968379455163
0.14684968379455163
0.14684968379455163
0.14684968379455163
0.15664991940123885
0.15664991940123885
0.15664991940123885
0.15664991940123885
0.15664991940123885
0.16183841639301455
0.16183841639301455
0.16183841639301455
0.16674632977087325
0.16674632977087325
0.16674632977087325
0.16674632977087325
0.16674632977087325
0.1685678233956456
0.1685678233956456
0.1685678233956456
0.1685678233956456
0.1685678233956456
0.1685678233956456
0.1685678233956456
0.1685678233956456
0.1685678233956456
0.1685678233956456
0.1685678233956456
0.1685678233956456
0.1710930759208981
0.1710930759208981
0.1710930759208981
0.1710930759208981
0.1710930759208981
0.1710930759208981
0.1710930759208981
0.1710930759208981
0.1710930759208981
0.1710930759208981
0.1710930759208981
0.1710930759208981
0.1710930759208981
0.1710930759208981
0.1826962875241097
0.1826962875241097
0.1826962875241097
0.1826962875241097
0.1826962875241097
0.1826962875241097
0.1826962875241097
0.19105372886130034
0.19105372886130034
0.19105372886130034
0.19105372886130034
0.19105372886130034
0.19105372886130034
0.2029333197990719
0.2029333197990719
0.2029333197990719
0.2029333197990719
0.2029333197990719
0.2029333197990719
0.2029333197990719
0.2029333197990719
0.2029333197990719
0.2029333197990719
0.2029333197990719
0.2029333197990719
0.2029333197990719
0.21775370222918464
0.21775370222918464
0.21775370222918464
0.21775370222918464
0.21775370222918464
0.21775370222918464
0.21775370222918464
0.21775370222918464
0.22145740593288832
0.22145740593288832
0.22145740593288832
0.22145740593288832
0.22145740593288832
0.22516110963659206
0.22516110963659206
0.22516110963659206
0.22516110963659206
0.22516110963659206
0.22516110963659206
0.2285281130035954
0.2285281130035954
0.2285281130035954
0.2285281130035954
0.2285281130035954
0.2285281130035954
0.23519876214736288
0.24028822962834434
0.24028822962834434
0.24028822962834434
0.2431372324773472
0.2431372324773472
0.2431372324773472
0.2431372324773472
0.2431372324773472
0.2431372324773472
0.2431372324773472
0.2431372324773472
0.2431372324773472
0.24800643734655203
0.2513734407135554
0.2513734407135554
0.2513734407135554
0.257036629983302
0.257036629983302
0.257036629983302
0.257036629983302
0.257036629983302
0.257036629983302
0.257036629983302
0.257036629983302
0.257036629983302
0.257036629983302
0.272280187699978
0.272280187699978
0.272280187699978
0.272280187699978
0.272280187699978
0.272280187699978
0.272280187699978
0.27430038972018006
0.27430038972018006
0.27430038972018006
0.27430038972018006
0.27430038972018006
0.27430038972018006
0.27800409342388377
0.27800409342388377
0.27800409342388377
0.27800409342388377
0.27800409342388377
0.27800409342388377
0.27800409342388377
0.27800409342388377
0.27800409342388377
0.27800409342388377
0.27800409342388377
0.27982558704865607
0.27982558704865607
0.2835292907523598
0.2835292907523598
0.2835292907523598
0.2835292907523598
0.2835292907523598
0.2835292907523598
0.2835292907523598
0.2835292907523598
0.2835292907523598
0.2835292907523598
0.2835292907523598
0.2835292907523598
0.2835292907523598
0.2853507843771321
0.2853507843771321
0.2960446832689965
0.2960446832689965
0.30397565880970245
0.30397565880970245
0.30397565880970245
0.3059958608299044
0.3059958608299044
0.3059958608299044
0.30801606285010646
0.30801606285010646
0.30801606285010646
0.30801606285010646
0.30801606285010646
0.30801606285010646
0.30801606285010646
0.30801606285010646
0.30801606285010646
0.30801606285010646
0.30801606285010646
0.30801606285010646
0.30801606285010646
0.3113830662171098
0.3113830662171098
0.3113830662171098
0.32049249293626686
0.32049249293626686
0.32049249293626686
0.32049249293626686
0.32251269495646884
0.32251269495646884
0.32251269495646884
0.32251269495646884
0.32251269495646884
0.32251269495646884
0.32251269495646884
0.32251269495646884
0.32251269495646884
0.3294639277141532
0.3294639277141532
0.3294639277141532
0.3294639277141532
0.3294639277141532
0.3294639277141532
0.3294639277141532
0.3294639277141532
0.3294639277141532
0.3294639277141532
0.3294639277141532
0.3294639277141532
0.3294639277141532
0.34446055055391334
0.3478275539209167
0.3478275539209167
0.3478275539209167
0.3478275539209167
0.3478275539209167
0.3478275539209167
0.3478275539209167
0.3478275539209167
0.3498477559411188
0.3498477559411188
0.3498477559411188
0.3498477559411188
0.3516692495658911
0.3516692495658911
0.3516692495658911
0.3516692495658911
0.3516692495658911
0.3622449519448721
0.3622449519448721
0.3622449519448721
0.3622449519448721
0.3622449519448721
0.3622449519448721
0.3676192073191275
0.3676192073191275
0.3676192073191275
0.3676192073191275
0.3676192073191275
0.3676192073191275
0.3676192073191275
0.3676192073191275
0.3676192073191275
0.3676192073191275
0.3676192073191275
0.37299346269338285
0.37299346269338285
0.37299346269338285
0.37299346269338285
0.38420956638260484
0.38420956638260484
0.38420956638260484
0.38420956638260484
0.38420956638260484
0.38420956638260484
0.3862297684028069
0.3862297684028069
0.3972114917760442
0.3972114917760442
0.3972114917760442
0.3972114917760442
0.3972114917760442
0.405685116916336
0.405685116916336
0.405685116916336
0.405685116916336
0.405685116916336
0.405685116916336
0.405685116916336
0.405685116916336
0.405685116916336
0.405685116916336
0.405685116916336
0.405685116916336
0.405685116916336
0.41776302079751854
0.41776302079751854
0.41776302079751854
0.41776302079751854
0.4213472501881996
0.4213472501881996
0.4213472501881996
0.4213472501881996
0.4213472501881996
0.4213472501881996
0.4213472501881996
0.4213472501881996
0.4213472501881996
0.42316874381297187
0.42316874381297187
0.42316874381297187
0.42316874381297187
0.42316874381297187
0.42316874381297187
0.42316874381297187
0.42316874381297187
0.4268724475166756
0.4268724475166756
0.4268724475166756
0.4268724475166756
0.4268724475166756
0.4293977000419281
0.4293977000419281
0.4293977000419281
0.4293977000419281
0.4293977000419281
0.4293977000419281
0.4293977000419281
0.4293977000419281
0.4293977000419281
0.4293977000419281
0.4293977000419281
0.4293977000419281
0.43764685829108635
0.4409148321472955
0.4409148321472955
0.4409148321472955
0.4409148321472955
0.4409148321472955
0.4409148321472955
0.4409148321472955
0.4409148321472955
0.4409148321472955
0.4409148321472955
0.4409148321472955
0.4409148321472955
0.4409148321472955
0.4441828060035046
0.4441828060035046
0.4441828060035046
0.4512535130742117
0.4512535130742117
0.4512535130742117
0.45452148693042094
0.45452148693042094
0.45452148693042094
0.45452148693042094
0.45452148693042094
0.45452148693042094
0.45452148693042094
0.4578884902974243
0.4578884902974243
0.4578884902974243
0.4578884902974243
0.4578884902974243
0.4578884902974243
0.4578884902974243
0.4578884902974243
0.4578884902974243
0.4597099839221966
0.4597099839221966
0.4597099839221966
0.4673418582207376
0.4718873127661921
0.4718873127661921
0.4718873127661921
0.4718873127661921
0.4718873127661921
0.4718873127661921
0.4718873127661921
0.4718873127661921
0.4718873127661921
0.4718873127661921
0.4718873127661921
0.48477967727145976
0.48477967727145976
0.48679987929166185
0.48679987929166185
0.48679987929166185
0.48679987929166185
0.48679987929166185
0.48932513181691445
0.48932513181691445
0.48932513181691445
0.48932513181691445
0.48932513181691445
0.48932513181691445
0.48932513181691445
0.48932513181691445
0.4924115515700008
0.4924115515700008
0.4924115515700008
0.4924115515700008
0.4924115515700008
0.4924115515700008
0.4924115515700008
0.4924115515700008
0.4924115515700008
0.4924115515700008
0.4924115515700008
0.49884478380968467
0.49884478380968467
0.502211787176688
0.502211787176688
0.502211787176688
0.502211787176688
0.502211787176688
0.502211787176688
0.502211787176688
0.502211787176688
0.5040332808014604
0.5040332808014604
0.5040332808014604
0.5040332808014604
0.5040332808014604
0.5065585333267129
0.5065585333267129
0.5065585333267129
0.5065585333267129
0.5065585333267129
0.5065585333267129
0.5065585333267129
0.5065585333267129
0.5065585333267129
0.5065585333267129
0.521753469109884
0.521753469109884
0.521753469109884
0.5319969293533442
0.5319969293533442
0.5319969293533442
0.5319969293533442
0.5319969293533442
0.5319969293533442
0.5319969293533442
0.5319969293533442
0.5319969293533442
0.5319969293533442
0.5350833491064306
0.5350833491064306
0.5350833491064306
0.542034581864115
0.542034581864115
0.542034581864115
0.542034581864115
0.542034581864115
0.542034581864115
0.542034581864115
0.542034581864115
0.542034581864115
0.542034581864115
0.544054783884317
0.544054783884317
0.544054783884317
0.544054783884317
0.544054783884317
0.544054783884317
0.5520104085066083
0.5520104085066083
0.5619490315065848
0.5619490315065848
0.5619490315065848
0.5619490315065848
0.5619490315065848
0.5619490315065848
0.5619490315065848
0.5619490315065848
0.5619490315065848
0.5619490315065848
0.5619490315065848
0.5619490315065848
0.5619490315065848
0.5619490315065848
0.5619490315065848
0.5647980343555877
0.5647980343555877
0.567884454108674
0.567884454108674
0.567884454108674
0.567884454108674
0.567884454108674
0.567884454108674
0.567884454108674
0.567884454108674
0.567884454108674
0.567884454108674
0.567884454108674
0.567884454108674
0.567884454108674
0.567884454108674
0.567884454108674
0.567884454108674
0.567884454108674
0.567884454108674
0.567884454108674
0.5699046561288761
0.5699046561288761
0.5717261497536483
0.5717261497536483
0.5717261497536483
0.5717261497536483
0.5717261497536483
0.5717261497536483
0.5717261497536483
0.5717261497536483
0.5717261497536483
0.5717261497536483
0.5717261497536483
0.5717261497536483
0.5717261497536483
0.5745751526026512
0.5745751526026512
0.5745751526026512
0.5745751526026512
0.5774241554516542
0.5774241554516542
0.5774241554516542
0.5774241554516542
0.5774241554516542
0.5774241554516542
0.5774241554516542
0.5774241554516542
0.5774241554516542
0.5774241554516542
0.5774241554516542
0.5774241554516542
0.5774241554516542
0.5853366133641119
0.5853366133641119
0.5853366133641119
0.5853366133641119
0.5853366133641119
0.5878618658893645
0.5943978136017828
0.5943978136017828
0.5943978136017828
0.5943978136017828
0.5943978136017828
0.5943978136017828
0.5943978136017828
0.5943978136017828
0.5943978136017828
0.5943978136017828
0.5974842333548691
0.6011879370585729
0.6011879370585729
0.6011879370585729
0.6011879370585729
0.6011879370585729
0.6011879370585729
0.6011879370585729
0.6011879370585729
0.6011879370585729
0.6011879370585729
0.6011879370585729
0.6011879370585729
0.6011879370585729
0.6011879370585729
0.6011879370585729
0.6011879370585729
0.6011879370585729
0.6011879370585729
0.6011879370585729
0.6011879370585729
0.6011879370585729
0.6011879370585729
0.603208139078775
0.603208139078775
0.603208139078775
0.603208139078775
0.603208139078775
0.6050296327035473
0.6050296327035473
0.6050296327035473
0.6050296327035473
0.6050296327035473
0.6050296327035473
0.6050296327035473
0.6147510296798464
0.6147510296798464
0.6147510296798464
0.6147510296798464
0.6147510296798464
0.6147510296798464
0.6147510296798464
0.6147510296798464
0.6147510296798464
0.6147510296798464
0.6147510296798464
0.6147510296798464
0.620474935403752
0.620474935403752
0.620474935403752
0.620474935403752
0.620474935403752
0.6235613551568385
0.6235613551568385
0.6235613551568385
0.6235613551568385
0.6235613551568385
0.6235613551568385
0.6235613551568385
0.6235613551568385
0.6235613551568385
0.6235613551568385
0.6235613551568385
0.6235613551568385
0.6235613551568385
0.6235613551568385
0.6253828487816109
0.6253828487816109
0.6253828487816109
0.6401906766507923
0.6401906766507923
0.6401906766507923
0.6401906766507923
0.6401906766507923
0.6401906766507923
0.6401906766507923
0.6401906766507923
0.6401906766507923
0.6401906766507923
0.6401906766507923
0.6401906766507923
0.6401906766507923
0.6401906766507923
0.6401906766507923
0.6401906766507923
0.6401906766507923
0.6457158739792682
0.6457158739792682
0.6457158739792682
0.6457158739792682
0.6457158739792682
0.6457158739792682
0.6457158739792682
0.6457158739792682
0.6457158739792682
0.6457158739792682
0.6457158739792682
0.6457158739792682
0.6457158739792682
0.6457158739792682
0.6457158739792682
0.6457158739792682
0.6457158739792682
0.6457158739792682
0.6559908018639264
0.6559908018639264
0.6559908018639264
0.6559908018639264
0.6559908018639264
0.6559908018639264
0.6559908018639264
0.6559908018639264
0.6559908018639264
0.6559908018639264
0.6559908018639264
0.6559908018639264
0.6559908018639264
0.6559908018639264
0.6559908018639264
0.6559908018639264
0.6559908018639264
0.6559908018639264
0.6559908018639264
0.6559908018639264
0.6559908018639264
0.6559908018639264
0.6559908018639264
0.6559908018639264
0.6559908018639264
0.6559908018639264
0.6559908018639264
0.6559908018639264
0.6559908018639264
0.6559908018639264
0.6559908018639264
0.6559908018639264
0.6559908018639264
0.6593578052309297
0.6618830577561823
0.6618830577561823
0.6618830577561823
0.6618830577561823
0.6618830577561823
0.6618830577561823
0.6618830577561823
0.6618830577561823
0.6618830577561823
0.6618830577561823
0.6618830577561823
0.6618830577561823
0.6618830577561823
0.6618830577561823
0.6618830577561823
0.6618830577561823
0.6671712336325935
0.6671712336325935
0.6671712336325935
0.6671712336325935
0.6671712336325935
0.6671712336325935
0.6671712336325935
0.6671712336325935
0.6671712336325935
0.6671712336325935
0.6671712336325935
0.6671712336325935
0.6671712336325935
0.6671712336325935
0.6671712336325935
0.6671712336325935
0.6671712336325935
0.6671712336325935
0.6671712336325935
0.6671712336325935
0.6671712336325935
0.6671712336325935
0.6671712336325935
0.6671712336325935
0.6671712336325935
0.6671712336325935
0.6705382369995968
0.6705382369995968
0.6705382369995968
0.6705382369995968
0.6705382369995968
0.6705382369995968
0.6705382369995968
0.6705382369995968
0.6705382369995968
0.6705382369995968
0.6705382369995968
0.6705382369995968
0.6705382369995968
0.6705382369995968
0.6705382369995968
0.6705382369995968
0.6705382369995968
0.6705382369995968
0.6705382369995968
0.6705382369995968
0.6705382369995968
0.6705382369995968
0.6705382369995968
0.6705382369995968
0.6705382369995968
0.6725584390197988
0.6725584390197988
0.6725584390197988
0.6725584390197988
0.6725584390197988
0.6750836915450514
0.6750836915450514
0.6750836915450514
0.6750836915450514
0.6750836915450514
0.6750836915450514
0.6750836915450514
0.6750836915450514
0.6750836915450514
0.6750836915450514
0.6750836915450514
0.6750836915450514
0.6797541880188266
0.6797541880188266
0.6797541880188266
0.6797541880188266
0.6797541880188266
0.6797541880188266
0.6797541880188266
0.6797541880188266
0.6815756816435989
0.6815756816435989
0.6815756816435989
0.6815756816435989
0.6815756816435989
0.6815756816435989
0.6815756816435989
0.6815756816435989
0.6815756816435989
0.6880089138832828
0.6880089138832828
0.6880089138832828
0.6880089138832828
0.6880089138832828
0.6880089138832828
0.6880089138832828
0.6880089138832828
0.6880089138832828
0.6880089138832828
0.6880089138832828
0.6880089138832828
0.6880089138832828
0.6880089138832828
0.6900291159034848
0.6900291159034848
0.6900291159034848
0.69882228708817
0.69882228708817
0.69882228708817
0.69882228708817
0.69882228708817
0.69882228708817
0.69882228708817
0.69882228708817
0.69882228708817
0.69882228708817
0.69882228708817
0.69882228708817
0.69882228708817
0.69882228708817
0.69882228708817
0.69882228708817
0.69882228708817
0.7050512433171262
0.7050512433171262
0.7050512433171262
0.7050512433171262
0.7050512433171262
0.7050512433171262
0.7050512433171262
0.7050512433171262
0.7050512433171262
0.7050512433171262
0.7050512433171262
0.7050512433171262
0.7050512433171262
0.7050512433171262
0.7050512433171262
0.7070714453373282
0.7070714453373282
0.7121780671106167
0.7121780671106167
0.7121780671106167
0.7121780671106167
0.7121780671106167
0.7121780671106167
0.7121780671106167
0.7121780671106167
0.7121780671106167
0.7121780671106167
0.7121780671106167
0.7121780671106167
0.7121780671106167
0.7121780671106167
0.7121780671106167
0.7121780671106167
0.7121780671106167
0.7121780671106167
0.7121780671106167
0.7121780671106167
0.7121780671106167
0.7121780671106167
0.7121780671106167
0.7203539543446845
0.7223741563648864
0.7223741563648864
0.7223741563648864
0.7223741563648864
0.7223741563648864
0.7223741563648864
0.7223741563648864
0.7223741563648864
0.7248994088901389
0.7248994088901389
0.7248994088901389
0.7248994088901389
0.7248994088901389
0.7248994088901389
0.7248994088901389
0.7248994088901389
0.7248994088901389
0.7248994088901389
0.7248994088901389
0.7248994088901389
0.7248994088901389
0.7248994088901389
0.7248994088901389
0.7248994088901389
0.7248994088901389
0.7248994088901389
0.7248994088901389
0.7300060306634274
0.7300060306634274
0.7300060306634274
0.7300060306634274
0.7300060306634274
0.7300060306634274
0.7300060306634274
0.7300060306634274
0.7300060306634274
0.7300060306634274
0.7300060306634274
0.7300060306634274
0.7300060306634274
0.7300060306634274
0.7300060306634274
0.7300060306634274
0.7300060306634274
0.7332740045196365
0.7332740045196365
0.7332740045196365
0.7332740045196365
0.7332740045196365
0.7332740045196365
0.7332740045196365
0.7332740045196365
0.7350954981444089
0.7350954981444089
0.7396409526898634
0.7396409526898634
0.74272737244295
0.74272737244295
0.74272737244295
0.74272737244295
0.74272737244295
0.74272737244295
0.74272737244295
0.74272737244295
0.74272737244295
0.7447475744631519
0.7447475744631519
0.7447475744631519
0.7447475744631519
0.7447475744631519
0.7447475744631519
0.7447475744631519
0.7447475744631519
0.7447475744631519
0.7447475744631519
0.7475965773121547
0.7475965773121547
0.7475965773121547
0.7475965773121547
0.7475965773121547
0.7475965773121547
0.7475965773121547
0.7475965773121547
0.7475965773121547
0.7475965773121547
0.7475965773121547
0.7475965773121547
0.7475965773121547
0.7475965773121547
0.7475965773121547
0.7475965773121547
0.7475965773121547
0.7475965773121547
0.7475965773121547
0.7501218298374073
0.7501218298374073
0.7501218298374073
0.7501218298374073
0.7501218298374073
0.7501218298374073
0.7501218298374073
0.7501218298374073
0.7501218298374073
0.7501218298374073
0.7501218298374073
0.7501218298374073
0.7501218298374073
0.7501218298374073
0.7501218298374073
0.7501218298374073
0.7501218298374073
0.7501218298374073
0.7501218298374073
0.7550297432152661
0.7550297432152661
0.7550297432152661
0.7550297432152661
0.7550297432152661
0.7550297432152661
0.7550297432152661
0.7550297432152661
0.7550297432152661
0.7550297432152661
0.7550297432152661
0.7550297432152661
0.7550297432152661
0.7550297432152661
0.7550297432152661
0.7550297432152661
0.7632056304493339
0.7632056304493339
0.7632056304493339
0.7657308829745864
0.7657308829745864
0.7657308829745864
0.7657308829745864
0.7657308829745864
0.7657308829745864
0.7657308829745864
0.7657308829745864
0.7657308829745864
0.7657308829745864
0.7657308829745864
0.7657308829745864
0.7657308829745864
0.7657308829745864
0.772283589527293
0.772283589527293
0.772283589527293
0.772283589527293
0.772283589527293
0.772283589527293
0.772283589527293
0.772283589527293
0.772283589527293
0.772283589527293
0.772283589527293
0.772283589527293
0.772283589527293
0.772283589527293
0.772283589527293
0.772283589527293
0.772283589527293
0.772283589527293
0.772283589527293
0.772283589527293
0.772283589527293
0.772283589527293
0.772283589527293
0.772283589527293
0.772283589527293
0.772283589527293
0.772283589527293
0.772283589527293
0.772283589527293
0.772283589527293
0.772283589527293
0.772283589527293
0.772283589527293
0.772283589527293
0.772283589527293
0.772283589527293
0.772283589527293
0.772283589527293
0.772283589527293
0.772283589527293
0.772283589527293
0.772283589527293
0.772283589527293
0.7741050831520653
0.7741050831520653
0.7741050831520653
0.7741050831520653
0.7741050831520653
0.7741050831520653
0.7741050831520653
0.7741050831520653
0.7776893125427462
0.7776893125427462
0.7776893125427462
0.7776893125427462
0.7776893125427462
0.7776893125427462
0.7776893125427462
0.7776893125427462
0.7776893125427462
0.7776893125427462
0.7776893125427462
0.7776893125427462
0.7776893125427462
0.7776893125427462
0.7776893125427462
0.7776893125427462
0.7776893125427462
0.7840562607129731
0.7840562607129731
0.7840562607129731
0.7840562607129731
0.7840562607129731
0.7840562607129731
0.7840562607129731
0.7840562607129731
0.7840562607129731
0.7840562607129731
0.7840562607129731
0.7840562607129731
0.7840562607129731
0.7840562607129731
0.7840562607129731
0.7840562607129731
0.7840562607129731
0.7908463841697633
0.7908463841697633
0.7908463841697633
0.7955168806435384
0.7955168806435384
0.7955168806435384
0.7955168806435384
0.7955168806435384
0.7955168806435384
0.7955168806435384
0.7955168806435384
0.7955168806435384
0.7955168806435384
0.7955168806435384
0.7955168806435384
0.7975370826637405
0.7975370826637405
0.7975370826637405
0.7975370826637405
0.7975370826637405
0.7975370826637405
0.7975370826637405
0.7975370826637405
0.7975370826637405
0.7975370826637405
0.7975370826637405
0.7975370826637405
0.7975370826637405
0.7975370826637405
0.7975370826637405
0.7975370826637405
0.7975370826637405
0.7975370826637405
0.7975370826637405
0.8059935535117252
0.8059935535117252
0.8059935535117252
0.8059935535117252
0.8059935535117252
0.8059935535117252
0.8059935535117252
0.8059935535117252
0.8059935535117252
0.8059935535117252
0.8059935535117252
0.8059935535117252
0.8059935535117252
0.8059935535117252
0.8059935535117252
0.8059935535117252
0.8059935535117252
0.8113678088859806
0.8113678088859806
0.8113678088859806
0.8113678088859806
0.8131893025107528
0.8131893025107528
0.8131893025107528
0.8131893025107528
0.8131893025107528
0.8131893025107528
0.8131893025107528
0.8131893025107528
0.8131893025107528
0.8131893025107528
0.8131893025107528
0.8131893025107528
0.8131893025107528
0.8150107961355251
0.8150107961355251
0.8150107961355251
0.8150107961355251
0.8180972158886115
0.8180972158886115
0.8180972158886115
0.8180972158886115
0.819918709513384
0.819918709513384
0.819918709513384
0.819918709513384
0.819918709513384
0.819918709513384
0.819918709513384
0.819918709513384
0.819918709513384
0.8270871682947459
0.8270871682947459
0.8270871682947459
0.8270871682947459
0.8270871682947459
0.8270871682947459
0.8270871682947459
0.8270871682947459
0.8270871682947459
0.8270871682947459
0.8270871682947459
0.8270871682947459
0.8270871682947459
0.8270871682947459
0.8270871682947459
0.8270871682947459
0.8270871682947459
0.8303551421509551
0.8303551421509551
0.8303551421509551
0.8303551421509551
0.8303551421509551
0.8321766357757273
0.8321766357757273
0.8321766357757273
0.8321766357757273
0.8321766357757273
0.8321766357757273
0.8321766357757273
0.8321766357757273
0.8321766357757273
0.8321766357757273
0.8321766357757273
0.8321766357757273
0.8352630555288137
0.8352630555288137
0.8352630555288137
0.8352630555288137
0.8352630555288137
0.8352630555288137
0.8352630555288137
0.8352630555288137
0.8352630555288137
0.8352630555288137
0.8352630555288137
0.8352630555288137
0.8352630555288137
0.8352630555288137
0.8352630555288137
0.8352630555288137
0.8352630555288137
0.8352630555288137
0.8352630555288137
0.8352630555288137
0.8352630555288137
0.8352630555288137
0.8352630555288137
0.8352630555288137
0.8352630555288137
0.8352630555288137
0.8352630555288137
0.8352630555288137
0.8352630555288137
0.8388472849194948
0.8388472849194948
0.8388472849194948
0.8388472849194948
0.8388472849194948
0.8388472849194948
0.8388472849194948
0.8388472849194948
0.8388472849194948
0.8388472849194948
0.8388472849194948
0.8388472849194948
0.8388472849194948
0.8388472849194948
0.8388472849194948
0.8388472849194948
0.8388472849194948
0.8388472849194948
0.8388472849194948
0.8388472849194948
0.8388472849194948
0.8388472849194948
0.8449567668354283
0.8449567668354283
0.8449567668354283
0.8449567668354283
0.8449567668354283
0.8449567668354283
0.8449567668354283
0.8449567668354283
0.8449567668354283
0.8449567668354283
0.8449567668354283
0.8449567668354283
0.8449567668354283
0.8449567668354283
0.8449567668354283
0.8449567668354283
0.8449567668354283
0.8480431865885147
0.8480431865885147
0.8480431865885147
0.8480431865885147
0.8480431865885147
0.8480431865885147
0.8480431865885147
0.8480431865885147
0.8480431865885147
0.8480431865885147
0.8480431865885147
0.8480431865885147
0.8480431865885147
0.8480431865885147
0.8480431865885147
0.8480431865885147
0.8480431865885147
0.8570016713534511
0.8588231649782234
0.8588231649782234
0.8588231649782234
0.8588231649782234
0.8588231649782234
0.8588231649782234
0.8588231649782234
0.8588231649782234
0.8588231649782234
0.8588231649782234
0.8588231649782234
0.8588231649782234
0.8588231649782234
0.8588231649782234
0.8588231649782234
0.8588231649782234
0.8621901683452268
0.8621901683452268
0.8621901683452268
0.8621901683452268
0.8621901683452268
0.8621901683452268
0.8621901683452268
0.8621901683452268
0.8621901683452268
0.8621901683452268
0.8621901683452268
0.8621901683452268
0.8621901683452268
0.8621901683452268
0.8621901683452268
0.8621901683452268
0.8621901683452268
0.8621901683452268
0.8621901683452268
0.8621901683452268
0.8621901683452268
0.8621901683452268
0.864011661969999
0.864011661969999
0.864011661969999
0.864011661969999
0.864011661969999
0.864011661969999
0.864011661969999
0.864011661969999
0.864011661969999
0.864011661969999
0.864011661969999
0.864011661969999
0.8708017854267891
0.8708017854267891
0.8708017854267891
0.8708017854267891
0.8708017854267891
0.8708017854267891
0.8708017854267891
0.8728219874469912
0.8728219874469912
0.8728219874469912
0.8728219874469912
0.8728219874469912
0.8728219874469912
0.8728219874469912
0.8728219874469912
0.8728219874469912
0.8728219874469912
0.8728219874469912
0.8728219874469912
0.8728219874469912
0.8728219874469912
0.8728219874469912
0.8728219874469912
0.8728219874469912
0.8728219874469912
0.8728219874469912
0.8728219874469912
0.8728219874469912
0.8728219874469912
0.8728219874469912
0.8728219874469912
0.8728219874469912
0.8728219874469912
0.8728219874469912
0.8728219874469912
0.8728219874469912
0.8728219874469912
0.8728219874469912
0.8728219874469912
0.8728219874469912
0.8728219874469912
0.8728219874469912
0.8728219874469912
0.8728219874469912
0.8728219874469912
0.8728219874469912
0.8728219874469912
0.8728219874469912
0.8728219874469912
0.8728219874469912
0.8728219874469912
0.8728219874469912
0.8728219874469912
0.8728219874469912
0.8728219874469912
0.8728219874469912
0.8728219874469912
0.8728219874469912
0.8728219874469912
0.8728219874469912
0.8728219874469912
0.8728219874469912
0.8728219874469912
0.8728219874469912
0.875670990295994
0.875670990295994
0.875670990295994
0.875670990295994
0.875670990295994
0.875670990295994
0.875670990295994
0.875670990295994
0.875670990295994
0.875670990295994
0.875670990295994
0.875670990295994
0.875670990295994
0.875670990295994
0.875670990295994
0.875670990295994
0.875670990295994
0.875670990295994
0.875670990295994
0.875670990295994
0.875670990295994
0.8790379936629975
0.8790379936629975
0.8790379936629975
0.8790379936629975
0.8790379936629975
0.8790379936629975
0.8790379936629975
0.8790379936629975
0.8790379936629975
0.8790379936629975
0.8790379936629975
0.8790379936629975
0.8790379936629975
0.8790379936629975
0.8790379936629975
0.8790379936629975
0.8790379936629975
0.8967972859320936
0.8967972859320936
0.8967972859320936
0.8967972859320936
0.8967972859320936
0.8967972859320936
0.8967972859320936
0.8967972859320936
0.8967972859320936
0.8967972859320936
0.8967972859320936
0.8967972859320936
0.8967972859320936
0.8967972859320936
0.8967972859320936
0.8967972859320936
0.8967972859320936
0.8967972859320936
0.8967972859320936
0.8967972859320936
0.8967972859320936
0.8967972859320936
0.8967972859320936
0.8967972859320936
0.8967972859320936
0.8967972859320936
0.8967972859320936
0.8967972859320936
0.8967972859320936
0.8967972859320936
0.8967972859320936
0.8967972859320936
0.8967972859320936
0.8967972859320936
0.8967972859320936
0.8967972859320936
0.8967972859320936
0.8967972859320936
0.8967972859320936
0.8967972859320936
0.8967972859320936
0.8967972859320936
0.8967972859320936
0.8967972859320936
0.8967972859320936
0.8967972859320936
0.8967972859320936
0.8967972859320936
0.8967972859320936
0.8967972859320936
0.8967972859320936
0.9058622949971027
0.9058622949971027
0.9058622949971027
0.9058622949971027
0.9058622949971027
0.9058622949971027
0.9058622949971027
0.9058622949971027
0.9058622949971027
0.9058622949971027
0.9058622949971027
0.9058622949971027
0.9058622949971027
0.9058622949971027
0.9058622949971027
0.9058622949971027
0.9058622949971027
0.9091302688533118
0.9091302688533118
0.9091302688533118
0.9091302688533118
0.9091302688533118
0.9091302688533118
0.9091302688533118
0.9091302688533118
0.9111504708735141
0.9111504708735141
0.9111504708735141
0.9111504708735141
0.9111504708735141
0.9111504708735141
0.9111504708735141
0.9111504708735141
0.9111504708735141
0.9111504708735141
0.9111504708735141
0.9111504708735141
0.9111504708735141
0.9111504708735141
0.9111504708735141
0.9111504708735141
0.9111504708735141
0.9111504708735141
0.9111504708735141
0.9111504708735141
0.9111504708735141
0.9111504708735141
0.9111504708735141
0.9111504708735141
0.9111504708735141
0.9111504708735141
0.917267447578726
0.917267447578726
0.917267447578726
0.917267447578726
0.917267447578726
0.917267447578726
0.917267447578726
0.917267447578726
0.917267447578726
0.917267447578726
0.917267447578726
0.917267447578726
0.917267447578726
0.917267447578726
0.917267447578726
0.917267447578726
0.917267447578726
0.9229913533026317
0.9229913533026317
0.9229913533026317
0.9229913533026317
0.9229913533026317
0.9229913533026317
0.9229913533026317
0.9229913533026317
0.9229913533026317
0.9229913533026317
0.9229913533026317
0.9229913533026317
0.9229913533026317
0.9229913533026317
0.9229913533026317
0.9229913533026317
0.9229913533026317
0.9229913533026317
0.9229913533026317
0.9229913533026317
0.9229913533026317
0.9229913533026317
0.9229913533026317
0.9229913533026317
0.9229913533026317
0.9229913533026317
0.9229913533026317
0.9229913533026317
0.9229913533026317
0.9229913533026317
0.9229913533026317
0.9229913533026317
0.9229913533026317
0.9229913533026317
0.9291008352185651
0.9291008352185651
0.9291008352185651
0.9291008352185651
0.9291008352185651
0.9291008352185651
0.9291008352185651
0.9291008352185651
0.9291008352185651
0.9291008352185651
0.9291008352185651
0.9291008352185651
0.9291008352185651
0.9291008352185651
0.9291008352185651
0.9291008352185651
0.9291008352185651
0.9339700400877702
0.9376130273373148
0.9376130273373148
0.9376130273373148
0.9376130273373148
0.9376130273373148
0.9376130273373148
0.9376130273373148
0.9376130273373148
0.9376130273373148
0.9376130273373148
0.9376130273373148
0.9376130273373148
0.9376130273373148
0.9376130273373148
0.9376130273373148
0.9376130273373148
0.9376130273373148
0.9376130273373148
0.9376130273373148
0.9376130273373148
0.9376130273373148
0.9376130273373148
0.9376130273373148
0.9376130273373148
0.9376130273373148
0.9376130273373148
0.9376130273373148
0.9376130273373148
0.9376130273373148
0.9376130273373148
0.9376130273373148
0.9376130273373148
0.9376130273373148
0.9413167310410184
0.9413167310410184
0.9413167310410184
0.9413167310410184
0.9413167310410184
0.9433369330612204
0.9433369330612204
0.9433369330612204
0.9433369330612204
0.9433369330612204
0.9433369330612204
0.9433369330612204
0.9433369330612204
0.9433369330612204
0.9433369330612204
0.9433369330612204
0.9433369330612204
0.9433369330612204
0.9433369330612204
0.9433369330612204
0.9433369330612204
0.9433369330612204
0.9433369330612204
0.9433369330612204
0.9433369330612204
0.9433369330612204
0.9433369330612204
0.9433369330612204
0.9433369330612204
0.9433369330612204
0.9433369330612204
0.9433369330612204
0.9433369330612204
0.9433369330612204
0.9467039364282238
0.9467039364282238
0.9467039364282238
0.9467039364282238
0.9467039364282238
0.9467039364282238
0.9467039364282238
0.9467039364282238
0.9467039364282238
0.9500709397952272
0.9500709397952272
0.9500709397952272
0.9500709397952272
0.9500709397952272
0.9500709397952272
0.9500709397952272
0.9500709397952272
0.9500709397952272
0.9500709397952272
0.9500709397952272
0.9500709397952272
0.9500709397952272
0.9500709397952272
0.9500709397952272
0.9500709397952272
0.9500709397952272
0.9500709397952272
0.9500709397952272
0.9551214448457324
0.9551214448457324
0.9551214448457324
0.9551214448457324
0.9551214448457324
0.9551214448457324
0.9619736480926223
0.9619736480926223
0.9619736480926223
0.9619736480926223
0.9619736480926223
0.9619736480926223
0.9619736480926223
0.9619736480926223
0.9619736480926223
0.9619736480926223
0.9619736480926223
0.9619736480926223
0.9619736480926223
0.9619736480926223
0.9619736480926223
0.9619736480926223
0.9619736480926223
0.9644989006178749
0.9644989006178749
0.9644989006178749
0.9644989006178749
0.9644989006178749
0.9644989006178749
0.9644989006178749
0.9644989006178749
0.9644989006178749
0.9644989006178749
0.9644989006178749
0.9644989006178749
0.9644989006178749
0.9644989006178749
0.9644989006178749
0.9644989006178749
0.9644989006178749
0.9644989006178749
0.9644989006178749
0.9644989006178749
0.9644989006178749
0.9644989006178749
0.9644989006178749
0.9644989006178749
0.9644989006178749
0.9644989006178749
0.9644989006178749
0.9644989006178749
0.9644989006178749
0.9644989006178749
0.9644989006178749
0.9644989006178749
0.9644989006178749
0.9644989006178749
0.9682026043215787
0.9682026043215787
0.9682026043215787
0.9682026043215787
0.9682026043215787
0.9682026043215787
0.9682026043215787
0.9682026043215787
0.9682026043215787
0.9682026043215787
0.9682026043215787
0.9682026043215787
0.9682026043215787
0.9682026043215787
0.9682026043215787
0.9682026043215787
0.9682026043215787
0.975628529357234
0.975628529357234
0.975628529357234
0.975628529357234
0.975628529357234
0.975628529357234
0.975628529357234
0.975628529357234
0.975628529357234
0.975628529357234
0.975628529357234
0.975628529357234
0.975628529357234
0.975628529357234
0.975628529357234
0.975628529357234
0.975628529357234
0.975628529357234
0.975628529357234
0.975628529357234
0.975628529357234
0.975628529357234
0.975628529357234
0.975628529357234
0.975628529357234
0.975628529357234
0.975628529357234
0.975628529357234
0.975628529357234
0.975628529357234
0.975628529357234
0.975628529357234
0.975628529357234
0.975628529357234
0.975628529357234
0.975628529357234
0.975628529357234
0.975628529357234
0.975628529357234
0.975628529357234
0.975628529357234
0.975628529357234
0.975628529357234
0.975628529357234
0.975628529357234
0.975628529357234
0.975628529357234
0.975628529357234
0.975628529357234
0.975628529357234
0.975628529357234
0.9787149491103203
0.9787149491103203
0.9787149491103203
0.9787149491103203
0.9787149491103203
0.9787149491103203
0.9787149491103203
0.9787149491103203
0.9787149491103203
0.9787149491103203
0.9787149491103203
0.9787149491103203
0.9787149491103203
0.9787149491103203
0.9787149491103203
0.9787149491103203
0.9787149491103203
0.9787149491103203
0.9787149491103203
0.9787149491103203
0.9787149491103203
0.9787149491103203
0.9787149491103203
0.9787149491103203
0.9787149491103203
0.9787149491103203
0.9787149491103203
0.9807351511305225
0.9807351511305225
0.9807351511305225
0.9807351511305225
0.9807351511305225
0.9807351511305225
0.9807351511305225
0.9807351511305225
0.9807351511305225
0.9807351511305225
0.9807351511305225
0.9807351511305225
0.9807351511305225
0.9807351511305225
0.9807351511305225
0.9807351511305225
0.9807351511305225
0.9807351511305225
0.9807351511305225
0.9807351511305225
0.9807351511305225
0.9807351511305225
0.9807351511305225
0.9807351511305225
0.9807351511305225
0.9807351511305225
0.9807351511305225
0.9807351511305225
0.9807351511305225
0.9807351511305225
0.9807351511305225
0.9807351511305225
0.9807351511305225
0.9807351511305225
0.9807351511305225
0.9807351511305225
0.9807351511305225
0.9807351511305225
0.9835841539795253
0.9835841539795253
0.9835841539795253
0.9835841539795253
0.9835841539795253
0.9835841539795253
0.9835841539795253
0.9835841539795253
0.9835841539795253
0.9835841539795253
0.9835841539795253
0.9835841539795253
0.9835841539795253
0.9835841539795253
0.9835841539795253
0.9835841539795253
0.9835841539795253
0.9835841539795253
0.9835841539795253
0.9835841539795253
0.9835841539795253
0.9835841539795253
0.9835841539795253
0.9835841539795253
0.9835841539795253
0.9835841539795253
0.9835841539795253
0.9835841539795253
0.9835841539795253
0.9835841539795253
0.9835841539795253
0.9835841539795253
0.9835841539795253
0.9835841539795253
0.9835841539795253
0.9835841539795253
0.9835841539795253
0.9835841539795253
0.9854056476042976
0.9854056476042976
0.9854056476042976
0.9854056476042976
0.9854056476042976
0.9854056476042976
0.9854056476042976
0.9854056476042976
0.9854056476042976
0.9854056476042976
0.9854056476042976
0.9854056476042976
0.9854056476042976
0.9854056476042976
0.9854056476042976
0.9854056476042976
0.9854056476042976
0.9854056476042976
0.9854056476042976
0.9854056476042976
0.9854056476042976
0.9854056476042976
0.9854056476042976
0.9854056476042976
0.9854056476042976
0.9854056476042976
0.9854056476042976
0.9854056476042976
0.9854056476042976
0.9854056476042976
0.9854056476042976
0.9854056476042976
0.9854056476042976
0.9854056476042976
0.9854056476042976
0.9854056476042976
0.9854056476042976
0.9854056476042976
0.9854056476042976
0.9854056476042976
0.9854056476042976
0.9854056476042976
0.9854056476042976
0.9854056476042976
0.9854056476042976
0.9854056476042976
0.9854056476042976
0.9854056476042976
0.9854056476042976
0.9854056476042976
0.9854056476042976
0.9854056476042976
0.9854056476042976
0.9854056476042976
0.9854056476042976
0.9854056476042976
0.9854056476042976
0.9854056476042976
0.9854056476042976
0.9854056476042976
0.9854056476042976
0.9854056476042976
0.9854056476042976
0.9854056476042976
0.9854056476042976
0.9854056476042976
0.9854056476042976
0.9854056476042976
0.9854056476042976
0.9854056476042976
0.9854056476042976
0.9854056476042976
0.9854056476042976
0.9854056476042976
0.9854056476042976
0.9854056476042976
0.9886736214605067
0.9886736214605067
0.9886736214605067
0.9886736214605067
0.9886736214605067
0.9886736214605067
0.9886736214605067
0.9886736214605067
0.9906938234807087
0.9906938234807087
0.9906938234807087
0.9906938234807087
0.9906938234807087
0.9906938234807087
0.9906938234807087
0.9906938234807087
0.9906938234807087
0.9906938234807087
0.9906938234807087
0.9906938234807087
0.9906938234807087
0.9906938234807087
0.9906938234807087
0.9906938234807087
0.9906938234807087
0.9906938234807087
0.9906938234807087
0.9906938234807087
0.9906938234807087
0.9906938234807087
0.9906938234807087
0.9906938234807087
0.9906938234807087
0.9906938234807087
0.9906938234807087
0.9906938234807087
0.9906938234807087
0.9906938234807087
0.9906938234807087
0.9906938234807087
0.9906938234807087
0.9906938234807087
0.9906938234807087
0.9906938234807087
0.9906938234807087
0.9906938234807087
0.9906938234807087
0.9906938234807087
0.9906938234807087
0.9906938234807087
0.9906938234807087
0.9906938234807087
0.9906938234807087
0.9906938234807087
0.9906938234807087
0.9906938234807087
0.9906938234807087
0.9906938234807087
0.9906938234807087
0.9906938234807087
0.9906938234807087
0.9906938234807087
0.9906938234807087
0.9906938234807087
0.9906938234807087
0.9906938234807087
0.9906938234807087
0.9906938234807087
0.9906938234807087
0.9906938234807087
0.9906938234807087
0.9906938234807087
0.9906938234807087
0.9906938234807087
0.9906938234807087
0.9906938234807087
0.9906938234807087
0.9906938234807087
0.9906938234807087
0.9906938234807087
0.9906938234807087
0.9906938234807087
0.9906938234807087
0.9906938234807087
0.9906938234807087
0.9906938234807087
0.9906938234807087
0.9906938234807087
0.9906938234807087
0.9906938234807087
0.9906938234807087
0.9906938234807087
0.9906938234807087
0.9906938234807087
0.9906938234807087
0.9906938234807087
0.9906938234807087
0.9906938234807087
0.9906938234807087
0.9906938234807087
0.9906938234807087
0.9906938234807087
0.9906938234807087
0.9906938234807087
0.9906938234807087
0.9906938234807087
0.9906938234807087
0.9906938234807087
0.9906938234807087
0.9906938234807087
0.9906938234807087
0.9906938234807087
0.9906938234807087
0.9906938234807087
0.9906938234807087
0.9906938234807087
0.9906938234807087
0.9906938234807087
0.9906938234807087
0.9906938234807087
0.9906938234807087
0.9906938234807087
0.9906938234807087
0.9906938234807087
0.9906938234807087
0.9906938234807087
0.9906938234807087
0.9906938234807087
0.9906938234807087
0.9906938234807087
0.9906938234807087
0.9906938234807087
0.9906938234807087
0.9906938234807087
0.9906938234807087
0.9906938234807087
0.9906938234807087
0.9906938234807087
0.9906938234807087
0.9906938234807087
0.9906938234807087
0.9906938234807087
0.9906938234807087
0.9906938234807087
0.9906938234807087
0.9906938234807087
0.9906938234807087
0.9906938234807087
0.9906938234807087
0.9906938234807087
0.9906938234807087
0.9906938234807087
0.9906938234807087
0.9906938234807087
0.9906938234807087
0.9906938234807087
0.9906938234807087
0.9906938234807087
0.9906938234807087
0.9906938234807087
0.9906938234807087
0.9906938234807087
0.9906938234807087
0.9906938234807087
0.9906938234807087
0.9906938234807087
0.9906938234807087
0.9906938234807087
0.9906938234807087
0.9906938234807087
0.9906938234807087
0.9906938234807087
0.9906938234807087
0.9906938234807087
0.9906938234807087
0.9906938234807087
0.9906938234807087
0.9906938234807087
0.9906938234807087
0.9906938234807087
0.9906938234807087
0.9906938234807087
0.9906938234807087
0.9906938234807087
0.9906938234807087
0.9906938234807087
0.9906938234807087
0.9906938234807087
0.9906938234807087
0.9906938234807087
0.9906938234807087
0.9906938234807087
0.9906938234807087
0.9906938234807087
0.9906938234807087
0.9906938234807087
0.9906938234807087
0.9906938234807087
0.9906938234807087
0.9906938234807087
0.9906938234807087
0.9906938234807087
0.9906938234807087
0.9906938234807087
0.9906938234807087
0.9906938234807087
0.9906938234807087
0.9906938234807087
0.9906938234807087
0.9906938234807087
0.9906938234807087
0.9906938234807087
0.9906938234807087
0.9906938234807087
0.9906938234807087
0.9906938234807087
0.9906938234807087
0.9906938234807087
0.9906938234807087
0.9906938234807087
0.9906938234807087
0.9906938234807087
0.9906938234807087
0.9906938234807087
0.9906938234807087
0.9906938234807087
0.9906938234807087
0.9906938234807087
0.9906938234807087
0.9906938234807087
0.9906938234807087
0.9906938234807087
0.9906938234807087
0.9906938234807087
0.9906938234807087
0.9906938234807087
0.9906938234807087
0.9906938234807087
0.9906938234807087
0.9906938234807087
0.9906938234807087
0.9906938234807087
0.9906938234807087
0.9906938234807087
0.9906938234807087
0.9906938234807087
0.9906938234807087
0.9906938234807087
0.9906938234807087
0.9906938234807087
0.9906938234807087
0.9906938234807087
0.9906938234807087
0.9906938234807087
0.9906938234807087
0.9906938234807087
0.9906938234807087
0.9906938234807087
0.9906938234807087
0.9906938234807087
0.9906938234807087
0.9906938234807087
0.9906938234807087
0.9906938234807087
0.9906938234807087
0.9906938234807087
0.9906938234807087
0.9906938234807087
0.9906938234807087
0.9906938234807087
0.9906938234807087
0.9906938234807087
0.9906938234807087
0.9906938234807087
0.9906938234807087
0.9906938234807087
0.9906938234807087
0.9906938234807087
0.9906938234807087
0.9906938234807087
0.9906938234807087
0.9906938234807087
0.9906938234807087
0.9906938234807087
0.9906938234807087
0.9906938234807087
0.9906938234807087
0.9906938234807087
0.9906938234807087
0.9906938234807087
0.9906938234807087
0.9906938234807087
0.9906938234807087
0.9906938234807087
0.9906938234807087
0.9906938234807087
0.9906938234807087
0.9906938234807087
0.9906938234807087
0.9906938234807087
0.9906938234807087
0.9906938234807087
0.9906938234807087
0.9906938234807087
0.9906938234807087
0.9906938234807087
0.9906938234807087
0.9906938234807087
0.9906938234807087
0.9906938234807087
0.9906938234807087
0.9906938234807087
0.9906938234807087
0.9906938234807087
0.9906938234807087
0.9906938234807087
0.9906938234807087
0.9906938234807087
0.9906938234807087
0.9906938234807087
0.9906938234807087
0.9906938234807087
0.9906938234807087
0.9906938234807087
0.9906938234807087
0.9906938234807087
0.9906938234807087
0.9906938234807087
0.9906938234807087
0.9906938234807087
0.9906938234807087
0.9906938234807087
0.9906938234807087
0.9906938234807087
0.9906938234807087
0.9906938234807087
0.9906938234807087
0.9906938234807087
0.9906938234807087
0.9906938234807087
0.9906938234807087
0.9906938234807087
0.9906938234807087
0.9906938234807087
0.9906938234807087
0.9906938234807087
0.9906938234807087
0.9906938234807087
0.9906938234807087
0.9906938234807087
0.9906938234807087
0.9906938234807087
0.9906938234807087
0.9906938234807087
0.9906938234807087
0.9906938234807087
0.9906938234807087
0.9906938234807087
0.9906938234807087
0.9906938234807087
0.9906938234807087
0.9906938234807087
0.9906938234807087
0.9906938234807087
0.9906938234807087
0.9906938234807087
0.9906938234807087
0.9906938234807087
0.9906938234807087
0.9906938234807087
0.9906938234807087
0.9906938234807087
0.9906938234807087
0.9906938234807087
0.9906938234807087
0.9906938234807087
0.9906938234807087
0.9906938234807087
0.9906938234807087
0.9906938234807087
0.9906938234807087
0.9906938234807087
0.9906938234807087
0.9906938234807087
0.9906938234807087
0.9906938234807087
0.9906938234807087
0.9906938234807087
0.9906938234807087
0.9906938234807087
0.9906938234807087
0.9906938234807087
0.9906938234807087
0.9906938234807087
0.9906938234807087
0.9906938234807087
0.9906938234807087
0.9906938234807087
0.9906938234807087
0.9906938234807087
0.9906938234807087
0.9906938234807087
0.9906938234807087
0.9906938234807087
0.9906938234807087
0.9906938234807087
0.9906938234807087
0.9906938234807087
0.9906938234807087
0.9906938234807087
0.9906938234807087
0.9906938234807087
0.9906938234807087
0.9906938234807087
0.9906938234807087
0.9906938234807087
0.9906938234807087
0.9906938234807087
0.9906938234807087
0.9906938234807087
0.9906938234807087
0.9906938234807087
0.9906938234807087
0.9906938234807087
0.9906938234807087
0.9906938234807087
0.9906938234807087
0.9906938234807087
0.9906938234807087
0.9906938234807087
0.9906938234807087
0.9906938234807087
0.9906938234807087
0.9906938234807087
0.9906938234807087
0.9906938234807087
0.9906938234807087
0.9906938234807087
0.9906938234807087
0.9906938234807087
0.9906938234807087
0.9906938234807087
0.9906938234807087
0.9906938234807087
0.9906938234807087
0.9906938234807087
0.9906938234807087
0.9906938234807087
0.9906938234807087
0.9906938234807087
0.992515317105481
0.992515317105481
0.992515317105481
0.992515317105481
0.992515317105481
0.992515317105481
0.992515317105481
0.992515317105481
0.992515317105481
0.992515317105481
0.992515317105481
0.992515317105481
0.992515317105481
0.992515317105481
0.992515317105481
0.992515317105481
0.992515317105481
0.992515317105481
0.992515317105481
0.992515317105481
0.992515317105481
0.992515317105481
0.992515317105481
0.992515317105481
0.992515317105481
0.992515317105481
0.992515317105481
0.992515317105481
0.992515317105481
0.992515317105481
0.992515317105481
0.992515317105481
0.992515317105481
0.992515317105481
0.992515317105481
0.992515317105481
0.992515317105481
0.992515317105481
0.992515317105481
0.992515317105481
0.992515317105481
0.992515317105481
0.992515317105481
0.992515317105481
0.992515317105481
0.992515317105481
0.992515317105481
0.992515317105481
0.992515317105481
0.992515317105481
0.992515317105481
0.992515317105481
0.992515317105481
0.992515317105481
0.992515317105481
0.992515317105481
0.992515317105481
0.992515317105481
0.992515317105481
0.992515317105481
0.992515317105481
0.992515317105481
0.992515317105481
0.992515317105481
0.992515317105481
0.992515317105481
0.992515317105481
0.992515317105481
0.992515317105481
0.992515317105481
0.992515317105481
0.992515317105481
0.992515317105481
0.992515317105481
0.992515317105481
0.992515317105481
0.992515317105481
0.992515317105481
0.992515317105481
0.992515317105481
0.992515317105481
0.992515317105481
0.992515317105481
0.992515317105481
0.992515317105481
0.992515317105481
0.992515317105481
0.992515317105481
0.992515317105481
0.992515317105481
0.992515317105481
0.992515317105481
0.992515317105481
0.992515317105481
0.992515317105481
0.992515317105481
0.992515317105481
0.992515317105481
0.992515317105481
0.992515317105481
0.992515317105481
0.992515317105481
0.992515317105481
0.992515317105481
0.992515317105481
0.992515317105481
0.992515317105481
0.992515317105481
0.992515317105481
0.992515317105481
0.992515317105481
0.992515317105481
0.992515317105481
0.992515317105481
0.992515317105481
0.992515317105481
0.992515317105481
0.992515317105481
0.992515317105481
0.992515317105481
0.992515317105481
0.992515317105481
0.992515317105481
0.992515317105481
0.992515317105481
0.992515317105481
0.992515317105481
0.992515317105481
0.992515317105481
0.992515317105481
0.992515317105481
0.992515317105481
0.992515317105481
0.992515317105481
0.992515317105481
0.992515317105481
0.992515317105481
0.992515317105481
0.992515317105481
0.992515317105481
0.992515317105481
0.992515317105481
0.992515317105481
0.992515317105481
0.992515317105481
0.992515317105481
0.992515317105481
0.992515317105481
0.992515317105481
0.992515317105481
0.992515317105481
0.992515317105481
0.992515317105481
0.992515317105481
0.992515317105481
0.992515317105481
0.992515317105481
0.992515317105481
0.992515317105481
0.992515317105481
0.992515317105481
0.992515317105481
0.992515317105481
0.992515317105481
0.992515317105481
0.992515317105481
0.992515317105481
0.992515317105481
0.992515317105481
0.992515317105481
0.992515317105481
0.992515317105481
0.992515317105481
0.992515317105481
0.992515317105481
0.992515317105481
0.992515317105481
0.992515317105481
0.992515317105481
0.992515317105481
0.992515317105481
0.992515317105481
0.992515317105481
0.992515317105481
0.992515317105481
0.992515317105481
0.992515317105481
0.992515317105481
0.992515317105481
0.992515317105481
0.992515317105481
0.992515317105481
0.992515317105481
0.992515317105481
0.992515317105481
0.992515317105481
0.992515317105481
0.992515317105481
0.992515317105481
0.992515317105481
0.992515317105481
0.992515317105481
0.992515317105481
0.992515317105481
0.992515317105481
0.992515317105481
0.992515317105481
0.992515317105481
0.992515317105481
0.992515317105481
0.992515317105481
0.992515317105481
0.992515317105481
0.992515317105481
0.992515317105481
0.992515317105481
0.992515317105481
0.992515317105481
0.992515317105481
0.992515317105481
0.992515317105481
0.992515317105481
0.992515317105481
0.992515317105481
0.992515317105481
0.992515317105481
0.992515317105481
0.992515317105481
0.992515317105481
0.992515317105481
0.992515317105481
0.992515317105481
0.992515317105481
0.992515317105481
0.992515317105481
0.992515317105481
0.992515317105481
0.992515317105481
0.992515317105481
0.992515317105481
0.992515317105481
0.992515317105481
0.992515317105481
0.992515317105481
0.992515317105481
0.992515317105481
0.992515317105481
0.992515317105481
0.992515317105481
0.992515317105481
0.992515317105481
0.992515317105481
0.992515317105481
0.992515317105481
0.992515317105481
0.992515317105481
0.992515317105481
0.992515317105481
0.992515317105481
0.992515317105481
0.992515317105481
0.992515317105481
0.992515317105481
0.992515317105481
0.992515317105481
0.992515317105481
0.992515317105481
0.992515317105481
0.992515317105481
0.992515317105481
0.992515317105481
0.992515317105481
0.992515317105481
0.992515317105481
0.992515317105481
0.992515317105481
0.992515317105481
0.992515317105481
0.992515317105481
0.992515317105481
0.992515317105481
0.992515317105481
0.992515317105481
0.992515317105481
0.992515317105481
0.992515317105481
0.992515317105481
0.992515317105481
0.992515317105481
0.992515317105481
0.992515317105481
0.992515317105481
0.992515317105481
0.992515317105481
0.992515317105481
0.992515317105481
0.992515317105481
0.992515317105481
0.992515317105481
0.992515317105481
0.992515317105481
0.992515317105481
0.992515317105481
0.992515317105481
0.992515317105481
0.992515317105481
0.992515317105481
0.992515317105481
0.992515317105481
0.992515317105481
0.992515317105481
0.992515317105481
0.992515317105481
0.992515317105481
0.992515317105481
0.992515317105481
0.992515317105481
0.992515317105481
0.992515317105481
0.992515317105481
0.992515317105481
0.992515317105481
0.992515317105481
0.992515317105481
0.992515317105481
0.992515317105481
0.992515317105481
0.992515317105481
0.992515317105481
0.992515317105481
0.992515317105481
0.992515317105481
0.992515317105481
0.992515317105481
0.992515317105481
0.992515317105481
0.992515317105481
0.992515317105481
0.992515317105481
0.992515317105481
0.992515317105481
0.992515317105481
0.992515317105481
0.992515317105481
0.992515317105481
0.992515317105481
0.992515317105481
0.992515317105481
0.9943368107302533
0.9943368107302533
0.9943368107302533
0.9943368107302533
0.9943368107302533
0.9943368107302533
0.9943368107302533
0.9943368107302533
0.9943368107302533
0.9943368107302533
0.9943368107302533
0.9943368107302533
0.9943368107302533
0.9943368107302533
0.9943368107302533
0.9943368107302533
0.9943368107302533
0.9943368107302533
0.9943368107302533
0.9943368107302533
0.9943368107302533
0.9943368107302533
0.9943368107302533
0.9943368107302533
0.9943368107302533
0.9943368107302533
0.9943368107302533
0.9943368107302533
0.9943368107302533
0.9943368107302533
0.9943368107302533
0.9943368107302533
0.9943368107302533
0.9943368107302533
0.9943368107302533
0.9943368107302533
0.9943368107302533
0.9943368107302533
0.9943368107302533
0.9943368107302533
0.9943368107302533
0.9943368107302533
0.9943368107302533
0.9943368107302533
0.9943368107302533
0.9943368107302533
0.9943368107302533
0.9943368107302533
0.9943368107302533
0.9943368107302533
0.9943368107302533
0.9943368107302533
0.9943368107302533
0.9943368107302533
0.9943368107302533
0.9943368107302533
0.9943368107302533
0.9943368107302533
0.9943368107302533
0.9943368107302533
0.9943368107302533
0.9943368107302533
0.9943368107302533
0.9943368107302533
0.9943368107302533
0.9943368107302533
0.9943368107302533
0.9943368107302533
0.9943368107302533
0.9943368107302533
0.9943368107302533
0.9943368107302533
0.9943368107302533
0.9943368107302533
0.9943368107302533
0.9943368107302533
0.9943368107302533
0.9943368107302533
0.9943368107302533
0.9943368107302533
0.9943368107302533
0.9943368107302533
0.9943368107302533
0.9943368107302533
0.9943368107302533
0.9943368107302533
0.9943368107302533
0.9943368107302533
0.9943368107302533
0.9943368107302533
0.9943368107302533
0.9943368107302533
0.9943368107302533
0.9943368107302533
0.9943368107302533
0.9943368107302533
0.9943368107302533
0.9943368107302533
0.9943368107302533
0.9943368107302533
0.9943368107302533
0.9943368107302533
0.9943368107302533
0.9943368107302533
0.9943368107302533
0.9943368107302533
0.9943368107302533
0.9943368107302533
0.9943368107302533
0.9943368107302533
0.9943368107302533
0.9943368107302533
0.9943368107302533
0.9943368107302533
0.9943368107302533
0.9943368107302533
0.9943368107302533
0.9943368107302533
0.9943368107302533
0.9943368107302533
0.9943368107302533
0.9943368107302533
0.9943368107302533
0.9943368107302533
0.9943368107302533
0.9943368107302533
0.9943368107302533
0.9943368107302533
0.9943368107302533
0.9943368107302533
0.9943368107302533
0.9943368107302533
0.9943368107302533
0.9943368107302533
0.9943368107302533
0.9943368107302533
0.9943368107302533
0.9943368107302533
0.9943368107302533
0.9943368107302533
0.9943368107302533
0.9943368107302533
0.9943368107302533
0.9943368107302533
0.9943368107302533
0.9943368107302533
0.9943368107302533
0.9943368107302533
0.9943368107302533
0.9943368107302533
0.9943368107302533
0.9943368107302533
0.9943368107302533
0.9943368107302533
0.9943368107302533
0.9943368107302533
0.9943368107302533
0.9943368107302533
0.9943368107302533
0.9943368107302533
0.9943368107302533
0.9943368107302533
0.9943368107302533
0.9943368107302533
0.9943368107302533
0.9943368107302533
0.9943368107302533
0.9943368107302533
0.9943368107302533
0.9943368107302533
0.9943368107302533
0.9943368107302533
0.9943368107302533
0.9943368107302533
0.9943368107302533
0.9943368107302533
0.9943368107302533
0.9943368107302533
0.9943368107302533
0.9943368107302533
0.9943368107302533
0.9943368107302533
0.9943368107302533
0.9943368107302533
0.9943368107302533
0.9943368107302533
0.9943368107302533
0.9943368107302533
0.9943368107302533
0.9943368107302533
0.9943368107302533
0.9943368107302533
0.9943368107302533
0.9943368107302533
0.9943368107302533
0.9943368107302533
0.9943368107302533
0.9943368107302533
0.9943368107302533
0.9943368107302533
0.9943368107302533
0.9943368107302533
0.9943368107302533
0.9943368107302533
0.9943368107302533
0.9943368107302533
0.9943368107302533
0.9943368107302533
0.9943368107302533
0.9943368107302533
0.9943368107302533
0.9943368107302533
0.9943368107302533
0.9943368107302533
0.9943368107302533
0.9943368107302533
0.9943368107302533
0.9943368107302533
0.9943368107302533
0.9943368107302533
0.9943368107302533
0.9943368107302533
0.9943368107302533
0.9943368107302533
0.9943368107302533
0.9943368107302533
0.9943368107302533
0.9943368107302533
0.9943368107302533
0.9943368107302533
0.9943368107302533
0.9943368107302533
0.9943368107302533
0.9943368107302533
0.9943368107302533
0.9943368107302533
0.9943368107302533
0.9943368107302533
0.9943368107302533
0.9943368107302533
0.9943368107302533
0.9943368107302533
0.9943368107302533
0.9943368107302533
0.9943368107302533
0.9943368107302533
0.9943368107302533
0.9943368107302533
0.9943368107302533
0.9943368107302533
0.9943368107302533
0.9943368107302533
0.9943368107302533
0.9943368107302533
0.9943368107302533
0.9943368107302533
0.9943368107302533
0.9943368107302533
0.9943368107302533
0.9943368107302533
0.9943368107302533
0.9943368107302533
0.9943368107302533
0.9943368107302533
0.9943368107302533
0.9943368107302533
0.9943368107302533
0.9943368107302533
0.9943368107302533
0.9943368107302533
0.9943368107302533
0.9943368107302533
0.9943368107302533
0.9943368107302533
0.9943368107302533
0.9943368107302533
0.9943368107302533
0.9943368107302533
0.9943368107302533
0.9943368107302533
0.9943368107302533
0.9943368107302533
0.9943368107302533
0.9943368107302533
0.9943368107302533
0.9943368107302533
0.9943368107302533
0.9943368107302533
0.9943368107302533
0.9943368107302533
0.9943368107302533
0.9943368107302533
0.9943368107302533
0.9943368107302533
0.9943368107302533
0.9943368107302533
0.9943368107302533
0.9943368107302533
0.9943368107302533
0.9943368107302533
0.9943368107302533
0.9943368107302533
0.9943368107302533
0.9943368107302533
0.9943368107302533
0.9943368107302533
0.9943368107302533
0.9943368107302533
0.9943368107302533
0.9943368107302533
0.9943368107302533
0.9943368107302533
0.9943368107302533
0.9943368107302533
0.9943368107302533
0.9943368107302533
0.9943368107302533
0.9943368107302533
0.9943368107302533
0.9943368107302533
0.9943368107302533
0.9943368107302533
0.9943368107302533
0.9943368107302533
0.9943368107302533
0.9943368107302533
0.9943368107302533
0.9943368107302533
0.9943368107302533
0.9943368107302533
0.9943368107302533
0.9943368107302533
0.9943368107302533
0.9943368107302533
0.9943368107302533
0.9943368107302533
0.9943368107302533
0.9943368107302533
0.9943368107302533
0.9943368107302533
0.9943368107302533
0.9943368107302533
0.9943368107302533
0.9943368107302533
0.9943368107302533
0.9943368107302533
0.9943368107302533
0.9943368107302533
0.9943368107302533
0.9943368107302533
0.9943368107302533
0.9943368107302533
0.9943368107302533
0.9943368107302533
0.9943368107302533
0.9943368107302533
0.9943368107302533
0.9943368107302533
0.9943368107302533
0.9943368107302533
0.9943368107302533
0.9943368107302533
0.9943368107302533
0.9943368107302533
0.9943368107302533
0.9943368107302533
0.9943368107302533
0.9943368107302533
0.9943368107302533
0.9943368107302533
0.9943368107302533
0.9943368107302533
0.9943368107302533
0.9943368107302533
0.9943368107302533
0.9943368107302533
0.9943368107302533
0.9943368107302533
0.9943368107302533
0.9943368107302533
0.9943368107302533
0.9943368107302533
0.9943368107302533
0.9943368107302533
0.9943368107302533
0.9943368107302533
0.9943368107302533
0.9943368107302533
0.9943368107302533
0.9943368107302533
0.9943368107302533
0.9943368107302533
0.9943368107302533
0.9943368107302533
0.9943368107302533
0.9943368107302533
0.9943368107302533
0.9943368107302533
0.9943368107302533
0.9963570127504554
0.9963570127504554
0.9963570127504554
0.9963570127504554
0.9963570127504554
0.9963570127504554
0.9963570127504554
0.9963570127504554
0.9963570127504554
0.9963570127504554
0.9963570127504554
0.9963570127504554
0.9963570127504554
0.9963570127504554
0.9963570127504554
0.9963570127504554
0.9963570127504554
0.9963570127504554
0.9963570127504554
0.9963570127504554
0.9963570127504554
0.9963570127504554
0.9963570127504554
0.9963570127504554
0.9963570127504554
0.9963570127504554
0.9963570127504554
0.9963570127504554
0.9963570127504554
0.9963570127504554
0.9963570127504554
0.9963570127504554
0.9963570127504554
0.9963570127504554
0.9963570127504554
0.9963570127504554
0.9963570127504554
0.9963570127504554
0.9963570127504554
0.9963570127504554
0.9963570127504554
0.9963570127504554
0.9963570127504554
0.9963570127504554
0.9963570127504554
0.9963570127504554
0.9963570127504554
0.9963570127504554
0.9963570127504554
0.9963570127504554
0.9963570127504554
0.9963570127504554
0.9963570127504554
0.9963570127504554
0.9963570127504554
0.9963570127504554
0.9963570127504554
0.9963570127504554
0.9963570127504554
0.9963570127504554
0.9963570127504554
0.9963570127504554
0.9963570127504554
0.9963570127504554
0.9963570127504554
0.9963570127504554
0.9963570127504554
0.9963570127504554
0.9963570127504554
0.9963570127504554
0.9963570127504554
0.9963570127504554
0.9963570127504554
0.9963570127504554
0.9963570127504554
0.9963570127504554
0.9963570127504554
0.9963570127504554
0.9963570127504554
0.9963570127504554
0.9963570127504554
0.9963570127504554
0.9963570127504554
0.9963570127504554
0.9963570127504554
0.9963570127504554
0.9963570127504554
0.9963570127504554
0.9963570127504554
0.9963570127504554
0.9963570127504554
0.9963570127504554
0.9963570127504554
0.9963570127504554
0.9963570127504554
0.9963570127504554
0.9963570127504554
0.9963570127504554
0.9963570127504554
0.9963570127504554
0.9963570127504554
0.9963570127504554
0.9963570127504554
0.9963570127504554
0.9963570127504554
0.9963570127504554
0.9963570127504554
0.9963570127504554
0.9963570127504554
0.9963570127504554
0.9963570127504554
0.9963570127504554
0.9963570127504554
0.9963570127504554
0.9963570127504554
0.9963570127504554
0.9963570127504554
0.9963570127504554
0.9963570127504554
0.9963570127504554
0.9963570127504554
0.9963570127504554
0.9963570127504554
0.9963570127504554
0.9963570127504554
0.9963570127504554
0.9963570127504554
0.9963570127504554
0.9963570127504554
0.9963570127504554
0.9963570127504554
0.9963570127504554
0.9963570127504554
0.9963570127504554
0.9963570127504554
0.9963570127504554
0.9963570127504554
0.9963570127504554
0.9963570127504554
0.9963570127504554
0.9963570127504554
0.9963570127504554
0.9963570127504554
0.9963570127504554
0.9963570127504554
0.9963570127504554
0.9963570127504554
0.9963570127504554
0.9963570127504554
0.9963570127504554
0.9963570127504554
0.9963570127504554
0.9963570127504554
0.9963570127504554
0.9963570127504554
0.9963570127504554
0.9963570127504554
0.9963570127504554
0.9963570127504554
0.9963570127504554
0.9963570127504554
0.9963570127504554
0.9963570127504554
0.9963570127504554
0.9963570127504554
0.9963570127504554
0.9963570127504554
0.9963570127504554
0.9963570127504554
0.9963570127504554
0.9963570127504554
0.9963570127504554
0.9963570127504554
0.9963570127504554
0.9963570127504554
0.9963570127504554
0.9963570127504554
0.9963570127504554
0.9963570127504554
0.9963570127504554
0.9963570127504554
0.9963570127504554
0.9963570127504554
0.9963570127504554
0.9963570127504554
0.9963570127504554
0.9963570127504554
0.9963570127504554
0.9963570127504554
0.9963570127504554
0.9963570127504554
0.9963570127504554
0.9963570127504554
0.9963570127504554
0.9963570127504554
0.9963570127504554
0.9963570127504554
0.9963570127504554
0.9963570127504554
0.9963570127504554
0.9963570127504554
0.9963570127504554
0.9963570127504554
0.9963570127504554
0.9963570127504554
0.9963570127504554
0.9963570127504554
0.9963570127504554
0.9963570127504554
0.9963570127504554
0.9963570127504554
0.9963570127504554
0.9963570127504554
0.9963570127504554
0.9963570127504554
0.9963570127504554
0.9963570127504554
0.9963570127504554
0.9963570127504554
0.9963570127504554
0.9963570127504554
0.9963570127504554
0.9963570127504554
0.9963570127504554
0.9963570127504554
0.9963570127504554
0.9963570127504554
0.9963570127504554
0.9963570127504554
0.9963570127504554
0.9963570127504554
0.9963570127504554
0.9963570127504554
0.9963570127504554
0.9963570127504554
0.9963570127504554
0.9963570127504554
0.9963570127504554
0.9963570127504554
0.9963570127504554
0.9963570127504554
0.9963570127504554
0.9963570127504554
0.9963570127504554
0.9963570127504554
0.9963570127504554
0.9963570127504554
0.9963570127504554
0.9963570127504554
0.9963570127504554
0.9963570127504554
0.9963570127504554
0.9963570127504554
0.9963570127504554
0.9963570127504554
0.9963570127504554
0.9963570127504554
0.9963570127504554
0.9963570127504554
0.9963570127504554
0.9963570127504554
0.9963570127504554
0.9963570127504554
0.9963570127504554
0.9963570127504554
0.9963570127504554
0.9963570127504554
0.9963570127504554
0.9963570127504554
0.9963570127504554
0.9963570127504554
0.9963570127504554
0.9963570127504554
0.9963570127504554
0.9963570127504554
0.9963570127504554
0.9963570127504554
0.9963570127504554
0.9963570127504554
0.9963570127504554
0.9963570127504554
0.9963570127504554
0.9963570127504554
0.9963570127504554
0.9963570127504554
0.9963570127504554
0.9963570127504554
0.9963570127504554
0.9963570127504554
0.9963570127504554
0.9963570127504554
0.9963570127504554
0.9963570127504554
0.9963570127504554
0.9963570127504554
0.9963570127504554
0.9963570127504554
0.9963570127504554
0.9963570127504554
0.9963570127504554
0.9963570127504554
0.9963570127504554
0.9963570127504554
0.9963570127504554
0.9963570127504554
0.9963570127504554
0.9963570127504554
0.9963570127504554
0.9963570127504554
0.9963570127504554
0.9963570127504554
0.9963570127504554
0.9963570127504554
0.9963570127504554
0.9963570127504554
0.9963570127504554
0.9963570127504554
0.9963570127504554
0.9963570127504554
0.9963570127504554
0.9963570127504554
0.9963570127504554
0.9963570127504554
0.9963570127504554
0.9963570127504554
0.9963570127504554
0.9963570127504554
0.9963570127504554
0.9963570127504554
0.9963570127504554
0.9963570127504554
0.9963570127504554
0.9963570127504554
0.9963570127504554
0.9963570127504554
0.9963570127504554
0.9963570127504554
0.9963570127504554
0.9963570127504554
0.9963570127504554
0.9963570127504554
0.9963570127504554
0.9963570127504554
0.9963570127504554
0.9963570127504554
0.9963570127504554
0.9963570127504554
0.9963570127504554
0.9963570127504554
0.9963570127504554
0.9963570127504554
0.9963570127504554
0.9963570127504554
0.9963570127504554
0.9963570127504554
0.9963570127504554
0.9963570127504554
0.9963570127504554
0.9963570127504554
0.9963570127504554
0.9963570127504554
0.9963570127504554
0.9963570127504554
0.9963570127504554
0.9963570127504554
0.9963570127504554
0.9963570127504554
0.9963570127504554
0.9963570127504554
0.9963570127504554
0.9963570127504554
0.9963570127504554
0.9963570127504554
0.9963570127504554
0.9963570127504554
0.9963570127504554
0.9963570127504554
0.9963570127504554
0.9963570127504554
0.9963570127504554
0.9963570127504554
0.9963570127504554
0.9963570127504554
0.9963570127504554
0.9963570127504554
0.9963570127504554
0.9963570127504554
0.9963570127504554
0.9963570127504554
0.9963570127504554
0.9963570127504554
0.9963570127504554
0.9963570127504554
0.9963570127504554
0.9963570127504554
0.9963570127504554
0.9963570127504554
0.9963570127504554
0.9963570127504554
0.9963570127504554
0.9963570127504554
0.9963570127504554
0.9963570127504554
0.9963570127504554
0.9963570127504554
0.9963570127504554
0.9963570127504554
0.9963570127504554
0.9963570127504554
0.9963570127504554
0.9963570127504554
0.9963570127504554
0.9963570127504554
0.9963570127504554
0.9963570127504554
0.9963570127504554
0.9963570127504554
0.9963570127504554
0.9963570127504554
0.9963570127504554
0.9963570127504554
0.9963570127504554
0.9963570127504554
0.9963570127504554
0.9963570127504554
0.9963570127504554
0.9963570127504554
0.9963570127504554
0.9963570127504554
0.9963570127504554
0.9963570127504554
0.9963570127504554
0.9963570127504554
0.9963570127504554
0.9963570127504554
0.9963570127504554
0.9981785063752278
0.9981785063752278
0.9981785063752278
0.9981785063752278
0.9981785063752278
0.9981785063752278
0.9981785063752278
0.9981785063752278
0.9981785063752278
0.9981785063752278
0.9981785063752278
0.9981785063752278
0.9981785063752278
0.9981785063752278
0.9981785063752278
0.9981785063752278
0.9981785063752278
0.9981785063752278
0.9981785063752278
0.9981785063752278
0.9981785063752278
0.9981785063752278
0.9981785063752278
0.9981785063752278
0.9981785063752278
0.9981785063752278
0.9981785063752278
0.9981785063752278
0.9981785063752278
0.9981785063752278
0.9981785063752278
0.9981785063752278
0.9981785063752278
0.9981785063752278
0.9981785063752278
0.9981785063752278
0.9981785063752278
0.9981785063752278
0.9981785063752278
0.9981785063752278
0.9981785063752278
0.9981785063752278
0.9981785063752278
0.9981785063752278
0.9981785063752278
0.9981785063752278
0.9981785063752278
0.9981785063752278
0.9981785063752278
0.9981785063752278
0.9981785063752278
0.9981785063752278
0.9981785063752278
0.9981785063752278
0.9981785063752278
0.9981785063752278
0.9981785063752278
0.9981785063752278
0.9981785063752278
0.9981785063752278
0.9981785063752278
0.9981785063752278
0.9981785063752278
0.9981785063752278
0.9981785063752278
0.9981785063752278
0.9981785063752278
0.9981785063752278
0.9981785063752278
0.9981785063752278
0.9981785063752278
0.9981785063752278
0.9981785063752278
0.9981785063752278
0.9981785063752278
0.9981785063752278
0.9981785063752278
0.9981785063752278
0.9981785063752278
0.9981785063752278
0.9981785063752278
0.9981785063752278
0.9981785063752278
0.9981785063752278
0.9981785063752278
0.9981785063752278
0.9981785063752278
0.9981785063752278
0.9981785063752278
0.9981785063752278
0.9981785063752278
0.9981785063752278
0.9981785063752278
0.9981785063752278
0.9981785063752278
0.9981785063752278
0.9981785063752278
0.9981785063752278
0.9981785063752278
0.9981785063752278
0.9981785063752278
0.9981785063752278
0.9981785063752278
0.9981785063752278
0.9981785063752278
0.9981785063752278
0.9981785063752278
0.9981785063752278
0.9981785063752278
0.9981785063752278
0.9981785063752278
0.9981785063752278
0.9981785063752278
0.9981785063752278
0.9981785063752278
0.9981785063752278
0.9981785063752278
0.9981785063752278
0.9981785063752278
0.9981785063752278
0.9981785063752278
0.9981785063752278
0.9981785063752278
0.9981785063752278
0.9981785063752278
0.9981785063752278
0.9981785063752278
0.9981785063752278
0.9981785063752278
0.9981785063752278
0.9981785063752278
0.9981785063752278
0.9981785063752278
0.9981785063752278
0.9981785063752278
0.9981785063752278
0.9981785063752278
0.9981785063752278
0.9981785063752278
0.9981785063752278
0.9981785063752278
0.9981785063752278
0.9981785063752278
0.9981785063752278
0.9981785063752278
0.9981785063752278
0.9981785063752278
0.9981785063752278
0.9981785063752278
0.9981785063752278
0.9981785063752278
0.9981785063752278
0.9981785063752278
0.9981785063752278
0.9981785063752278
0.9981785063752278
0.9981785063752278
0.9981785063752278
0.9981785063752278
0.9981785063752278
0.9981785063752278
0.9981785063752278
0.9981785063752278
0.9981785063752278
0.9981785063752278
0.9981785063752278
0.9981785063752278
0.9981785063752278
0.9981785063752278
0.9981785063752278
0.9981785063752278
0.9981785063752278
0.9981785063752278
0.9981785063752278
0.9981785063752278
0.9981785063752278
0.9981785063752278
0.9981785063752278
0.9981785063752278
0.9981785063752278
0.9981785063752278
0.9981785063752278
0.9981785063752278
0.9981785063752278
0.9981785063752278
0.9981785063752278
0.9981785063752278
0.9981785063752278
0.9981785063752278
0.9981785063752278
0.9981785063752278
0.9981785063752278
0.9981785063752278
0.9981785063752278
0.9981785063752278
0.9981785063752278
0.9981785063752278
0.9981785063752278
0.9981785063752278
0.9981785063752278
0.9981785063752278
0.9981785063752278
0.9981785063752278
0.9981785063752278
0.9981785063752278
0.9981785063752278
0.9981785063752278
0.9981785063752278
0.9981785063752278
0.9981785063752278
0.9981785063752278
0.9981785063752278
0.9981785063752278
0.9981785063752278
0.9981785063752278
0.9981785063752278
0.9981785063752278
0.9981785063752278
0.9981785063752278
0.9981785063752278
0.9981785063752278
0.9981785063752278
0.9981785063752278
0.9981785063752278
0.9981785063752278
0.9981785063752278
0.9981785063752278
0.9981785063752278
0.9981785063752278
0.9981785063752278
0.9981785063752278
0.9981785063752278
0.9981785063752278
0.9981785063752278
0.9981785063752278
0.9981785063752278
0.9981785063752278
0.9981785063752278
0.9981785063752278
0.9981785063752278
0.9981785063752278
0.9981785063752278
0.9981785063752278
0.9981785063752278
0.9981785063752278
0.9981785063752278
0.9981785063752278
0.9981785063752278
0.9981785063752278
0.9981785063752278
0.9981785063752278
0.9981785063752278
0.9981785063752278
0.9981785063752278
0.9981785063752278
0.9981785063752278
0.9981785063752278
0.9981785063752278
0.9981785063752278
0.9981785063752278
0.9981785063752278
0.9981785063752278
0.9981785063752278
0.9981785063752278
0.9981785063752278
0.9981785063752278
0.9981785063752278
0.9981785063752278
0.9981785063752278
0.9981785063752278
0.9981785063752278
0.9981785063752278
0.9981785063752278
0.9981785063752278
0.9981785063752278
0.9981785063752278
0.9981785063752278
0.9981785063752278
0.9981785063752278
0.9981785063752278
0.9981785063752278
0.9981785063752278
0.9981785063752278
0.9981785063752278
0.9981785063752278
0.9981785063752278
0.9981785063752278
0.9981785063752278
0.9981785063752278
0.9981785063752278
0.9981785063752278
0.9981785063752278
0.9981785063752278
0.9981785063752278
0.9981785063752278
0.9981785063752278
0.9981785063752278
0.9981785063752278
0.9981785063752278
0.9981785063752278
0.9981785063752278
0.9981785063752278
0.9981785063752278
0.9981785063752278
0.9981785063752278
0.9981785063752278
0.9981785063752278
0.9981785063752278
0.9981785063752278
0.9981785063752278
0.9981785063752278
0.9981785063752278
0.9981785063752278
0.9981785063752278
0.9981785063752278
0.9981785063752278
0.9981785063752278
0.9981785063752278
0.9981785063752278
0.9981785063752278
0.9981785063752278
0.9981785063752278
0.9981785063752278
0.9981785063752278
0.9981785063752278
0.9981785063752278
0.9981785063752278
0.9981785063752278
0.9981785063752278
0.9981785063752278
0.9981785063752278
0.9981785063752278
0.9981785063752278
0.9981785063752278
0.9981785063752278
0.9981785063752278
0.9981785063752278
0.9981785063752278
0.9981785063752278
0.9981785063752278
0.9981785063752278
0.9981785063752278
0.9981785063752278
0.9981785063752278
0.9981785063752278
0.9981785063752278
0.9981785063752278
0.9981785063752278
0.9981785063752278
0.9981785063752278
0.9981785063752278
0.9981785063752278
0.9981785063752278
0.9981785063752278
0.9981785063752278
0.9981785063752278
0.9981785063752278
0.9981785063752278
0.9981785063752278
0.9981785063752278
0.9981785063752278
0.9981785063752278
0.9981785063752278
0.9981785063752278
0.9981785063752278
0.9981785063752278
0.9981785063752278
0.9981785063752278
0.9981785063752278
0.9981785063752278
0.9981785063752278
0.9981785063752278
0.9981785063752278
0.9981785063752278
0.9981785063752278
0.9981785063752278
0.9981785063752278
0.9981785063752278
0.9981785063752278
0.9981785063752278
0.9981785063752278
0.9981785063752278
0.9981785063752278
0.9981785063752278
0.9981785063752278
0.9981785063752278
0.9981785063752278
0.9981785063752278
0.9981785063752278
0.9981785063752278
0.9981785063752278
0.9981785063752278
0.9981785063752278
0.9981785063752278
0.9981785063752278
0.9981785063752278
0.9981785063752278
0.9981785063752278
0.9981785063752278
0.9981785063752278
0.9981785063752278
0.9981785063752278
0.9981785063752278
0.9981785063752278
0.9981785063752278
0.9981785063752278
0.9981785063752278
0.9981785063752278
0.9981785063752278
0.9981785063752278
0.9981785063752278
0.9981785063752278
0.9981785063752278
0.9981785063752278
0.9981785063752278
0.9981785063752278
0.9981785063752278
0.9981785063752278
0.9981785063752278
0.9981785063752278
0.9981785063752278
0.9981785063752278
0.9981785063752278
0.9981785063752278
0.9981785063752278
0.9981785063752278
0.9981785063752278
0.9981785063752278
0.9981785063752278
0.9981785063752278
0.9981785063752278
0.9981785063752278
0.9981785063752278
0.9981785063752278
0.9981785063752278
0.9981785063752278
0.9981785063752278
0.9981785063752278
0.9981785063752278
0.9981785063752278
0.9981785063752278
0.9981785063752278
0.9981785063752278
0.9981785063752278
0.9981785063752278
0.9981785063752278
0.9981785063752278
0.9981785063752278
0.9981785063752278
0.9981785063752278
0.9981785063752278
0.9981785063752278
0.9981785063752278
0.9981785063752278
0.9981785063752278
0.9981785063752278
0.9981785063752278
0.9981785063752278
0.9981785063752278
0.9981785063752278
0.9981785063752278
0.9981785063752278
0.9981785063752278
0.9981785063752278
0.9981785063752278
0.9981785063752278
0.9981785063752278
0.9981785063752278
0.9981785063752278
0.9981785063752278
0.9981785063752278
0.9981785063752278
0.9981785063752278
0.9981785063752278
0.9981785063752278
0.9981785063752278
0.9981785063752278
0.9981785063752278
0.9981785063752278
0.9981785063752278
0.9981785063752278
0.9981785063752278
0.9981785063752278
0.9981785063752278
0.9981785063752278
0.9981785063752278
0.9981785063752278
0.9981785063752278
0.9981785063752278
0.9981785063752278
0.9981785063752278
0.9981785063752278
0.9981785063752278
0.9981785063752278
0.9981785063752278
0.9981785063752278
0.9981785063752278
0.9981785063752278
0.9981785063752278
0.9981785063752278
0.9981785063752278
0.9981785063752278
0.9981785063752278
0.9981785063752278
0.9981785063752278
0.9981785063752278
0.9981785063752278
0.9981785063752278
0.9981785063752278
0.9981785063752278
0.9981785063752278
0.9981785063752278
0.9981785063752278
0.9981785063752278
0.9981785063752278
0.9981785063752278
0.9981785063752278
0.9981785063752278
0.9981785063752278
0.9981785063752278
0.9981785063752278
0.9981785063752278
0.9981785063752278
0.9981785063752278
0.9981785063752278
0.9981785063752278
0.9981785063752278
0.9981785063752278
0.9981785063752278
0.9981785063752278
0.9981785063752278
0.9981785063752278
0.9981785063752278
0.9981785063752278
0.9981785063752278
0.9981785063752278
0.9981785063752278
0.9981785063752278
0.9981785063752278
0.9981785063752278
0.9981785063752278
0.9981785063752278
0.9981785063752278
0.9981785063752278
0.9981785063752278
0.9981785063752278
0.9981785063752278
0.9981785063752278
0.9981785063752278
0.9981785063752278
0.9981785063752278
0.9981785063752278
0.9981785063752278
0.9981785063752278
0.9981785063752278
0.9981785063752278
0.9981785063752278
0.9981785063752278
0.9981785063752278
0.9981785063752278
0.9981785063752278
0.9981785063752278
0.9981785063752278
0.9981785063752278
0.9981785063752278
0.9981785063752278
0.9981785063752278
0.9981785063752278
0.9981785063752278
0.9981785063752278
0.9981785063752278
0.9981785063752278
0.9981785063752278
0.9981785063752278
0.9981785063752278
0.9981785063752278
0.9981785063752278
0.9981785063752278
0.9981785063752278
0.9981785063752278
0.9981785063752278
0.9981785063752278
0.9981785063752278
0.9981785063752278
0.9981785063752278
0.9981785063752278
0.9981785063752278
0.9981785063752278
0.9981785063752278
0.9981785063752278
0.9981785063752278
0.9981785063752278
0.9981785063752278
0.9981785063752278
0.9981785063752278
0.9981785063752278
0.9981785063752278
0.9981785063752278
0.9981785063752278
0.9981785063752278
0.9981785063752278
0.9981785063752278
0.9981785063752278
0.9981785063752278
0.9981785063752278
0.9981785063752278
0.9981785063752278
0.9981785063752278
0.9981785063752278
0.9981785063752278
0.9981785063752278
0.9981785063752278
0.9981785063752278
0.9981785063752278
0.9981785063752278
0.9981785063752278
0.9981785063752278
0.9981785063752278
0.9981785063752278
0.9981785063752278
0.9981785063752278
0.9981785063752278
0.9981785063752278
0.9981785063752278
0.9981785063752278
0.9981785063752278
0.9981785063752278
0.9981785063752278
0.9981785063752278
0.9981785063752278
0.9981785063752278
0.9981785063752278
0.9981785063752278
0.9981785063752278
0.9981785063752278
0.9981785063752278
0.9981785063752278
0.9981785063752278
0.9981785063752278
0.9981785063752278
0.9981785063752278
0.9981785063752278
0.9981785063752278
0.9981785063752278
0.9981785063752278
0.9981785063752278
0.9981785063752278
0.9981785063752278
0.9981785063752278
0.9981785063752278
0.9981785063752278
0.9981785063752278
0.9981785063752278
0.9981785063752278
0.9981785063752278
0.9981785063752278
0.9981785063752278
0.9981785063752278
0.9981785063752278
0.9981785063752278
0.9981785063752278
0.9981785063752278
0.9981785063752278
0.9981785063752278
0.9981785063752278
0.9981785063752278
0.9981785063752278
0.9981785063752278
0.9981785063752278
0.9981785063752278
0.9981785063752278
0.9981785063752278
0.9981785063752278
0.9981785063752278
0.9981785063752278
0.9981785063752278
0.9981785063752278
0.9981785063752278
0.9981785063752278
0.9981785063752278
0.9981785063752278
0.9981785063752278
0.9981785063752278
0.9981785063752278
0.9981785063752278
0.9981785063752278
0.9981785063752278
0.9981785063752278
0.9981785063752278
0.9981785063752278
0.9981785063752278
0.9981785063752278
0.9981785063752278
0.9981785063752278
0.9981785063752278
0.9981785063752278
0.9981785063752278
0.9981785063752278
0.9981785063752278
0.9981785063752278
0.9981785063752278
0.9981785063752278
0.9981785063752278
0.9981785063752278
1.0
1.0
