0.1167595044614258
0.22340741273314624
0.3226083306650094
0.5025118510118229
0.5587784861216093
0.5792187106521476
0.729473920061683
0.7678370319114158
0.7834814878811311
0.8443638740455826
0.8532655322741007
0.8681577987428044
0.8932853482878148
0.8956361273091008
0.8980870270238253
0.9108076721558223
0.9212573544018203
0.9269122031538597
0.9324812449179924
0.9348177102337463
0.9395117245675522
0.9474019828750421
0.9485630586801529
0.9498099414731703
0.9578222585658295
0.9635268184312311
0.9665153525545579
0.9716468806035271
0.9733455908172401
0.9744208596344445
0.9788288255934665
0.9805275358071794
0.9811509772036882
0.9830213013932143
0.9848201323003661
0.9854435736968749
0.9872567183095585
0.9883319871267628
0.9883319871267628
0.9901308180339146
0.9919439626465983
0.9919439626465983
0.9931050384517092
0.9937427935537501
0.9937427935537501
0.9943662349502588
0.9949896763467675
0.9949896763467675
0.9956131177432762
0.9961507521518784
0.9961507521518784
0.9972260209690826
0.9977636553776849
0.9977636553776849
0.9977636553776849
0.9977636553776849
0.998301289786287
0.998301289786287
0.998301289786287
0.998301289786287
0.9988389241948892
0.9988389241948892
0.9988389241948892
0.9994623655913979
0.9994623655913979
0.9994623655913979
0.9994623655913979
0.9994623655913979
0.9994623655913979
0.9994623655913979
0.9994623655913979
0.9994623655913979
0.9994623655913979
0.9994623655913979
0.9994623655913979
0.9994623655913979
0.9994623655913979
0.9994623655913979
0.9994623655913979
0.9994623655913979
0.9994623655913979
0.9994623655913979
0.9994623655913979
0.9994623655913979
0.9994623655913979
0.9994623655913979
0.9994623655913979
0.9994623655913979
0.9994623655913979
0.9994623655913979
1.0
1.0
