0.006117724867724867
0.017289402818076654
0.03426255010168146
0.0447912239368069
0.05173566838125135
0.05955459842240361
0.05955459842240361
0.06693779861606132
0.07020577247227047
0.0736779946944927
0.07726222408517369
0.0848496726448445
0.08855337634854818
0.09213760573922919
0.09478310838473182
0.09805108224094099
0.09805108224094099
0.10216630857838954
0.1062815349158381
0.10954950877204725
0.1164017120189374
0.1235776379448633
0.12949111444657513
0.13360634078402367
0.14763446995683976
0.15110669217906197
0.16092812075049057
0.1641960946066997
0.16746406846290884
0.1701095711084115
0.17337754496462063
0.17337754496462063
0.1766455188208298
0.1766455188208298
0.18423296738050057
0.18750094123670974
0.19426167021966093
0.19426167021966093
0.19426167021966093
0.19752964407587006
0.20818081812573694
0.21165304034795918
0.21800224669716553
0.22127022055337467
0.22127022055337467
0.22538544689082324
0.22538544689082324
0.22896967628150422
0.23244189850372646
0.23244189850372646
0.2389778462161448
0.2458300494630349
0.25501149982095583
0.258279473677165
0.26851242488233845
0.27209665427301943
0.27209665427301943
0.2788368503514509
0.2788368503514509
0.2788368503514509
0.2895122316150674
0.2895122316150674
0.29709968017473815
0.29709968017473815
0.3003676540309473
0.3003676540309473
0.3003676540309473
0.3036356278871564
0.30733933159086013
0.30733933159086013
0.3108115538130824
0.31407952766929154
0.3264269845732
0.3334834361861033
0.34330486475753186
0.34330486475753186
0.3537692974441867
0.3537692974441867
0.35724151966640894
0.36135674600385753
0.36852520478521955
0.36852520478521955
0.36852520478521955
0.37199742700744176
0.37570113071114547
0.37570113071114547
0.38255333395803565
0.38666856029548424
0.39405176048914187
0.39752398271136413
0.4016392090488127
0.40881513497473865
0.4120831088309478
0.42599176369074115
0.42599176369074115
0.42599176369074115
0.4335792122504119
0.4413981422915642
0.44845459390446746
0.4511000965499701
0.45521532288741867
0.45521532288741867
0.4578608255329213
0.4578608255329213
0.46112879938913043
0.46112879938913043
0.46851199958278816
0.46851199958278816
0.47548367714270096
0.47548367714270096
0.48201962485511923
0.48201962485511923
0.48613485119256783
0.48613485119256783
0.48613485119256783
0.48613485119256783
0.4928750472709992
0.4969902736084478
0.4969902736084478
0.4969902736084478
0.5073146990775601
0.5073146990775601
0.5185983841963707
0.5185983841963707
0.5185983841963707
0.5259815843900284
0.5259815843900284
0.5294538066122506
0.5320993092577533
0.5320993092577533
0.5320993092577533
0.5320993092577533
0.5506783946155125
0.5582658431751831
0.5582658431751831
0.5582658431751831
0.5582658431751831
0.5617380653974053
0.5650060392536145
0.5684782614758368
0.5725934878132853
0.5822106680187008
0.5822106680187008
0.585682890240923
0.5963310383890712
0.5963310383890712
0.5963310383890712
0.5963310383890712
0.6039184869487421
0.6039184869487421
0.6107706901956321
0.6142429124178543
0.6142429124178543
0.6183581387553029
0.6183581387553029
0.6250983348337343
0.6292135611711829
0.6292135611711829
0.6292135611711829
0.6292135611711829
0.6292135611711829
0.6318590638166857
0.6318590638166857
0.638208270165892
0.638208270165892
0.638208270165892
0.6414762440221011
0.6447442178783103
0.6447442178783103
0.6447442178783103
0.6447442178783103
0.6473897205238129
0.6473897205238129
0.6473897205238129
0.6473897205238129
0.6506576943800221
0.6543613980837257
0.6620608538118553
0.6620608538118553
0.6620608538118553
0.6655330760340775
0.6655330760340775
0.6688010498902868
0.6688010498902868
0.6688010498902868
0.6688010498902868
0.6688010498902868
0.6747145263919986
0.6747145263919986
0.6747145263919986
0.6747145263919986
0.6747145263919986
0.6823019749516693
0.6823019749516693
0.6857741971738915
0.6857741971738915
0.6857741971738915
0.6894779008775953
0.6894779008775953
0.6921234035230979
0.6921234035230979
0.6990950810830108
0.6990950810830108
0.6990950810830108
0.6990950810830108
0.6990950810830108
0.6990950810830108
0.6990950810830108
0.6990950810830108
0.6990950810830108
0.6990950810830108
0.702567303305233
0.702567303305233
0.702567303305233
0.702567303305233
0.702567303305233
0.702567303305233
0.702567303305233
0.702567303305233
0.702567303305233
0.702567303305233
0.7093074993836643
0.7093074993836643
0.7093074993836643
0.7119530020291669
0.7119530020291669
0.7119530020291669
0.715220975885376
0.7228084244450469
0.7269236507824954
0.7269236507824954
0.7295691534279981
0.7295691534279981
0.7322146560735008
0.7322146560735008
0.7322146560735008
0.7322146560735008
0.7322146560735008
0.7393905819994266
0.7393905819994266
0.7494192848385869
0.752687258694796
0.7561594809170182
0.7602747072544669
0.7602747072544669
0.7602747072544669
0.7602747072544669
0.7602747072544669
0.7602747072544669
0.7602747072544669
0.7638589366451479
0.7638589366451479
0.7674431660358288
0.7674431660358288
0.7674431660358288
0.7674431660358288
0.7674431660358288
0.7674431660358288
0.7709153882580511
0.7709153882580511
0.7741833621142602
0.7741833621142602
0.7774513359704693
0.7774513359704693
0.7807193098266785
0.7807193098266785
0.7807193098266785
0.7807193098266785
0.7807193098266785
0.7841915320489007
0.7841915320489007
0.7841915320489007
0.7874595059051099
0.7874595059051099
0.7874595059051099
0.7874595059051099
0.7874595059051099
0.7874595059051099
0.7874595059051099
0.7874595059051099
0.7874595059051099
0.7911632096088136
0.7970766861105254
0.7970766861105254
0.7970766861105254
0.7970766861105254
0.7970766861105254
0.7970766861105254
0.8011919124479739
0.8011919124479739
0.8011919124479739
0.8011919124479739
0.8048956161516777
0.8090108424891261
0.8090108424891261
0.8090108424891261
0.8131260688265747
0.8131260688265747
0.8167102982172558
0.8167102982172558
0.8167102982172558
0.8167102982172558
0.8167102982172558
0.8167102982172558
0.8167102982172558
0.8202945276079368
0.8202945276079368
0.8202945276079368
0.8202945276079368
0.8202945276079368
0.8202945276079368
0.8202945276079368
0.8202945276079368
0.8202945276079368
0.8235625014641461
0.8262080041096487
0.8262080041096487
0.8262080041096487
0.8262080041096487
0.8262080041096487
0.8262080041096487
0.8262080041096487
0.8262080041096487
0.8262080041096487
0.8297922335003296
0.8297922335003296
0.8297922335003296
0.8297922335003296
0.8297922335003296
0.8297922335003296
0.8297922335003296
0.8297922335003296
0.8339074598377783
0.8373796820600005
0.8400251847055031
0.8400251847055031
0.8426706873510058
0.8426706873510058
0.8426706873510058
0.8426706873510058
0.845938661207215
0.845938661207215
0.845938661207215
0.845938661207215
0.845938661207215
0.845938661207215
0.845938661207215
0.845938661207215
0.845938661207215
0.845938661207215
0.845938661207215
0.845938661207215
0.8485841638527175
0.8485841638527175
0.8485841638527175
0.8485841638527175
0.8485841638527175
0.8553243599311489
0.8594395862685975
0.8594395862685975
0.8627075601248066
0.8709380127997037
0.8709380127997037
0.8750532391371524
0.8750532391371524
0.8750532391371524
0.8750532391371524
0.8750532391371524
0.8750532391371524
0.8750532391371524
0.8750532391371524
0.8750532391371524
0.8791684654746008
0.882752694865282
0.882752694865282
0.882752694865282
0.8862249170875042
0.8862249170875042
0.8862249170875042
0.8862249170875042
0.8862249170875042
0.8862249170875042
0.8894928909437133
0.8894928909437133
0.8894928909437133
0.8894928909437133
0.8894928909437133
0.8894928909437133
0.8894928909437133
0.8894928909437133
0.8936081172811617
0.8936081172811617
0.8936081172811617
0.8936081172811617
0.8936081172811617
0.8936081172811617
0.8936081172811617
0.8936081172811617
0.8936081172811617
0.8936081172811617
0.8936081172811617
0.8936081172811617
0.9009913174748196
0.9009913174748196
0.9009913174748196
0.9042592913310288
0.9042592913310288
0.9083745176684772
0.9083745176684772
0.9083745176684772
0.9083745176684772
0.9118467398906994
0.9118467398906994
0.9155504435944031
0.9155504435944031
0.9155504435944031
0.9181959462399057
0.9181959462399057
0.9181959462399057
0.9181959462399057
0.9181959462399057
0.9181959462399057
0.9181959462399057
0.9181959462399057
0.9181959462399057
0.9181959462399057
0.9181959462399057
0.9181959462399057
0.9181959462399057
0.9181959462399057
0.9208414488854084
0.9208414488854084
0.9276021778683597
0.9276021778683597
0.9276021778683597
0.9276021778683597
0.9276021778683597
0.9276021778683597
0.9276021778683597
0.9276021778683597
0.9276021778683597
0.9302476805138623
0.9302476805138623
0.9302476805138623
0.9302476805138623
0.9302476805138623
0.9302476805138623
0.9302476805138623
0.9302476805138623
0.9302476805138623
0.9335156543700714
0.9335156543700714
0.9335156543700714
0.9335156543700714
0.9335156543700714
0.9335156543700714
0.9335156543700714
0.9335156543700714
0.9335156543700714
0.9335156543700714
0.9335156543700714
0.9335156543700714
0.9335156543700714
0.9335156543700714
0.9335156543700714
0.9372193580737752
0.9372193580737752
0.940803587464456
0.940803587464456
0.940803587464456
0.940803587464456
0.940803587464456
0.9445072911681598
0.9445072911681598
0.9445072911681598
0.9477752650243689
0.9477752650243689
0.9477752650243689
0.9477752650243689
0.9477752650243689
0.9477752650243689
0.9477752650243689
0.9477752650243689
0.9477752650243689
0.9477752650243689
0.9477752650243689
0.9477752650243689
0.9477752650243689
0.9477752650243689
0.9477752650243689
0.9504207676698715
0.9504207676698715
0.9504207676698715
0.9504207676698715
0.9504207676698715
0.9504207676698715
0.9504207676698715
0.9504207676698715
0.9504207676698715
0.9504207676698715
0.9504207676698715
0.9538929898920938
0.9538929898920938
0.9538929898920938
0.9538929898920938
0.9538929898920938
0.9538929898920938
0.9538929898920938
0.9538929898920938
0.9538929898920938
0.9538929898920938
0.9538929898920938
0.9538929898920938
0.9538929898920938
0.9538929898920938
0.9538929898920938
0.9538929898920938
0.9575966935957975
0.9575966935957975
0.9575966935957975
0.9575966935957975
0.9602421962413002
0.9602421962413002
0.9602421962413002
0.9602421962413002
0.9602421962413002
0.9602421962413002
0.9602421962413002
0.9602421962413002
0.9602421962413002
0.9602421962413002
0.9602421962413002
0.9602421962413002
0.9602421962413002
0.9602421962413002
0.9602421962413002
0.9602421962413002
0.9602421962413002
0.9602421962413002
0.9602421962413002
0.9602421962413002
0.9602421962413002
0.9602421962413002
0.9602421962413002
0.9602421962413002
0.9637144184635225
0.9637144184635225
0.9637144184635225
0.9637144184635225
0.9637144184635225
0.9637144184635225
0.9637144184635225
0.9637144184635225
0.9637144184635225
0.9671866406857448
0.9671866406857448
0.9671866406857448
0.9671866406857448
0.9671866406857448
0.9671866406857448
0.9671866406857448
0.9671866406857448
0.9671866406857448
0.9671866406857448
0.9671866406857448
0.9671866406857448
0.970658862907967
0.970658862907967
0.970658862907967
0.970658862907967
0.970658862907967
0.9733043655534696
0.9733043655534696
0.9733043655534696
0.9733043655534696
0.9733043655534696
0.9733043655534696
0.9733043655534696
0.9733043655534696
0.9733043655534696
0.9733043655534696
0.9733043655534696
0.9733043655534696
0.9733043655534696
0.9733043655534696
0.9759498681989722
0.9759498681989722
0.9759498681989722
0.9759498681989722
0.9759498681989722
0.9759498681989722
0.9759498681989722
0.9759498681989722
0.9759498681989722
0.9759498681989722
0.9759498681989722
0.9759498681989722
0.9759498681989722
0.9759498681989722
0.9759498681989722
0.9759498681989722
0.9759498681989722
0.9759498681989722
0.9759498681989722
0.9759498681989722
0.9759498681989722
0.9759498681989722
0.9759498681989722
0.9759498681989722
0.9759498681989722
0.9759498681989722
0.9759498681989722
0.9759498681989722
0.9759498681989722
0.9759498681989722
0.9759498681989722
0.9759498681989722
0.9759498681989722
0.9759498681989722
0.9759498681989722
0.9759498681989722
0.9759498681989722
0.9759498681989722
0.9759498681989722
0.9759498681989722
0.9759498681989722
0.9759498681989722
0.9759498681989722
0.9759498681989722
0.9759498681989722
0.9759498681989722
0.9759498681989722
0.9759498681989722
0.9759498681989722
0.9759498681989722
0.9759498681989722
0.9759498681989722
0.9759498681989722
0.9759498681989722
0.9800650945364207
0.9800650945364207
0.9800650945364207
0.9800650945364207
0.9800650945364207
0.9800650945364207
0.9800650945364207
0.9800650945364207
0.9800650945364207
0.9841803208738694
0.9841803208738694
0.9841803208738694
0.9841803208738694
0.9841803208738694
0.9841803208738694
0.9841803208738694
0.9841803208738694
0.9841803208738694
0.9841803208738694
0.9841803208738694
0.9841803208738694
0.9841803208738694
0.9841803208738694
0.9841803208738694
0.9841803208738694
0.9876525430960916
0.9876525430960916
0.9876525430960916
0.9876525430960916
0.9876525430960916
0.9876525430960916
0.9876525430960916
0.9876525430960916
0.9876525430960916
0.9876525430960916
0.9912367724867726
0.9912367724867726
0.9912367724867726
0.9912367724867726
0.9912367724867726
0.9938822751322751
0.9938822751322751
0.9938822751322751
0.9938822751322751
0.9938822751322751
0.9938822751322751
0.9938822751322751
0.9938822751322751
0.9938822751322751
0.9938822751322751
0.9938822751322751
0.9973544973544973
0.9973544973544973
0.9973544973544973
0.9973544973544973
0.9973544973544973
0.9973544973544973
0.9973544973544973
0.9973544973544973
0.9973544973544973
0.9973544973544973
0.9973544973544973
0.9973544973544973
0.9973544973544973
0.9973544973544973
0.9973544973544973
0.9973544973544973
0.9973544973544973
0.9973544973544973
0.9973544973544973
0.9973544973544973
0.9973544973544973
0.9973544973544973
0.9973544973544973
0.9973544973544973
0.9973544973544973
0.9973544973544973
0.9973544973544973
0.9973544973544973
0.9973544973544973
0.9973544973544973
0.9973544973544973
0.9973544973544973
0.9973544973544973
0.9973544973544973
0.9973544973544973
0.9973544973544973
0.9973544973544973
0.9973544973544973
0.9973544973544973
0.9973544973544973
0.9973544973544973
0.9973544973544973
0.9973544973544973
0.9973544973544973
0.9973544973544973
0.9973544973544973
0.9973544973544973
0.9973544973544973
0.9973544973544973
0.9973544973544973
0.9973544973544973
0.9973544973544973
0.9973544973544973
0.9973544973544973
0.9973544973544973
0.9973544973544973
0.9973544973544973
0.9973544973544973
0.9973544973544973
0.9973544973544973
0.9973544973544973
0.9973544973544973
0.9973544973544973
0.9973544973544973
0.9973544973544973
0.9973544973544973
0.9973544973544973
0.9973544973544973
0.9973544973544973
0.9973544973544973
0.9973544973544973
0.9973544973544973
0.9973544973544973
0.9973544973544973
0.9973544973544973
0.9973544973544973
0.9973544973544973
0.9973544973544973
0.9973544973544973
0.9973544973544973
0.9973544973544973
0.9973544973544973
0.9973544973544973
0.9973544973544973
0.9973544973544973
0.9973544973544973
0.9973544973544973
0.9973544973544973
0.9973544973544973
0.9973544973544973
0.9973544973544973
0.9973544973544973
0.9973544973544973
0.9973544973544973
0.9973544973544973
0.9973544973544973
0.9973544973544973
0.9973544973544973
0.9973544973544973
0.9973544973544973
0.9973544973544973
0.9973544973544973
0.9973544973544973
0.9973544973544973
0.9973544973544973
0.9973544973544973
0.9973544973544973
0.9973544973544973
0.9973544973544973
0.9973544973544973
0.9973544973544973
0.9973544973544973
0.9973544973544973
0.9973544973544973
0.9973544973544973
0.9973544973544973
0.9973544973544973
0.9973544973544973
0.9973544973544973
0.9973544973544973
0.9973544973544973
0.9973544973544973
0.9973544973544973
0.9973544973544973
0.9973544973544973
0.9973544973544973
0.9973544973544973
0.9973544973544973
0.9973544973544973
0.9973544973544973
0.9973544973544973
0.9973544973544973
0.9973544973544973
0.9973544973544973
0.9973544973544973
0.9973544973544973
0.9973544973544973
0.9973544973544973
0.9973544973544973
0.9973544973544973
0.9973544973544973
0.9973544973544973
0.9973544973544973
0.9973544973544973
0.9973544973544973
0.9973544973544973
0.9973544973544973
0.9973544973544973
0.9973544973544973
0.9973544973544973
0.9973544973544973
0.9973544973544973
0.9973544973544973
0.9973544973544973
0.9973544973544973
0.9973544973544973
0.9973544973544973
0.9973544973544973
0.9973544973544973
0.9973544973544973
0.9973544973544973
0.9973544973544973
0.9973544973544973
0.9973544973544973
0.9973544973544973
0.9973544973544973
0.9973544973544973
0.9973544973544973
0.9973544973544973
0.9973544973544973
0.9973544973544973
0.9973544973544973
0.9973544973544973
0.9973544973544973
0.9973544973544973
0.9973544973544973
0.9973544973544973
0.9973544973544973
0.9973544973544973
0.9973544973544973
0.9973544973544973
0.9973544973544973
0.9973544973544973
0.9973544973544973
0.9973544973544973
0.9973544973544973
0.9973544973544973
0.9973544973544973
0.9973544973544973
0.9973544973544973
0.9973544973544973
0.9973544973544973
0.9973544973544973
0.9973544973544973
0.9973544973544973
0.9973544973544973
0.9973544973544973
0.9973544973544973
0.9973544973544973
0.9973544973544973
0.9973544973544973
0.9973544973544973
0.9973544973544973
0.9973544973544973
0.9973544973544973
0.9973544973544973
0.9973544973544973
0.9973544973544973
0.9973544973544973
0.9973544973544973
0.9973544973544973
0.9973544973544973
0.9973544973544973
0.9973544973544973
0.9973544973544973
0.9973544973544973
0.9973544973544973
0.9973544973544973
0.9973544973544973
0.9973544973544973
0.9973544973544973
0.9973544973544973
0.9973544973544973
0.9973544973544973
0.9973544973544973
0.9973544973544973
0.9973544973544973
0.9973544973544973
0.9973544973544973
0.9973544973544973
0.9973544973544973
0.9973544973544973
0.9973544973544973
0.9973544973544973
0.9973544973544973
0.9973544973544973
0.9973544973544973
0.9973544973544973
0.9973544973544973
0.9973544973544973
0.9973544973544973
0.9973544973544973
0.9973544973544973
0.9973544973544973
0.9973544973544973
0.9973544973544973
0.9973544973544973
0.9973544973544973
0.9973544973544973
0.9973544973544973
0.9973544973544973
0.9973544973544973
0.9973544973544973
0.9973544973544973
0.9973544973544973
0.9973544973544973
0.9973544973544973
0.9973544973544973
0.9973544973544973
0.9973544973544973
0.9973544973544973
0.9973544973544973
0.9973544973544973
0.9973544973544973
0.9973544973544973
0.9973544973544973
0.9973544973544973
0.9973544973544973
0.9973544973544973
0.9973544973544973
0.9973544973544973
0.9973544973544973
0.9973544973544973
0.9973544973544973
0.9973544973544973
0.9973544973544973
0.9973544973544973
0.9973544973544973
0.9973544973544973
0.9973544973544973
0.9973544973544973
0.9973544973544973
0.9973544973544973
0.9973544973544973
0.9973544973544973
0.9973544973544973
0.9973544973544973
0.9973544973544973
0.9973544973544973
0.9973544973544973
0.9973544973544973
0.9973544973544973
0.9973544973544973
0.9973544973544973
0.9973544973544973
0.9973544973544973
0.9973544973544973
0.9973544973544973
0.9973544973544973
0.9973544973544973
0.9973544973544973
0.9973544973544973
0.9973544973544973
0.9973544973544973
0.9973544973544973
0.9973544973544973
0.9973544973544973
0.9973544973544973
0.9973544973544973
0.9973544973544973
0.9973544973544973
0.9973544973544973
0.9973544973544973
0.9973544973544973
0.9973544973544973
0.9973544973544973
0.9973544973544973
0.9973544973544973
0.9973544973544973
0.9973544973544973
0.9973544973544973
0.9973544973544973
0.9973544973544973
0.9973544973544973
0.9973544973544973
0.9973544973544973
0.9973544973544973
0.9973544973544973
0.9973544973544973
0.9973544973544973
0.9973544973544973
0.9973544973544973
0.9973544973544973
0.9973544973544973
0.9973544973544973
0.9973544973544973
0.9973544973544973
0.9973544973544973
0.9973544973544973
0.9973544973544973
0.9973544973544973
0.9973544973544973
0.9973544973544973
0.9973544973544973
0.9973544973544973
0.9973544973544973
0.9973544973544973
0.9973544973544973
0.9973544973544973
0.9973544973544973
0.9973544973544973
0.9973544973544973
0.9973544973544973
0.9973544973544973
0.9973544973544973
0.9973544973544973
0.9973544973544973
0.9973544973544973
0.9973544973544973
0.9973544973544973
0.9973544973544973
0.9973544973544973
0.9973544973544973
0.9973544973544973
0.9973544973544973
0.9973544973544973
0.9973544973544973
0.9973544973544973
0.9973544973544973
0.9973544973544973
0.9973544973544973
0.9973544973544973
0.9973544973544973
0.9973544973544973
0.9973544973544973
0.9973544973544973
0.9973544973544973
0.9973544973544973
0.9973544973544973
0.9973544973544973
0.9973544973544973
0.9973544973544973
0.9973544973544973
0.9973544973544973
0.9973544973544973
0.9973544973544973
0.9973544973544973
0.9973544973544973
0.9973544973544973
0.9973544973544973
0.9973544973544973
0.9973544973544973
0.9973544973544973
0.9973544973544973
0.9973544973544973
0.9973544973544973
0.9973544973544973
0.9973544973544973
0.9973544973544973
0.9973544973544973
0.9973544973544973
0.9973544973544973
0.9973544973544973
0.9973544973544973
0.9973544973544973
0.9973544973544973
0.9973544973544973
0.9973544973544973
0.9973544973544973
0.9973544973544973
0.9973544973544973
0.9973544973544973
0.9973544973544973
0.9973544973544973
0.9973544973544973
0.9973544973544973
0.9973544973544973
0.9973544973544973
0.9973544973544973
0.9973544973544973
0.9973544973544973
0.9973544973544973
0.9973544973544973
0.9973544973544973
0.9973544973544973
0.9973544973544973
0.9973544973544973
0.9973544973544973
0.9973544973544973
0.9973544973544973
0.9973544973544973
0.9973544973544973
0.9973544973544973
0.9973544973544973
0.9973544973544973
0.9973544973544973
0.9973544973544973
0.9973544973544973
0.9973544973544973
0.9973544973544973
0.9973544973544973
0.9973544973544973
0.9973544973544973
0.9973544973544973
0.9973544973544973
0.9973544973544973
0.9973544973544973
0.9973544973544973
0.9973544973544973
0.9973544973544973
0.9973544973544973
0.9973544973544973
0.9973544973544973
0.9973544973544973
0.9973544973544973
0.9973544973544973
0.9973544973544973
0.9973544973544973
0.9973544973544973
0.9973544973544973
0.9973544973544973
0.9973544973544973
0.9973544973544973
0.9973544973544973
0.9973544973544973
0.9973544973544973
0.9973544973544973
0.9973544973544973
0.9973544973544973
0.9973544973544973
0.9973544973544973
0.9973544973544973
0.9973544973544973
0.9973544973544973
0.9973544973544973
0.9973544973544973
0.9973544973544973
0.9973544973544973
0.9973544973544973
0.9973544973544973
0.9973544973544973
0.9973544973544973
0.9973544973544973
0.9973544973544973
0.9973544973544973
0.9973544973544973
0.9973544973544973
0.9973544973544973
0.9973544973544973
0.9973544973544973
0.9973544973544973
0.9973544973544973
0.9973544973544973
0.9973544973544973
0.9973544973544973
0.9973544973544973
0.9973544973544973
0.9973544973544973
0.9973544973544973
0.9973544973544973
0.9973544973544973
0.9973544973544973
0.9973544973544973
0.9973544973544973
0.9973544973544973
0.9973544973544973
0.9973544973544973
0.9973544973544973
0.9973544973544973
0.9973544973544973
0.9973544973544973
0.9973544973544973
0.9973544973544973
0.9973544973544973
0.9973544973544973
0.9973544973544973
0.9973544973544973
0.9973544973544973
0.9973544973544973
0.9973544973544973
0.9973544973544973
0.9973544973544973
0.9973544973544973
0.9973544973544973
0.9973544973544973
0.9973544973544973
0.9973544973544973
0.9973544973544973
0.9973544973544973
0.9973544973544973
0.9973544973544973
0.9973544973544973
0.9973544973544973
0.9973544973544973
0.9973544973544973
0.9973544973544973
0.9973544973544973
0.9973544973544973
0.9973544973544973
0.9973544973544973
0.9973544973544973
0.9973544973544973
0.9973544973544973
0.9973544973544973
0.9973544973544973
0.9973544973544973
0.9973544973544973
0.9973544973544973
0.9973544973544973
0.9973544973544973
0.9973544973544973
0.9973544973544973
0.9973544973544973
0.9973544973544973
0.9973544973544973
0.9973544973544973
0.9973544973544973
0.9973544973544973
0.9973544973544973
0.9973544973544973
0.9973544973544973
0.9973544973544973
0.9973544973544973
0.9973544973544973
0.9973544973544973
0.9973544973544973
0.9973544973544973
0.9973544973544973
0.9973544973544973
0.9973544973544973
0.9973544973544973
0.9973544973544973
0.9973544973544973
0.9973544973544973
0.9973544973544973
0.9973544973544973
0.9973544973544973
0.9973544973544973
0.9973544973544973
0.9973544973544973
0.9973544973544973
0.9973544973544973
0.9973544973544973
0.9973544973544973
0.9973544973544973
0.9973544973544973
0.9973544973544973
0.9973544973544973
0.9973544973544973
0.9973544973544973
0.9973544973544973
0.9973544973544973
0.9973544973544973
0.9973544973544973
0.9973544973544973
0.9973544973544973
0.9973544973544973
0.9973544973544973
0.9973544973544973
0.9973544973544973
0.9973544973544973
0.9973544973544973
1.0
1.0
