0.007036412711855784
0.013120065872270157
0.019840853472162936
0.028139379865850078
0.03558671870335786
0.04390854493279764
0.050308833059552305
0.05561283848375943
0.061667011455331794
0.06696129363595157
0.07233537130204598
0.07912419342734511
0.08740666792074886
0.09098158447112455
0.0933374467964059
0.09753699141146036
0.10019874056320811
0.1046557166720251
0.11031556233316332
0.11192508271796776
0.11396841647322055
0.1157461552169768
0.11905241892555472
0.12026756762131378
0.12691381467241353
0.1289468012114355
0.13283423701135655
0.1360294419368476
0.1390129334502451
0.14321001887079246
0.14615186382852263
0.14983686856225972
0.15298513535968933
0.1571011690925674
0.1621650304197066
0.1649163342938225
0.17551527789490293
0.180449156664504
0.18326364855225746
0.18854591381165145
0.1910595257791442
0.19486088111665825
0.19876548856616866
0.20146538259452573
0.20418611991185348
0.20726324680738864
0.21053189908688924
0.21241826811991335
0.22430817725813076
0.2274455382889068
0.23117914918748297
0.23575863916707102
0.2396754274750926
0.24317103292825198
0.24777939894889045
0.25262690091401313
0.25597566141818157
0.25906075522363725
0.2616526589029652
0.26513786398823924
0.27681354174087186
0.28021542381263154
0.2828910894719002
0.2889087922479695
0.29266613421361104
0.29545769030833485
0.2993792747248891
0.30183675916817254
0.3043824644080686
0.30898556130995103
0.3154424983176168
0.31687954481681596
0.32232528142508576
0.3240676496162048
0.3272225823099564
0.33005377270679076
0.3349371358580148
0.3393624094591837
0.34449272652995155
0.34743577482149074
0.35097875046315674
0.3559028278287218
0.3612776647946807
0.3630761954167294
0.3711821599478072
0.3768544833747911
0.3799561890364257
0.3820368838554152
0.3860942556669644
0.38885566369717917
0.39481872230496495
0.3970885973457524
0.4000003601007611
0.4022174320541943
0.4055306178766113
0.4070827341327275
0.4132053378266256
0.4156788130789868
0.4198007749448254
0.42202738349693264
0.4247830571794295
0.4267591024353313
0.4314392096466746
0.4372353588164545
0.44049316883500916
0.445159459013615
0.4491796952334699
0.451006398976616
0.4593870632668479
0.4630766671885032
0.4670747687232191
0.4709536371831226
0.4760296095265464
0.47767805184584755
0.4803766741331188
0.4831785576434517
0.4887355467751005
0.4907091328364953
0.49519586801981447
0.49678230842269094
0.5052772982396746
0.5101132238337802
0.5137936558434887
0.5179188177832278
0.5227055174533313
0.5252726257756085
0.5282786801429671
0.5320857905128562
0.5357805651208086
0.5388989226851264
0.5426270637067497
0.5435159839159107
0.5542432621119916
0.5564222005529893
0.5597591382532144
0.5618502952048205
0.5639809003830863
0.5672065783655952
0.5703763307928752
0.5718685645537493
0.5749519361372138
0.577843889947199
0.5813376533205382
0.5820193165788887
0.5842094086249391
0.5847254423160995
0.5860091624067407
0.5881486311368106
0.5890276515337071
0.5912158582200813
0.5927864416875925
0.5940717565891168
0.5968107214084797
0.5976483382507278
0.599637415219477
0.6006470783439861
0.6037558011507888
0.6043737178450789
0.6043737178450789
0.6069002801494635
0.6098190438822778
0.6114290755764488
0.6124932355576473
0.6134519838811127
0.6163398898590505
0.6169086051370555
0.6192434199556178
0.620138421715023
0.6233916534397452
0.625073041626762
0.6253646718396522
0.6253646718396522
0.6260479849770535
0.6295909101443112
0.6302311034156717
0.6311025138837824
0.6321072886717619
0.6333605738065906
0.6361698308288137
0.6385207389996362
0.6420791224317249
0.643184873900423
0.6447743172801528
0.6451151489093279
0.6458308673325657
0.647541582232028
0.64879990878863
0.6499547659687587
0.6519999131404405
0.6542094900814739
0.6563038917230143
0.6578229838907614
0.6602264521479192
0.6611359990550993
0.6621843656066404
0.6625474738128858
0.6625474738128858
0.6632291370712362
0.6650403274813838
0.6659578224088106
0.6680411437296145
0.6700204602707169
0.6715502042449083
0.6722112408052394
0.6767504061368445
0.6797933402238504
0.6810770795260228
0.6823718897160094
0.6831699918992561
0.6831699918992561
0.6831699918992561
0.6842059152536497
0.6850852737420071
0.6865505575415366
0.6890986270706965
0.6906248908743284
0.6940642831594054
0.6951285646411135
0.6975238493973994
0.6980925646754044
0.6995835501543959
0.7008705149349714
0.7008705149349714
0.7013484121870622
0.703901765524602
0.7047157910755557
0.7077659233937129
0.7089312778895693
0.7116787596336543
0.7127346211975953
0.7140822278908119
0.7155940482212345
0.7176316423857144
0.7181985358097507
0.7194358975768725
0.7200191580026526
0.7200191580026526
0.7210223379797489
0.7240665671697551
0.7243055157958005
0.7269431665165091
0.7289634297617247
0.7316552712362884
0.7336758145781629
0.7364678999507969
0.7377668787998148
0.7394234854084566
0.7404162888968093
0.7411174621722723
0.7418594169462529
0.7436128124045349
0.7438962591165532
0.7490363161154983
0.7514857480049881
0.7534493346221406
0.75507753649707
0.756405754673684
0.7584015538064414
0.7600898772124478
0.7620585052513734
0.7624825934617214
0.7631230033240333
0.7637630750948838
0.7640401601599989
0.7666558335527145
0.7677696728174302
0.768854109099637
0.7706203493522352
0.7728375428061779
0.774421191526967
0.7755772969889781
0.7760933306801385
0.7772447908066396
0.7786477821409512
0.7792943370592148
0.7797722343113056
0.7809875045075744
0.7825070647048319
0.7842944387951936
0.7878929589424138
0.7902561510998218
0.7929624360475946
0.7939580060959054
0.7945980778667562
0.7982779500830542
0.7985550351481693
0.7991523251444402
0.7994439553573303
0.8010795971764918
0.8014427053827373
0.8019587390738976
0.8023598622187031
0.8036784802909355
0.804041588497181
0.8055609236659472
0.8058525538788373
0.8058525538788373
0.8069722392131716
0.8072556859251899
0.8079022408434535
0.8092728126022124
0.8098269827324426
0.8098269827324426
0.8098269827324426
0.8104067629876631
0.8110310413288564
0.8122081750860555
0.8127768903640605
0.8130603370760787
0.8141992708885007
0.8159141544469944
0.8164447332859299
0.8177839780561814
0.8198342678653966
0.8204585462065901
0.8207993778357652
0.8213585313929666
0.8221947700152827
0.8229209864277737
0.8232126166406638
0.8237813319186688
0.8241015368498248
0.8244646450560702
0.8254556266904542
0.8271317433162084
0.8280699284473622
0.8292850771431213
0.8296259087722964
0.8299667404014717
0.8306929568139626
0.8306929568139626
0.8320528282822334
0.8326548851145241
0.8342096087200361
0.835126765556002
0.8359630041783181
0.8374191597709868
0.8381453761834777
0.8387204531083859
0.8395185552916327
0.8407624002061672
0.8415876115613204
0.8421673918165413
0.8438716235685906
0.84522571340922
0.84522571340922
0.8471999368111532
0.8478926901688486
0.8482557983750941
0.849575168441506
0.8502679217992015
0.852809202162549
0.8535019555202443
0.8538221604514002
0.8540992455165153
0.8555854934319995
0.8558244420580451
0.8576956438871639
0.8583421988054274
0.8586338290183176
0.8598941558509817
0.8609418339140507
0.861658679792187
0.8623217166285801
0.8634155931310811
0.8645586710498672
0.8652432409066908
0.8652432409066908
0.8655348711195808
0.8665340362548368
0.867765788369235
0.8697239734870755
0.8708520015328439
0.8715365713896674
0.8727073434999634
0.8738447740559735
0.8738447740559735
0.8741282207679917
0.8747912576043847
0.8747912576043847
0.8750302062304303
0.8750302062304303
0.876114642512637
0.8773875142170142
0.8779466677742156
0.8782382979871055
0.8788355879833765
0.8795431229057423
0.8804286264500514
0.8825361504034014
0.8828277806162914
0.8831686122454666
0.8838151671637301
0.8838151671637301
0.8844984803011315
0.8857486868625694
0.8859876354886147
0.8859876354886147
0.8868334358317348
0.8871250660446248
0.8877048462998454
0.8888882781982401
0.889456993476245
0.8909667753617474
0.8909667753617474
0.8909667753617474
0.8912584055746375
0.8912584055746375
0.8919797336505988
0.8935061182812147
0.8944378202649558
0.895317178753313
0.8958763323105143
0.8972145750535001
0.8978264101975463
0.8985339451199122
0.8985339451199122
0.8991969819563054
0.8998212602974986
0.8998212602974986
0.9001128905103886
0.9004537221395638
0.900794553768739
0.9011956769135444
0.901899616748965
0.9024156504401254
0.9024156504401254
0.9033109322961894
0.9039891405061099
0.9045689207613307
0.9053684011645093
0.9053684011645093
0.9063300560864478
0.9066931642926933
0.9070562724989387
0.9073397192109568
0.9079797909818077
0.9085630514075879
0.9085630514075879
0.9090936302465232
0.9099418066672187
0.9099418066672187
0.9099418066672187
0.9105438634995097
0.9118019734651602
0.9118019734651602
0.9118019734651602
0.9118019734651602
0.9121428050943354
0.9121428050943354
0.9124344353072256
0.913112643517146
0.9140221904243262
0.9140221904243262
0.9142992754894412
0.9145827222014593
0.9148743524143492
0.9152374606205949
0.9154764092466401
0.9154764092466401
0.9154764092466401
0.9159004974569878
0.9169563590209289
0.9172479892338189
0.9179407425915144
0.9192503343461712
0.9192503343461712
0.9192503343461712
0.9199946274876749
0.9199946274876749
0.9208004695377566
0.9208004695377566
0.9208004695377566
0.9210775546028717
0.9213691848157618
0.9213691848157618
0.9217322930220071
0.9217322930220071
0.9220157397340252
0.9231231410817746
0.92500705776716
0.92500705776716
0.925902339623224
0.9262225445543799
0.9262225445543799
0.9262225445543799
0.9262225445543799
0.9264614931804253
0.927177211603663
0.9275180432328383
0.9275180432328383
0.9278382481639942
0.9285457830863602
0.9294839682175139
0.9298850913623193
0.9304648716175399
0.9311481847549413
0.9318263929648618
0.9318263929648618
0.9318263929648618
0.9321672245940369
0.932450671306055
0.93272775637117
0.9334926762106929
0.9343384765538131
0.9345774251798584
0.9348608718918767
0.9360318605931239
0.9364329837379294
0.9367100688030443
0.9367100688030443
0.9367100688030443
0.9370016990159346
0.9370016990159346
0.9374257872262822
0.9374257872262822
0.9381700803677858
0.9393325474767003
0.9396096325418153
0.9401256662329757
0.9401256662329757
0.9401256662329757
0.9407054464881962
0.9407054464881962
0.9409970767010863
0.9412887069139764
0.9416089118451322
0.9420100349899376
0.9426946048467614
0.9426946048467614
0.9426946048467614
0.9435372051159807
0.9438780367451558
0.9441614834571741
0.9441614834571741
0.9444004320832194
0.9444004320832194
0.9444004320832194
0.9451423868572001
0.9455435100020055
0.9462446832774682
0.9462446832774682
0.9462446832774682
0.9462446832774682
0.9462446832774682
0.9465648882086243
0.9471240417658255
0.9480177288110065
0.9480177288110065
0.9480177288110065
0.9480177288110065
0.9480177288110065
0.9480177288110065
0.9484418170213542
0.9492067368608773
0.9492067368608773
0.9496308250712251
0.9496308250712251
0.9499939332774705
0.9504180214878182
0.9506569701138636
0.9510810583242113
0.9515051465345591
0.9515051465345591
0.9520849267897796
0.9523620118548946
0.9523620118548946
0.9530250486912879
0.9532639973173332
0.9532639973173332
0.9532639973173332
0.953965170592796
0.9543282787990415
0.955049606875003
0.955390438504178
0.9556820687170681
0.9561599659691589
0.9561599659691589
0.9561599659691589
0.9565230741754043
0.9565230741754043
0.9565230741754043
0.9565230741754043
0.9565230741754043
0.9565230741754043
0.9565230741754043
0.9565230741754043
0.956947162385752
0.956947162385752
0.956947162385752
0.956947162385752
0.956947162385752
0.956947162385752
0.9572673673169079
0.9576914555272558
0.9579685405923707
0.9579685405923707
0.9579685405923707
0.9582601708052609
0.9582601708052609
0.9586232790115063
0.9589003640766214
0.9591393127026667
0.9591393127026667
0.9591393127026667
0.9594163977677818
0.9596553463938271
0.9596553463938271
0.9599469766067171
0.9599469766067171
0.9602878082358922
0.9606080131670482
0.9606080131670482
0.961032101377396
0.961032101377396
0.961032101377396
0.961032101377396
0.961323731590286
0.961323731590286
0.961323731590286
0.961323731590286
0.961323731590286
0.961323731590286
0.961323731590286
0.961607178302304
0.9618842633674191
0.9629630899969024
0.9629630899969024
0.9632465367089205
0.9636706249192684
0.9636706249192684
0.9636706249192684
0.9636706249192684
0.9640337331255139
0.9640337331255139
0.9643253633384039
0.9653127498858427
0.9653127498858427
0.9666974528896584
0.9666974528896584
0.9666974528896584
0.9666974528896584
0.9666974528896584
0.9666974528896584
0.9666974528896584
0.9666974528896584
0.9666974528896584
0.9670605610959038
0.9670605610959038
0.9674236693021493
0.9674236693021493
0.9674236693021493
0.9674236693021493
0.9674236693021493
0.9674236693021493
0.9674236693021493
0.9677007543672642
0.9677007543672642
0.9677007543672642
0.9679397029933097
0.9679397029933097
0.9685147799182177
0.9689159030630231
0.9693399912733711
0.9693399912733711
0.9693399912733711
0.9699724531154362
0.9703132847446114
0.9707144078894169
0.970997854601435
0.9712749396665499
0.9716380478727954
0.9719788795019707
0.972538033059172
0.972538033059172
0.9729391562039774
0.9732799878331525
0.9732799878331525
0.9732799878331525
0.9732799878331525
0.9732799878331525
0.9735570728982675
0.9735570728982675
0.9735570728982675
0.9735570728982675
0.9735570728982675
0.9738487031111577
0.9738487031111577
0.9738487031111577
0.9740876517372031
0.974364736802318
0.974364736802318
0.974364736802318
0.9747278450085636
0.9747278450085636
0.9747278450085636
0.9747278450085636
0.9747278450085636
0.9749667936346089
0.9749667936346089
0.9749667936346089
0.9749667936346089
0.9749667936346089
0.9749667936346089
0.9749667936346089
0.9749667936346089
0.9749667936346089
0.9749667936346089
0.975258423847499
0.975258423847499
0.975258423847499
0.975258423847499
0.975258423847499
0.975258423847499
0.9754973724735443
0.9754973724735443
0.9758604806797897
0.9758604806797897
0.9758604806797897
0.9758604806797897
0.9758604806797897
0.9758604806797897
0.9760994293058354
0.9760994293058354
0.9760994293058354
0.9760994293058354
0.9760994293058354
0.9760994293058354
0.9760994293058354
0.9763765143709503
0.9763765143709503
0.9766967193021061
0.9770169242332621
0.9770169242332621
0.9770169242332621
0.9770169242332621
0.9773577558624373
0.9773577558624373
0.9773577558624373
0.9773577558624373
0.9776985874916124
0.9779756725567275
0.9779756725567275
0.9779756725567275
0.9779756725567275
0.9779756725567275
0.9779756725567275
0.9779756725567275
0.9779756725567275
0.9783767957015329
0.9783767957015329
0.9783767957015329
0.9786970006326889
0.9792990574649798
0.9792990574649798
0.9792990574649798
0.9799537958841152
0.9799537958841152
0.9799537958841152
0.9799537958841152
0.9799537958841152
0.9802454260970053
0.9802454260970053
0.9802454260970053
0.9804843747230506
0.9807760049359407
0.9807760049359407
0.9810676351488308
0.9810676351488308
0.9810676351488308
0.9810676351488308
0.9810676351488308
0.9810676351488308
0.9810676351488308
0.9810676351488308
0.9810676351488308
0.9814917233591784
0.9814917233591784
0.9814917233591784
0.9817833535720685
0.9820668002840865
0.9820668002840865
0.9820668002840865
0.9823584304969768
0.9823584304969768
0.9827825187073245
0.9827825187073245
0.9827825187073245
0.9827825187073245
0.9827825187073245
0.9827825187073245
0.9827825187073245
0.9827825187073245
0.9827825187073245
0.9827825187073245
0.9827825187073245
0.9827825187073245
0.9827825187073245
0.9827825187073245
0.9827825187073245
0.9827825187073245
0.9827825187073245
0.9827825187073245
0.9827825187073245
0.9827825187073245
0.9827825187073245
0.9830741489202145
0.9830741489202145
0.9834982371305622
0.9834982371305622
0.9834982371305622
0.9837753221956773
0.9837753221956773
0.9837753221956773
0.9837753221956773
0.9837753221956773
0.9840587689076954
0.9843503991205854
0.9846912307497608
0.9849828609626508
0.9849828609626508
0.9849828609626508
0.9853030658938068
0.9853030658938068
0.9855420145198521
0.9855420145198521
0.9855420145198521
0.9855420145198521
0.9855420145198521
0.9855420145198521
0.9855420145198521
0.9859051227260976
0.9859051227260976
0.9859051227260976
0.9859051227260976
0.9859051227260976
0.9859051227260976
0.9859051227260976
0.9859051227260976
0.9859051227260976
0.9859051227260976
0.9859051227260976
0.9862253276572537
0.9865455325884095
0.9865455325884095
0.9865455325884095
0.9865455325884095
0.9865455325884095
0.9865455325884095
0.9865455325884095
0.9865455325884095
0.9869086407946549
0.9869086407946549
0.9869086407946549
0.9869086407946549
0.987192087506673
0.9875329191358482
0.9878960273420936
0.9878960273420936
0.9878960273420936
0.9878960273420936
0.9882591355483391
0.9882591355483391
0.9888993288196996
0.9888993288196996
0.9888993288196996
0.9888993288196996
0.9888993288196996
0.9888993288196996
0.9888993288196996
0.9891382774457449
0.9891382774457449
0.9895013856519904
0.9895013856519904
0.9895013856519904
0.9895013856519904
0.9895013856519904
0.9895013856519904
0.9895013856519904
0.9895013856519904
0.9895013856519904
0.9895013856519904
0.9895013856519904
0.9895013856519904
0.9895013856519904
0.9895013856519904
0.9895013856519904
0.9895013856519904
0.9895013856519904
0.9895013856519904
0.9900764625768986
0.9900764625768986
0.9900764625768986
0.9900764625768986
0.9900764625768986
0.9905005507872464
0.9905005507872464
0.9905005507872464
0.9908413824164215
0.9908413824164215
0.9908413824164215
0.9908413824164215
0.9908413824164215
0.9908413824164215
0.9908413824164215
0.9908413824164215
0.9908413824164215
0.9908413824164215
0.9908413824164215
0.9908413824164215
0.9914005359736229
0.9914005359736229
0.9914005359736229
0.9914005359736229
0.9914005359736229
0.9914005359736229
0.9914005359736229
0.9914005359736229
0.9914005359736229
0.9914005359736229
0.9914005359736229
0.9914005359736229
0.9914005359736229
0.9914005359736229
0.9914005359736229
0.9914005359736229
0.9914005359736229
0.9916776210387379
0.9916776210387379
0.9916776210387379
0.9916776210387379
0.9916776210387379
0.9916776210387379
0.9916776210387379
0.9916776210387379
0.9916776210387379
0.9919978259698939
0.9919978259698939
0.9919978259698939
0.9919978259698939
0.9919978259698939
0.9919978259698939
0.9919978259698939
0.9919978259698939
0.9919978259698939
0.9919978259698939
0.9919978259698939
0.9919978259698939
0.9919978259698939
0.9919978259698939
0.9919978259698939
0.9919978259698939
0.9919978259698939
0.9919978259698939
0.9919978259698939
0.9919978259698939
0.9919978259698939
0.9919978259698939
0.9919978259698939
0.9919978259698939
0.9919978259698939
0.9919978259698939
0.9919978259698939
0.9919978259698939
0.9919978259698939
0.9919978259698939
0.9919978259698939
0.9919978259698939
0.992281272681912
0.992281272681912
0.992281272681912
0.992281272681912
0.992281272681912
0.992281272681912
0.992281272681912
0.992281272681912
0.992281272681912
0.992281272681912
0.992281272681912
0.992281272681912
0.992281272681912
0.992281272681912
0.992281272681912
0.992281272681912
0.992281272681912
0.992281272681912
0.992281272681912
0.992281272681912
0.992281272681912
0.9925202213079574
0.9928118515208474
0.9928118515208474
0.9928118515208474
0.9928118515208474
0.9932129746656528
0.9932129746656528
0.9932129746656528
0.9932129746656528
0.9932129746656528
0.9932129746656528
0.9932129746656528
0.9932129746656528
0.9932129746656528
0.9932129746656528
0.9932129746656528
0.9932129746656528
0.9932129746656528
0.9932129746656528
0.9932129746656528
0.9932129746656528
0.9932129746656528
0.9932129746656528
0.9932129746656528
0.9932129746656528
0.9932129746656528
0.9932129746656528
0.9932129746656528
0.9932129746656528
0.9932129746656528
0.9932129746656528
0.993504604878543
0.993504604878543
0.993504604878543
0.993504604878543
0.993504604878543
0.993504604878543
0.993504604878543
0.993504604878543
0.993504604878543
0.993504604878543
0.993504604878543
0.993504604878543
0.993504604878543
0.993504604878543
0.993504604878543
0.993504604878543
0.993504604878543
0.993504604878543
0.993504604878543
0.993504604878543
0.993504604878543
0.993504604878543
0.993504604878543
0.993504604878543
0.993504604878543
0.993504604878543
0.993504604878543
0.993504604878543
0.993504604878543
0.993504604878543
0.993504604878543
0.993504604878543
0.993504604878543
0.993504604878543
0.993504604878543
0.993504604878543
0.993504604878543
0.9937435535045884
0.9937435535045884
0.9937435535045884
0.9937435535045884
0.9937435535045884
0.9937435535045884
0.9937435535045884
0.9940206385697034
0.9940206385697034
0.9940206385697034
0.9940206385697034
0.9943614701988785
0.994724578405124
0.994724578405124
0.994724578405124
0.994724578405124
0.994724578405124
0.994724578405124
0.994724578405124
0.994724578405124
0.994724578405124
0.994724578405124
0.994724578405124
0.994724578405124
0.9951257015499295
0.9951257015499295
0.9951257015499295
0.9951257015499295
0.9951257015499295
0.9951257015499295
0.9951257015499295
0.9951257015499295
0.9951257015499295
0.9951257015499295
0.9951257015499295
0.9951257015499295
0.9951257015499295
0.9951257015499295
0.9951257015499295
0.9951257015499295
0.9951257015499295
0.9951257015499295
0.9951257015499295
0.9951257015499295
0.9951257015499295
0.9951257015499295
0.9951257015499295
0.9951257015499295
0.9951257015499295
0.9951257015499295
0.9951257015499295
0.9951257015499295
0.9951257015499295
0.9951257015499295
0.9951257015499295
0.9951257015499295
0.9951257015499295
0.9951257015499295
0.9951257015499295
0.9951257015499295
0.9951257015499295
0.9951257015499295
0.9951257015499295
0.9951257015499295
0.9951257015499295
0.9951257015499295
0.9951257015499295
0.9951257015499295
0.9951257015499295
0.9954027866150444
0.9954027866150444
0.9954027866150444
0.9954027866150444
0.9954027866150444
0.9954027866150444
0.9954027866150444
0.9954027866150444
0.9954027866150444
0.9954027866150444
0.9954027866150444
0.9954027866150444
0.9954027866150444
0.9954027866150444
0.9954027866150444
0.9958039097598499
0.9958039097598499
0.9958039097598499
0.9958039097598499
0.9958039097598499
0.9958039097598499
0.9958039097598499
0.9958039097598499
0.9958039097598499
0.9958039097598499
0.9958039097598499
0.9958039097598499
0.9958039097598499
0.9958039097598499
0.9958039097598499
0.9958039097598499
0.9958039097598499
0.9958039097598499
0.9960955399727399
0.9960955399727399
0.9960955399727399
0.9960955399727399
0.9960955399727399
0.9960955399727399
0.9960955399727399
0.9960955399727399
0.9960955399727399
0.9960955399727399
0.9960955399727399
0.9960955399727399
0.9960955399727399
0.9960955399727399
0.9960955399727399
0.9964966631175454
0.9964966631175454
0.9964966631175454
0.9964966631175454
0.9964966631175454
0.9964966631175454
0.9964966631175454
0.9964966631175454
0.9964966631175454
0.9964966631175454
0.9964966631175454
0.9964966631175454
0.9964966631175454
0.9964966631175454
0.9964966631175454
0.9964966631175454
0.9964966631175454
0.9964966631175454
0.9964966631175454
0.9964966631175454
0.9964966631175454
0.9964966631175454
0.9964966631175454
0.9964966631175454
0.9964966631175454
0.9964966631175454
0.9964966631175454
0.9964966631175454
0.9964966631175454
0.9964966631175454
0.9964966631175454
0.9964966631175454
0.9964966631175454
0.9964966631175454
0.9964966631175454
0.9964966631175454
0.9964966631175454
0.9964966631175454
0.9964966631175454
0.9964966631175454
0.9964966631175454
0.9964966631175454
0.9964966631175454
0.9964966631175454
0.9964966631175454
0.9964966631175454
0.9964966631175454
0.9964966631175454
0.9964966631175454
0.9964966631175454
0.9964966631175454
0.9964966631175454
0.9964966631175454
0.9964966631175454
0.9964966631175454
0.9964966631175454
0.9964966631175454
0.9964966631175454
0.9964966631175454
0.9964966631175454
0.9964966631175454
0.9964966631175454
0.9964966631175454
0.9964966631175454
0.9964966631175454
0.9964966631175454
0.9964966631175454
0.9968168680487012
0.9968168680487012
0.9968168680487012
0.9968168680487012
0.9968168680487012
0.9968168680487012
0.9968168680487012
0.9968168680487012
0.9968168680487012
0.9968168680487012
0.9968168680487012
0.9968168680487012
0.9968168680487012
0.9968168680487012
0.9968168680487012
0.9968168680487012
0.9968168680487012
0.9968168680487012
0.9968168680487012
0.9968168680487012
0.9968168680487012
0.9968168680487012
0.9968168680487012
0.9968168680487012
0.9968168680487012
0.9968168680487012
0.9968168680487012
0.9968168680487012
0.9968168680487012
0.9968168680487012
0.9968168680487012
0.9968168680487012
0.9968168680487012
0.9968168680487012
0.9968168680487012
0.9968168680487012
0.9968168680487012
0.9968168680487012
0.9971003147607195
0.9971003147607195
0.9971003147607195
0.9971003147607195
0.9971003147607195
0.9971003147607195
0.9971003147607195
0.9971003147607195
0.9971003147607195
0.9971003147607195
0.9971003147607195
0.9971003147607195
0.9971003147607195
0.9971003147607195
0.9971003147607195
0.9971003147607195
0.9971003147607195
0.9971003147607195
0.9971003147607195
0.9973919449736096
0.9973919449736096
0.9973919449736096
0.9973919449736096
0.9973919449736096
0.9973919449736096
0.9973919449736096
0.9973919449736096
0.9973919449736096
0.9973919449736096
0.9973919449736096
0.9973919449736096
0.9973919449736096
0.9973919449736096
0.9973919449736096
0.9973919449736096
0.9973919449736096
0.9973919449736096
0.9973919449736096
0.9973919449736096
0.9973919449736096
0.9973919449736096
0.9973919449736096
0.9973919449736096
0.9973919449736096
0.9973919449736096
0.9973919449736096
0.9973919449736096
0.9973919449736096
0.9973919449736096
0.9973919449736096
0.9973919449736096
0.9973919449736096
0.9973919449736096
0.9973919449736096
0.9973919449736096
0.9973919449736096
0.9973919449736096
0.9973919449736096
0.9973919449736096
0.9973919449736096
0.9973919449736096
0.9973919449736096
0.9973919449736096
0.9973919449736096
0.9973919449736096
0.9973919449736096
0.9973919449736096
0.9973919449736096
0.9973919449736096
0.9973919449736096
0.9973919449736096
0.9973919449736096
0.9973919449736096
0.9973919449736096
0.9973919449736096
0.9973919449736096
0.9973919449736096
0.9973919449736096
0.9973919449736096
0.9973919449736096
0.9973919449736096
0.9973919449736096
0.9978160331839574
0.9980931182490723
0.9980931182490723
0.9980931182490723
0.9980931182490723
0.9980931182490723
0.9980931182490723
0.9980931182490723
0.9980931182490723
0.9980931182490723
0.9980931182490723
0.9980931182490723
0.9980931182490723
0.9980931182490723
0.9980931182490723
0.9980931182490723
0.9980931182490723
0.9980931182490723
0.9980931182490723
0.9980931182490723
0.9980931182490723
0.9980931182490723
0.9980931182490723
0.9980931182490723
0.9980931182490723
0.9980931182490723
0.9980931182490723
0.9980931182490723
0.9980931182490723
0.9980931182490723
0.9980931182490723
0.9980931182490723
0.9980931182490723
0.9980931182490723
0.9980931182490723
0.9980931182490723
0.9980931182490723
0.9980931182490723
0.9980931182490723
0.9985172064594201
0.9985172064594201
0.9985172064594201
0.9985172064594201
0.9985172064594201
0.9985172064594201
0.9985172064594201
0.9985172064594201
0.9985172064594201
0.9985172064594201
0.9985172064594201
0.9985172064594201
0.9985172064594201
0.9985172064594201
0.9985172064594201
0.9985172064594201
0.9985172064594201
0.9985172064594201
0.9985172064594201
0.9985172064594201
0.9985172064594201
0.9985172064594201
0.9985172064594201
0.9985172064594201
0.9985172064594201
0.9985172064594201
0.9985172064594201
0.9985172064594201
0.9985172064594201
0.9985172064594201
0.9985172064594201
0.9985172064594201
0.9985172064594201
0.9985172064594201
0.9985172064594201
0.9985172064594201
0.9985172064594201
0.9985172064594201
0.9985172064594201
0.9985172064594201
0.9985172064594201
0.9985172064594201
0.9985172064594201
0.9985172064594201
0.9985172064594201
0.9985172064594201
0.9985172064594201
0.9985172064594201
0.9988006531714382
0.9990777382365531
0.9990777382365531
0.9990777382365531
0.9990777382365531
0.9990777382365531
0.9990777382365531
0.9990777382365531
0.9990777382365531
0.9990777382365531
0.9990777382365531
0.9990777382365531
0.9990777382365531
0.9990777382365531
0.9990777382365531
0.9990777382365531
0.9990777382365531
0.9990777382365531
0.9990777382365531
0.9990777382365531
0.9990777382365531
0.9990777382365531
0.9990777382365531
0.9990777382365531
0.9990777382365531
0.9990777382365531
0.9990777382365531
0.9990777382365531
0.9990777382365531
0.9990777382365531
0.9990777382365531
0.9990777382365531
0.9990777382365531
0.9990777382365531
0.9990777382365531
0.9993979431677091
0.9993979431677091
0.9993979431677091
0.9993979431677091
0.9993979431677091
0.9993979431677091
0.9993979431677091
0.9993979431677091
0.9993979431677091
0.9993979431677091
0.9993979431677091
0.9993979431677091
0.9993979431677091
0.9993979431677091
0.9993979431677091
0.9993979431677091
0.9993979431677091
0.9993979431677091
0.9993979431677091
0.9993979431677091
0.9993979431677091
0.9993979431677091
0.9993979431677091
0.9993979431677091
0.9993979431677091
0.9993979431677091
0.9993979431677091
0.9993979431677091
0.9993979431677091
0.9993979431677091
0.9993979431677091
0.9993979431677091
0.9993979431677091
0.9993979431677091
0.9996368917937546
0.9996368917937546
0.9996368917937546
0.9996368917937546
0.9996368917937546
0.9996368917937546
0.9996368917937546
0.9996368917937546
0.9996368917937546
0.9996368917937546
0.9996368917937546
0.9996368917937546
0.9996368917937546
0.9996368917937546
0.9996368917937546
0.9996368917937546
0.9996368917937546
0.9996368917937546
0.9996368917937546
0.9996368917937546
0.9996368917937546
0.9996368917937546
0.9996368917937546
0.9996368917937546
0.9996368917937546
0.9996368917937546
0.9996368917937546
0.9996368917937546
0.9996368917937546
0.9996368917937546
0.9996368917937546
0.9996368917937546
0.9996368917937546
0.9996368917937546
0.9996368917937546
0.9996368917937546
0.9996368917937546
0.9996368917937546
0.9996368917937546
0.9996368917937546
0.9996368917937546
0.9996368917937546
0.9996368917937546
0.9996368917937546
0.9996368917937546
0.9996368917937546
0.9996368917937546
0.9996368917937546
0.9996368917937546
0.9996368917937546
0.9996368917937546
0.9996368917937546
0.9996368917937546
0.9996368917937546
0.9996368917937546
0.9996368917937546
0.9996368917937546
0.9996368917937546
0.9996368917937546
0.9996368917937546
0.9996368917937546
0.9996368917937546
0.9996368917937546
0.9996368917937546
0.9996368917937546
0.9996368917937546
0.9996368917937546
0.9996368917937546
0.9996368917937546
0.9996368917937546
0.9996368917937546
0.9996368917937546
0.9996368917937546
0.9996368917937546
0.9996368917937546
0.9996368917937546
0.9996368917937546
0.9996368917937546
0.9996368917937546
0.9996368917937546
0.9996368917937546
0.9996368917937546
0.9996368917937546
0.9996368917937546
1.0
1.0
