0.005675995326369893
0.013395847034446903
0.015174649402388616
0.016910866483780575
0.0263462406553989
0.035502989973058036
0.04436357742971116
0.04982887966007242
0.0571356079061705
0.06350300360199562
0.06967872635871936
0.07675301039808143
0.08900387201007115
0.09070062034084642
0.09177936899241061
0.0943609595809037
0.0973389928994943
0.09824973971188045
0.10247467880614058
0.10685011246413878
0.11076157464356995
0.11458001341840407
0.118441435893615
0.11931632653228516
0.12468216868876178
0.12989393646887074
0.13247230455114992
0.13477205442371532
0.13838297329410823
0.1392578639327784
0.14120466813989813
0.14456989491162553
0.15145525612533134
0.15831159624843574
0.16030109171238607
0.16324503826237707
0.17094184104355653
0.17496443027483088
0.17970074338871195
0.1805687989442675
0.18569346616883667
0.19115851233150397
0.19288789432978132
0.19888061710990612
0.20087011257385645
0.20495952821151334
0.20666984073823697
0.20880158877162433
0.2203201375221982
0.22431009308597044
0.2264418411193578
0.23039599455561957
0.23516787139967044
0.24093662933138443
0.24560312279653815
0.24900620419869324
0.2498810948373634
0.2571846773946592
0.25897031484571553
0.25897031484571553
0.27589841530417675
0.2776346323855687
0.2816504925040093
0.2833472408347845
0.28456824205578574
0.2901514051823829
0.2918548826259919
0.2959936333987697
0.3003624391826559
0.30781723687696755
0.31183309699540807
0.31448679000201996
0.32154698813801835
0.32423653731834623
0.3266224755123941
0.3278302049809931
0.32874095179337925
0.33260208182504397
0.3346979736847154
0.34012640672453676
0.345766445094424
0.3497632357413109
0.3505986576293644
0.3505986576293644
0.3585395441231845
0.3628010963402906
0.36524309878229305
0.3681611407776157
0.3718884076627773
0.3751525602404311
0.3781233427387726
0.38336090910326903
0.38632485651849596
0.3880610735998879
0.3946186886777617
0.3977538604383805
0.40538747451032864
0.40836550782891917
0.4112835498242419
0.41827749730747865
0.42232019337426974
0.42406997465161006
0.4298915790566238
0.4310993085252227
0.43403641999209913
0.43755816855426655
0.4412940887863505
0.4434367002168876
0.445568448250275
0.448126523023772
0.4551130644018324
0.45840341397770057
0.4622576596116043
0.46356484915408797
0.4701160275626742
0.47396388584193677
0.4785712181387829
0.48222160575979256
0.48513281267200054
0.4889806709512631
0.4977960580130666
0.5014723501887446
0.5023472408274148
0.5073510158543584
0.5119844111464262
0.5141596562444655
0.5207003345227639
0.5254095192447483
0.5294195816440374
0.5315880976292429
0.535044578856406
0.5358800007444595
0.5422735934384991
0.5434813229070983
0.5434813229070983
0.5434813229070983
0.5456992592619679
0.5476134298015857
0.5484747562443074
0.5523894409299526
0.5562282789838497
0.5624494426548939
0.5649883419865565
0.5649883419865565
0.5679254534534327
0.5691331829220319
0.5713016989072374
0.572608888449721
0.5752490172603844
0.5781134033630049
0.5821629345129106
0.5830309900684661
0.5853307399410315
0.5873871630500863
0.5885948925186854
0.5894303144067388
0.5922552317587426
0.5922552317587426
0.5935624213012263
0.5944373119398965
0.5944373119398965
0.5967237900600597
0.5979447912810609
0.6008886318607711
0.6021096330817723
0.6051666039015964
0.6051666039015964
0.6105817651890155
0.613898658269688
0.6147340801577416
0.6147340801577416
0.6147340801577416
0.616902596142947
0.6178133429553331
0.6178133429553331
0.6187240897677193
0.6253602522761397
0.6287931117180261
0.6308890035776975
0.6326183855759748
0.63753919478765
0.6384005212303718
0.6384005212303718
0.6384005212303718
0.6404964130900432
0.6413644686455987
0.6468831707009682
0.64774449714369
0.6503588762286573
0.6512696230410434
0.6533586798176002
0.6550689923443238
0.6576868291772198
0.6596336333843396
0.660469055272393
0.6613798020847791
0.6613798020847791
0.6613798020847791
0.6613798020847791
0.6622478576403347
0.6622478576403347
0.6639187014164416
0.6677045065237737
0.6677045065237737
0.6694079839673827
0.6714837689915373
0.6726914984601362
0.6726914984601362
0.6739124996811374
0.676044247714525
0.676044247714525
0.6769055741572467
0.67919205227741
0.67919205227741
0.6821492705798031
0.6821492705798031
0.685206241399627
0.6860416632876806
0.6880311587516309
0.6897414712783545
0.690576893166408
0.690576893166408
0.6926595132736773
0.6926595132736773
0.6926595132736773
0.6944810068984496
0.695316428786503
0.6961913194251732
0.6989735455203463
0.6998842923327325
0.7024750007737316
0.7024750007737316
0.7048904597109297
0.7061114609319309
0.7073191904005299
0.7073191904005299
0.7073191904005299
0.7090979927684716
0.7101767414200358
0.7101767414200358
0.7128372695097623
0.7140582707307636
0.7157876527290409
0.7179628978270802
0.7179628978270802
0.7200946458604676
0.7220841413244179
0.722994888136804
0.7238697787754742
0.7238697787754742
0.7247805255878603
0.7271959845250584
0.7282747331766226
0.7291360596193444
0.7312251163959012
0.737578873460881
0.7384896202732671
0.7384896202732671
0.7397106214942684
0.7436388703758618
0.7445069259314174
0.7466495373619545
0.7466495373619545
0.7487921487924917
0.7487921487924917
0.7518028157785843
0.7518028157785843
0.7552751439710874
0.7552751439710874
0.7552751439710874
0.7561364704138093
0.7572152190653734
0.7589119673961486
0.7601196968647476
0.7609810233074694
0.7609810233074694
0.7618559139461395
0.7630636434147386
0.7639385340534087
0.7639385340534087
0.7648065896089643
0.7656746451645199
0.7681033758541201
0.7681033758541201
0.7698068532977291
0.774311369011484
0.774311369011484
0.774311369011484
0.7753901176630482
0.7753901176630482
0.777776055857096
0.7786868026694822
0.7786868026694822
0.7786868026694822
0.7786868026694822
0.7786868026694822
0.7797655513210464
0.7819834876759162
0.7832906772183998
0.7832906772183998
0.7841520036611215
0.7841520036611215
0.7841520036611215
0.7850627504735077
0.7850627504735077
0.7850627504735077
0.7850627504735077
0.7850627504735077
0.786270479942107
0.786270479942107
0.7883269030511616
0.7905448394060313
0.7925343348699817
0.7925343348699817
0.7925343348699817
0.7925343348699817
0.7925343348699817
0.7934450816823677
0.7934450816823677
0.794355828494754
0.794355828494754
0.7969601011317015
0.7981811023527027
0.7999531756078105
0.8008639224201968
0.8008639224201968
0.8017746692325828
0.8017746692325828
0.8026100911206364
0.8026100911206364
0.8052211988406985
0.8052211988406985
0.8052211988406985
0.8072776219497532
0.8072776219497532
0.8072776219497532
0.8084853514183523
0.8114784258944616
0.8135743177541329
0.8152451615302398
0.8152451615302398
0.8152451615302398
0.8183244243278314
0.819192479883387
0.8200538063261087
0.8200538063261087
0.8221428631026655
0.8221428631026655
0.8234500526451491
0.8255323803088721
0.8263678021969256
0.8272785490093119
0.8298067397727967
0.8315923772238529
0.8315923772238529
0.8315923772238529
0.8326711258754173
0.8335065477634708
0.8343678742061924
0.8343678742061924
0.8360972562044697
0.8387219281204802
0.8420855407720187
0.8441286921286711
0.8465574228182714
0.8473928447063249
0.8482282665943783
0.8482282665943783
0.8491031572330485
0.8491031572330485
0.8491031572330485
0.8491031572330485
0.8511463085897009
0.8519817304777545
0.8528430569204762
0.8528430569204762
0.8536784788085297
0.8556252830156494
0.8556252830156494
0.8573546650139268
0.8573546650139268
0.8573546650139268
0.8582654118263129
0.8582654118263129
0.8582654118263129
0.8591267382690346
0.8610668133633207
0.8610668133633207
0.8610668133633207
0.8610668133633207
0.8619281398060425
0.8619281398060425
0.8640171965825992
0.8640171965825992
0.8640171965825992
0.8640171965825992
0.8648920872212694
0.8648920872212694
0.8659708358728335
0.8659708358728335
0.8690500986704252
0.8690500986704252
0.8709901737647112
0.8709901737647112
0.871851500207433
0.871851500207433
0.871851500207433
0.871851500207433
0.871851500207433
0.871851500207433
0.8727195557629885
0.8740267453054722
0.876208825486626
0.8795918000532644
0.8795918000532644
0.8795918000532644
0.8821733906417575
0.8830088125298109
0.8830088125298109
0.8830088125298109
0.8849624518200452
0.8849624518200452
0.8861701812886441
0.8861701812886441
0.8878669296194194
0.8887776764318056
0.8904879889585291
0.8904879889585291
0.8913987357709154
0.8913987357709154
0.8913987357709154
0.8913987357709154
0.8942495576775875
0.8942495576775875
0.8942495576775875
0.8942495576775875
0.897589035179574
0.8984244570676273
0.8992598789556809
0.9013030303123336
0.9013030303123336
0.9013030303123336
0.9013030303123336
0.9022137771247196
0.9030818326802752
0.9030818326802752
0.9041605813318395
0.9058573296626147
0.9058573296626147
0.9067186561053364
0.9077974047569006
0.9091045942993843
0.9091045942993843
0.909965920742106
0.909965920742106
0.909965920742106
0.909965920742106
0.9108766675544923
0.9125734158852674
0.9125734158852674
0.9125734158852674
0.913441471440823
0.913441471440823
0.9147486609833066
0.9165207342384147
0.9165207342384147
0.9165207342384147
0.9165207342384147
0.9165207342384147
0.9175994828899788
0.9175994828899788
0.9175994828899788
0.9175994828899788
0.9175994828899788
0.9199854210840266
0.9199854210840266
0.9199854210840266
0.9208534766395822
0.9217642234519684
0.9217642234519684
0.9217642234519684
0.9217642234519684
0.9217642234519684
0.9226391140906386
0.9226391140906386
0.9226391140906386
0.9226391140906386
0.9226391140906386
0.9226391140906386
0.9226391140906386
0.9226391140906386
0.9226391140906386
0.9226391140906386
0.9226391140906386
0.9226391140906386
0.9235498609030246
0.9246286095545889
0.9246286095545889
0.9246286095545889
0.9246286095545889
0.9246286095545889
0.9246286095545889
0.9246286095545889
0.9246286095545889
0.9277764141174738
0.9277764141174738
0.9286444696730294
0.9286444696730294
0.9286444696730294
0.9286444696730294
0.9286444696730294
0.9294798915610829
0.9294798915610829
0.9294798915610829
0.9294798915610829
0.9325232981849586
0.9325232981849586
0.9325232981849586
0.9338304877274423
0.9338304877274423
0.93621642592149
0.93621642592149
0.93621642592149
0.9370518478095435
0.9370518478095435
0.9370518478095435
0.9370518478095435
0.9370518478095435
0.9370518478095435
0.9370518478095435
0.9370518478095435
0.9370518478095435
0.9370518478095435
0.9379267384482137
0.9379267384482137
0.9379267384482137
0.9391477396692149
0.9391477396692149
0.9391477396692149
0.9391477396692149
0.9391477396692149
0.9404549292116986
0.9404549292116986
0.9434655961977914
0.9434655961977914
0.9452018132791833
0.9452018132791833
0.9452018132791833
0.9452018132791833
0.9452018132791833
0.9452018132791833
0.9452018132791833
0.9452018132791833
0.9452018132791833
0.9452018132791833
0.9460631397219051
0.9460631397219051
0.9460631397219051
0.9460631397219051
0.9469311952774606
0.9469311952774606
0.9469311952774606
0.9469311952774606
0.9481389247460597
0.9481389247460597
0.9481389247460597
0.9490002511887814
0.9490002511887814
0.9502079806573804
0.9502079806573804
0.9511187274697667
0.9511187274697667
0.9511187274697667
0.9511187274697667
0.9520294742821529
0.9520294742821529
0.9520294742821529
0.9520294742821529
0.9520294742821529
0.9520294742821529
0.9520294742821529
0.9520294742821529
0.9520294742821529
0.9520294742821529
0.9520294742821529
0.9533366638246366
0.9533366638246366
0.9533366638246366
0.9542115544633067
0.95504697635136
0.9559150319069156
0.9559150319069156
0.9567830874624712
0.9567830874624712
0.9567830874624712
0.9567830874624712
0.9576579781011413
0.9576579781011413
0.9587367267527055
0.9587367267527055
0.9587367267527055
0.9587367267527055
0.9587367267527055
0.9587367267527055
0.9587367267527055
0.9600439162951891
0.9600439162951891
0.9600439162951891
0.9600439162951891
0.9600439162951891
0.9600439162951891
0.9600439162951891
0.9600439162951891
0.9600439162951891
0.9600439162951891
0.9600439162951891
0.9600439162951891
0.9600439162951891
0.9600439162951891
0.9600439162951891
0.9600439162951891
0.9600439162951891
0.9600439162951891
0.9609052427379109
0.9609052427379109
0.9617406646259644
0.9628194132775286
0.9628194132775286
0.9628194132775286
0.9628194132775286
0.9628194132775286
0.9628194132775286
0.9628194132775286
0.9636943039161987
0.9636943039161987
0.9636943039161987
0.9636943039161987
0.9636943039161987
0.9636943039161987
0.9636943039161987
0.9636943039161987
0.9636943039161987
0.9636943039161987
0.9636943039161987
0.9636943039161987
0.9636943039161987
0.9636943039161987
0.9636943039161987
0.9636943039161987
0.9636943039161987
0.9636943039161987
0.9636943039161987
0.9645623594717543
0.9645623594717543
0.9645623594717543
0.9645623594717543
0.9645623594717543
0.9656411081233185
0.9656411081233185
0.9656411081233185
0.9656411081233185
0.9656411081233185
0.9656411081233185
0.9656411081233185
0.9656411081233185
0.9665159987619886
0.9665159987619886
0.9665159987619886
0.9665159987619886
0.9665159987619886
0.9665159987619886
0.9665159987619886
0.9665159987619886
0.9665159987619886
0.9665159987619886
0.9665159987619886
0.9665159987619886
0.9665159987619886
0.9673840543175442
0.9673840543175442
0.9673840543175442
0.9673840543175442
0.9673840543175442
0.9673840543175442
0.9695025305985294
0.9695025305985294
0.9695025305985294
0.9695025305985294
0.9695025305985294
0.9695025305985294
0.9695025305985294
0.9704132774109157
0.9704132774109157
0.9712813329664711
0.9712813329664711
0.9712813329664711
0.9725023341874723
0.9742317161857498
0.9742317161857498
0.9742317161857498
0.9742317161857498
0.9742317161857498
0.9750997717413052
0.9750997717413052
0.9750997717413052
0.9750997717413052
0.9750997717413052
0.9750997717413052
0.9750997717413052
0.9750997717413052
0.9750997717413052
0.9750997717413052
0.9750997717413052
0.9750997717413052
0.9750997717413052
0.9750997717413052
0.9750997717413052
0.9750997717413052
0.9750997717413052
0.9750997717413052
0.9750997717413052
0.9750997717413052
0.9750997717413052
0.9750997717413052
0.9750997717413052
0.9750997717413052
0.9759746623799754
0.9759746623799754
0.9759746623799754
0.9759746623799754
0.9771823918485745
0.9771823918485745
0.9771823918485745
0.9771823918485745
0.9771823918485745
0.9771823918485745
0.9771823918485745
0.9771823918485745
0.9780437182912962
0.9780437182912962
0.9780437182912962
0.9780437182912962
0.9780437182912962
0.9780437182912962
0.9801621945722814
0.9801621945722814
0.9810235210150032
0.9810235210150032
0.9810235210150032
0.9810235210150032
0.9810235210150032
0.9810235210150032
0.9810235210150032
0.9818984116536734
0.9818984116536734
0.9818984116536734
0.9818984116536734
0.9818984116536734
0.9818984116536734
0.9827597380963952
0.9836277936519507
0.9836277936519507
0.9836277936519507
0.9836277936519507
0.9836277936519507
0.9836277936519507
0.9836277936519507
0.9836277936519507
0.9836277936519507
0.9836277936519507
0.9836277936519507
0.9836277936519507
0.9836277936519507
0.9836277936519507
0.9836277936519507
0.9836277936519507
0.9836277936519507
0.9836277936519507
0.9836277936519507
0.9836277936519507
0.9836277936519507
0.9836277936519507
0.9836277936519507
0.9836277936519507
0.9845026842906209
0.9845026842906209
0.9845026842906209
0.9845026842906209
0.9845026842906209
0.9853640107333427
0.9853640107333427
0.9853640107333427
0.9853640107333427
0.9853640107333427
0.9853640107333427
0.9853640107333427
0.9853640107333427
0.9853640107333427
0.9853640107333427
0.9853640107333427
0.9853640107333427
0.9853640107333427
0.9853640107333427
0.9853640107333427
0.9853640107333427
0.9853640107333427
0.9853640107333427
0.9853640107333427
0.9853640107333427
0.9853640107333427
0.9853640107333427
0.9853640107333427
0.9853640107333427
0.9853640107333427
0.9853640107333427
0.9853640107333427
0.9853640107333427
0.9853640107333427
0.9853640107333427
0.9853640107333427
0.9853640107333427
0.9853640107333427
0.9853640107333427
0.9853640107333427
0.9853640107333427
0.9853640107333427
0.9853640107333427
0.9862320662888983
0.9862320662888983
0.9862320662888983
0.9862320662888983
0.9862320662888983
0.9862320662888983
0.9862320662888983
0.9862320662888983
0.9862320662888983
0.9862320662888983
0.9870674881769516
0.9870674881769516
0.9870674881769516
0.9870674881769516
0.9870674881769516
0.9870674881769516
0.9870674881769516
0.9870674881769516
0.9870674881769516
0.9870674881769516
0.9870674881769516
0.9870674881769516
0.9870674881769516
0.9870674881769516
0.9870674881769516
0.9870674881769516
0.9870674881769516
0.9870674881769516
0.9870674881769516
0.9870674881769516
0.9870674881769516
0.9870674881769516
0.9891565449535084
0.9891565449535084
0.9891565449535084
0.9902352936050725
0.9902352936050725
0.9902352936050725
0.9902352936050725
0.9902352936050725
0.9902352936050725
0.9902352936050725
0.9902352936050725
0.9902352936050725
0.9902352936050725
0.9902352936050725
0.9902352936050725
0.9913140422566369
0.9913140422566369
0.9913140422566369
0.9913140422566369
0.9913140422566369
0.9913140422566369
0.9913140422566369
0.9913140422566369
0.9913140422566369
0.9913140422566369
0.9913140422566369
0.9913140422566369
0.9913140422566369
0.9922247890690229
0.9922247890690229
0.9922247890690229
0.9922247890690229
0.9922247890690229
0.9922247890690229
0.9922247890690229
0.9922247890690229
0.9934457902900241
0.9934457902900241
0.9934457902900241
0.9934457902900241
0.9934457902900241
0.9934457902900241
0.9934457902900241
0.9934457902900241
0.9934457902900241
0.9934457902900241
0.9934457902900241
0.9934457902900241
0.9934457902900241
0.9934457902900241
0.9934457902900241
0.9934457902900241
0.9934457902900241
0.9934457902900241
0.9934457902900241
0.9934457902900241
0.9934457902900241
0.9934457902900241
0.9934457902900241
0.9934457902900241
0.9934457902900241
0.9934457902900241
0.9934457902900241
0.9934457902900241
0.9934457902900241
0.9934457902900241
0.9934457902900241
0.9934457902900241
0.9934457902900241
0.9934457902900241
0.9946667915110253
0.9946667915110253
0.9946667915110253
0.9946667915110253
0.9946667915110253
0.9946667915110253
0.9946667915110253
0.9946667915110253
0.9946667915110253
0.9946667915110253
0.9958745209796245
0.9958745209796245
0.9958745209796245
0.9958745209796245
0.9958745209796245
0.9958745209796245
0.9958745209796245
0.9958745209796245
0.9958745209796245
0.9958745209796245
0.9958745209796245
0.9958745209796245
0.9958745209796245
0.9958745209796245
0.9958745209796245
0.9958745209796245
0.9958745209796245
0.9958745209796245
0.9958745209796245
0.9958745209796245
0.9958745209796245
0.9958745209796245
0.9958745209796245
0.9958745209796245
0.9958745209796245
0.9958745209796245
0.9958745209796245
0.9958745209796245
0.9958745209796245
0.9958745209796245
0.9958745209796245
0.9958745209796245
0.9958745209796245
0.9958745209796245
0.9958745209796245
0.9958745209796245
0.9958745209796245
0.9958745209796245
0.9958745209796245
0.9958745209796245
0.9958745209796245
0.9958745209796245
0.9958745209796245
0.9958745209796245
0.9958745209796245
0.9958745209796245
0.9958745209796245
0.9958745209796245
0.9958745209796245
0.9958745209796245
0.9958745209796245
0.9958745209796245
0.9958745209796245
0.9958745209796245
0.9958745209796245
0.9958745209796245
0.9958745209796245
0.9958745209796245
0.9958745209796245
0.9958745209796245
0.9958745209796245
0.9958745209796245
0.9958745209796245
0.9958745209796245
0.9958745209796245
0.9958745209796245
0.9958745209796245
0.9958745209796245
0.9958745209796245
0.9958745209796245
0.9958745209796245
0.9958745209796245
0.9958745209796245
0.9958745209796245
0.9958745209796245
0.9958745209796245
0.9958745209796245
0.9958745209796245
0.9958745209796245
0.9958745209796245
0.9958745209796245
0.9958745209796245
0.9958745209796245
0.9958745209796245
0.9958745209796245
0.9958745209796245
0.9958745209796245
0.9958745209796245
0.9958745209796245
0.9958745209796245
0.9958745209796245
0.9958745209796245
0.9958745209796245
0.9958745209796245
0.9958745209796245
0.9958745209796245
0.9958745209796245
0.9958745209796245
0.9958745209796245
0.9958745209796245
0.9958745209796245
0.9958745209796245
0.9958745209796245
0.9958745209796245
0.9958745209796245
0.9958745209796245
0.9958745209796245
0.9958745209796245
0.9958745209796245
0.9958745209796245
0.9958745209796245
0.9958745209796245
0.9958745209796245
0.9958745209796245
0.9958745209796245
0.9958745209796245
0.9958745209796245
0.9958745209796245
0.9958745209796245
0.9958745209796245
0.9958745209796245
0.9958745209796245
0.9958745209796245
0.9958745209796245
0.9958745209796245
0.9958745209796245
0.9958745209796245
0.9958745209796245
0.9958745209796245
0.9958745209796245
0.9958745209796245
0.9958745209796245
0.9958745209796245
0.9958745209796245
0.9958745209796245
0.9958745209796245
0.9958745209796245
0.9958745209796245
0.9970955222006257
0.9970955222006257
0.9970955222006257
0.9970955222006257
0.9970955222006257
0.9970955222006257
0.9970955222006257
0.9970955222006257
0.9970955222006257
0.9970955222006257
0.9970955222006257
0.9970955222006257
0.9970955222006257
0.9970955222006257
0.9970955222006257
0.9970955222006257
0.9970955222006257
0.9970955222006257
0.9970955222006257
0.9970955222006257
0.9970955222006257
0.9970955222006257
0.9970955222006257
0.9970955222006257
0.9970955222006257
0.9970955222006257
0.9970955222006257
0.9970955222006257
0.9970955222006257
0.9970955222006257
0.9970955222006257
0.9970955222006257
0.9970955222006257
0.9970955222006257
0.9970955222006257
0.9970955222006257
0.9970955222006257
0.9970955222006257
0.9970955222006257
0.9970955222006257
0.9970955222006257
0.9970955222006257
0.9970955222006257
0.9970955222006257
0.9970955222006257
0.9970955222006257
0.9970955222006257
0.9970955222006257
0.9970955222006257
0.9970955222006257
0.9970955222006257
0.9970955222006257
0.9970955222006257
0.9970955222006257
0.9970955222006257
0.9970955222006257
0.9970955222006257
0.9970955222006257
0.9970955222006257
0.9970955222006257
0.9970955222006257
0.9970955222006257
0.9970955222006257
0.997930944088679
0.997930944088679
0.997930944088679
0.997930944088679
0.997930944088679
0.997930944088679
0.997930944088679
0.997930944088679
0.997930944088679
0.997930944088679
0.997930944088679
0.997930944088679
0.997930944088679
0.997930944088679
0.997930944088679
0.997930944088679
0.997930944088679
0.997930944088679
0.997930944088679
0.997930944088679
0.997930944088679
0.997930944088679
0.997930944088679
0.997930944088679
0.997930944088679
0.997930944088679
0.997930944088679
0.997930944088679
0.997930944088679
0.997930944088679
0.997930944088679
0.997930944088679
0.997930944088679
0.997930944088679
0.997930944088679
0.997930944088679
0.997930944088679
0.997930944088679
0.997930944088679
0.997930944088679
0.997930944088679
0.997930944088679
0.997930944088679
0.997930944088679
0.997930944088679
0.997930944088679
0.997930944088679
0.997930944088679
0.997930944088679
0.997930944088679
0.997930944088679
0.997930944088679
0.997930944088679
0.997930944088679
0.997930944088679
0.997930944088679
0.997930944088679
0.997930944088679
0.997930944088679
0.997930944088679
0.997930944088679
0.997930944088679
0.997930944088679
0.997930944088679
0.997930944088679
0.997930944088679
0.997930944088679
0.997930944088679
0.997930944088679
0.997930944088679
0.997930944088679
0.997930944088679
0.997930944088679
0.997930944088679
0.997930944088679
0.997930944088679
0.997930944088679
0.997930944088679
0.997930944088679
0.997930944088679
0.997930944088679
0.997930944088679
0.997930944088679
0.997930944088679
0.997930944088679
0.997930944088679
0.997930944088679
0.997930944088679
0.997930944088679
0.997930944088679
0.997930944088679
0.997930944088679
0.997930944088679
0.997930944088679
0.997930944088679
0.997930944088679
0.997930944088679
0.997930944088679
0.997930944088679
0.997930944088679
0.997930944088679
0.997930944088679
0.997930944088679
0.997930944088679
0.997930944088679
0.997930944088679
0.997930944088679
0.997930944088679
0.997930944088679
0.997930944088679
0.997930944088679
0.997930944088679
0.997930944088679
0.997930944088679
0.997930944088679
0.997930944088679
0.997930944088679
0.997930944088679
0.997930944088679
0.997930944088679
0.997930944088679
0.997930944088679
0.997930944088679
0.997930944088679
0.997930944088679
0.997930944088679
0.997930944088679
0.997930944088679
0.997930944088679
0.997930944088679
0.997930944088679
0.997930944088679
0.997930944088679
0.997930944088679
0.997930944088679
0.997930944088679
0.997930944088679
0.997930944088679
0.997930944088679
0.997930944088679
0.997930944088679
0.997930944088679
0.997930944088679
0.997930944088679
0.997930944088679
0.997930944088679
0.997930944088679
0.997930944088679
0.997930944088679
0.997930944088679
0.997930944088679
0.997930944088679
0.997930944088679
0.997930944088679
0.997930944088679
0.997930944088679
0.997930944088679
0.997930944088679
0.997930944088679
0.997930944088679
0.997930944088679
0.997930944088679
0.997930944088679
0.997930944088679
0.997930944088679
0.997930944088679
0.997930944088679
0.997930944088679
0.997930944088679
0.997930944088679
0.997930944088679
0.997930944088679
0.997930944088679
0.997930944088679
0.997930944088679
0.997930944088679
0.997930944088679
0.997930944088679
0.997930944088679
0.997930944088679
0.997930944088679
0.997930944088679
0.997930944088679
0.997930944088679
0.997930944088679
0.997930944088679
0.997930944088679
0.997930944088679
0.997930944088679
0.997930944088679
0.997930944088679
0.997930944088679
0.997930944088679
0.997930944088679
0.997930944088679
0.997930944088679
0.997930944088679
0.997930944088679
0.997930944088679
0.997930944088679
0.997930944088679
0.997930944088679
0.997930944088679
0.997930944088679
0.997930944088679
0.997930944088679
0.997930944088679
0.997930944088679
0.997930944088679
0.997930944088679
0.997930944088679
0.997930944088679
0.997930944088679
0.997930944088679
0.997930944088679
0.997930944088679
0.997930944088679
0.997930944088679
0.997930944088679
0.997930944088679
0.997930944088679
0.997930944088679
0.997930944088679
0.997930944088679
0.997930944088679
0.997930944088679
0.9987922705314011
0.9987922705314011
0.9987922705314011
0.9987922705314011
0.9987922705314011
0.9987922705314011
0.9987922705314011
0.9987922705314011
0.9987922705314011
0.9987922705314011
0.9987922705314011
0.9987922705314011
0.9987922705314011
0.9987922705314011
0.9987922705314011
0.9987922705314011
0.9987922705314011
0.9987922705314011
0.9987922705314011
0.9987922705314011
0.9987922705314011
0.9987922705314011
0.9987922705314011
0.9987922705314011
0.9987922705314011
0.9987922705314011
0.9987922705314011
0.9987922705314011
0.9987922705314011
0.9987922705314011
0.9987922705314011
0.9987922705314011
0.9987922705314011
0.9987922705314011
0.9987922705314011
0.9987922705314011
0.9987922705314011
0.9987922705314011
0.9987922705314011
0.9987922705314011
0.9987922705314011
0.9987922705314011
0.9987922705314011
0.9987922705314011
0.9987922705314011
0.9987922705314011
0.9987922705314011
0.9987922705314011
0.9987922705314011
0.9987922705314011
0.9987922705314011
0.9987922705314011
0.9987922705314011
0.9987922705314011
0.9987922705314011
0.9987922705314011
0.9987922705314011
0.9987922705314011
0.9987922705314011
0.9987922705314011
0.9987922705314011
0.9987922705314011
0.9987922705314011
0.9987922705314011
0.9987922705314011
0.9987922705314011
0.9987922705314011
0.9987922705314011
0.9987922705314011
0.9987922705314011
0.9987922705314011
0.9987922705314011
0.9987922705314011
0.9987922705314011
0.9987922705314011
0.9987922705314011
0.9987922705314011
0.9987922705314011
0.9987922705314011
0.9987922705314011
0.9987922705314011
0.9987922705314011
0.9987922705314011
0.9987922705314011
0.9987922705314011
0.9987922705314011
0.9987922705314011
0.9987922705314011
0.9987922705314011
0.9987922705314011
0.9987922705314011
0.9987922705314011
0.9987922705314011
0.9987922705314011
0.9987922705314011
0.9987922705314011
0.9987922705314011
0.9987922705314011
0.9987922705314011
0.9987922705314011
0.9987922705314011
0.9987922705314011
0.9987922705314011
0.9987922705314011
0.9987922705314011
0.9987922705314011
0.9987922705314011
0.9987922705314011
0.9987922705314011
0.9987922705314011
0.9987922705314011
0.9987922705314011
0.9987922705314011
0.9987922705314011
0.9987922705314011
0.9987922705314011
0.9987922705314011
0.9987922705314011
0.9987922705314011
0.9987922705314011
0.9987922705314011
0.9987922705314011
0.9987922705314011
0.9987922705314011
0.9987922705314011
0.9987922705314011
0.9987922705314011
0.9987922705314011
0.9987922705314011
0.9987922705314011
0.9987922705314011
0.9987922705314011
0.9987922705314011
0.9987922705314011
0.9987922705314011
0.9987922705314011
0.9987922705314011
0.9987922705314011
0.9987922705314011
0.9987922705314011
0.9987922705314011
0.9987922705314011
0.9987922705314011
0.9987922705314011
0.9987922705314011
0.9987922705314011
0.9987922705314011
0.9987922705314011
0.9987922705314011
0.9987922705314011
0.9987922705314011
0.9987922705314011
0.9987922705314011
0.9987922705314011
0.9987922705314011
0.9987922705314011
0.9987922705314011
0.9987922705314011
0.9987922705314011
0.9987922705314011
0.9987922705314011
0.9987922705314011
0.9987922705314011
0.9987922705314011
0.9987922705314011
0.9987922705314011
0.9987922705314011
0.9987922705314011
0.9987922705314011
0.9987922705314011
0.9987922705314011
0.9987922705314011
0.9987922705314011
0.9987922705314011
0.9987922705314011
0.9987922705314011
0.9987922705314011
0.9987922705314011
0.9987922705314011
0.9987922705314011
0.9987922705314011
0.9987922705314011
0.9987922705314011
0.9987922705314011
0.9987922705314011
0.9987922705314011
0.9987922705314011
0.9987922705314011
0.9987922705314011
0.9987922705314011
0.9987922705314011
0.9987922705314011
0.9987922705314011
0.9987922705314011
0.9987922705314011
0.9987922705314011
0.9987922705314011
0.9987922705314011
0.9987922705314011
0.9987922705314011
0.9987922705314011
0.9987922705314011
0.9987922705314011
0.9987922705314011
0.9987922705314011
0.9987922705314011
0.9987922705314011
0.9987922705314011
0.9987922705314011
0.9987922705314011
0.9987922705314011
0.9987922705314011
0.9987922705314011
0.9987922705314011
0.9987922705314011
0.9987922705314011
0.9987922705314011
0.9987922705314011
0.9987922705314011
0.9987922705314011
0.9987922705314011
0.9987922705314011
0.9987922705314011
0.9987922705314011
0.9987922705314011
0.9987922705314011
0.9987922705314011
0.9987922705314011
0.9987922705314011
0.9987922705314011
0.9987922705314011
0.9987922705314011
0.9987922705314011
0.9987922705314011
0.9987922705314011
0.9987922705314011
0.9987922705314011
0.9987922705314011
0.9987922705314011
0.9987922705314011
0.9987922705314011
0.9987922705314011
0.9987922705314011
0.9987922705314011
0.9987922705314011
0.9987922705314011
0.9987922705314011
0.9987922705314011
0.9987922705314011
0.9987922705314011
0.9987922705314011
0.9987922705314011
0.9987922705314011
0.9987922705314011
0.9987922705314011
0.9987922705314011
0.9987922705314011
0.9987922705314011
0.9987922705314011
0.9987922705314011
0.9987922705314011
0.9987922705314011
0.9987922705314011
0.9987922705314011
0.9987922705314011
0.9987922705314011
0.9987922705314011
0.9987922705314011
0.9987922705314011
0.9987922705314011
0.9987922705314011
0.9987922705314011
0.9987922705314011
0.9987922705314011
0.9987922705314011
0.9987922705314011
0.9987922705314011
0.9987922705314011
0.9987922705314011
0.9987922705314011
0.9987922705314011
0.9987922705314011
0.9987922705314011
0.9987922705314011
0.9987922705314011
0.9987922705314011
0.9987922705314011
0.9987922705314011
0.9987922705314011
0.9987922705314011
0.9987922705314011
0.9987922705314011
0.9987922705314011
0.9987922705314011
0.9987922705314011
0.9987922705314011
0.9987922705314011
0.9987922705314011
0.9987922705314011
0.9987922705314011
0.9987922705314011
0.9987922705314011
0.9987922705314011
0.9987922705314011
0.9987922705314011
0.9987922705314011
0.9987922705314011
0.9987922705314011
0.9987922705314011
0.9987922705314011
0.9987922705314011
0.9987922705314011
0.9987922705314011
0.9987922705314011
0.9987922705314011
0.9987922705314011
0.9987922705314011
0.9987922705314011
0.9987922705314011
0.9987922705314011
0.9987922705314011
0.9987922705314011
0.9987922705314011
0.9987922705314011
0.9987922705314011
0.9987922705314011
0.9987922705314011
0.9987922705314011
0.9987922705314011
0.9987922705314011
0.9987922705314011
0.9987922705314011
0.9987922705314011
0.9987922705314011
0.9987922705314011
0.9987922705314011
0.9987922705314011
0.9987922705314011
0.9987922705314011
0.9987922705314011
0.9987922705314011
0.9987922705314011
0.9987922705314011
0.9987922705314011
0.9987922705314011
0.9987922705314011
0.9987922705314011
0.9987922705314011
0.9987922705314011
0.9987922705314011
0.9987922705314011
0.9987922705314011
0.9987922705314011
0.9987922705314011
0.9987922705314011
0.9987922705314011
0.9987922705314011
0.9987922705314011
0.9987922705314011
0.9987922705314011
0.9987922705314011
0.9987922705314011
0.9987922705314011
0.9987922705314011
0.9987922705314011
0.9987922705314011
0.9987922705314011
0.9987922705314011
0.9987922705314011
0.9987922705314011
0.9987922705314011
0.9987922705314011
0.9987922705314011
0.9987922705314011
0.9987922705314011
0.9987922705314011
0.9987922705314011
0.9987922705314011
0.9987922705314011
0.9987922705314011
0.9987922705314011
0.9987922705314011
0.9987922705314011
0.9987922705314011
0.9987922705314011
0.9987922705314011
0.9987922705314011
0.9987922705314011
0.9987922705314011
0.9987922705314011
0.9987922705314011
0.9987922705314011
0.9987922705314011
0.9987922705314011
0.9987922705314011
0.9987922705314011
0.9987922705314011
0.9987922705314011
0.9987922705314011
0.9987922705314011
0.9987922705314011
0.9987922705314011
0.9987922705314011
0.9987922705314011
0.9987922705314011
0.9987922705314011
0.9987922705314011
0.9987922705314011
0.9987922705314011
0.9987922705314011
0.9987922705314011
0.9987922705314011
0.9987922705314011
0.9987922705314011
0.9987922705314011
0.9987922705314011
0.9987922705314011
0.9987922705314011
0.9987922705314011
0.9987922705314011
0.9987922705314011
0.9987922705314011
0.9987922705314011
0.9987922705314011
0.9987922705314011
0.9987922705314011
0.9987922705314011
0.9987922705314011
0.9987922705314011
0.9987922705314011
0.9987922705314011
0.9987922705314011
0.9987922705314011
0.9987922705314011
0.9987922705314011
0.9987922705314011
0.9987922705314011
0.9987922705314011
0.9987922705314011
0.9987922705314011
0.9987922705314011
0.9987922705314011
0.9987922705314011
0.9987922705314011
0.9987922705314011
0.9987922705314011
0.9987922705314011
0.9987922705314011
0.9987922705314011
0.9987922705314011
0.9987922705314011
0.9987922705314011
0.9987922705314011
0.9987922705314011
0.9987922705314011
0.9987922705314011
0.9987922705314011
0.9987922705314011
0.9987922705314011
0.9987922705314011
0.9987922705314011
0.9987922705314011
0.9987922705314011
0.9987922705314011
0.9987922705314011
0.9987922705314011
0.9987922705314011
0.9987922705314011
0.9987922705314011
0.9987922705314011
0.9987922705314011
0.9987922705314011
0.9987922705314011
0.9987922705314011
0.9987922705314011
0.9987922705314011
0.9987922705314011
0.9987922705314011
0.9987922705314011
0.9987922705314011
0.9987922705314011
0.9987922705314011
0.9987922705314011
0.9987922705314011
0.9987922705314011
0.9987922705314011
0.9987922705314011
0.9987922705314011
0.9987922705314011
0.9987922705314011
0.9987922705314011
0.9987922705314011
0.9987922705314011
0.9987922705314011
0.9987922705314011
0.9987922705314011
0.9987922705314011
0.9987922705314011
0.9987922705314011
0.9987922705314011
0.9987922705314011
0.9987922705314011
0.9987922705314011
0.9987922705314011
0.9987922705314011
0.9987922705314011
0.9987922705314011
0.9987922705314011
0.9987922705314011
0.9987922705314011
0.9987922705314011
0.9987922705314011
0.9987922705314011
0.9987922705314011
0.9987922705314011
0.9987922705314011
0.9987922705314011
0.9987922705314011
0.9987922705314011
0.9987922705314011
0.9987922705314011
0.9987922705314011
0.9987922705314011
0.9987922705314011
0.9987922705314011
0.9987922705314011
0.9987922705314011
0.9987922705314011
0.9987922705314011
0.9987922705314011
0.9987922705314011
0.9987922705314011
0.9987922705314011
0.9987922705314011
0.9987922705314011
0.9987922705314011
0.9987922705314011
0.9987922705314011
0.9987922705314011
0.9987922705314011
0.9987922705314011
0.9987922705314011
0.9987922705314011
0.9987922705314011
0.9987922705314011
0.9987922705314011
0.9987922705314011
0.9987922705314011
0.9987922705314011
0.9987922705314011
0.9987922705314011
0.9987922705314011
0.9987922705314011
0.9987922705314011
0.9987922705314011
0.9987922705314011
0.9987922705314011
0.9987922705314011
0.9987922705314011
0.9987922705314011
0.9987922705314011
0.9987922705314011
0.9987922705314011
0.9987922705314011
0.9987922705314011
0.9987922705314011
0.9987922705314011
0.9987922705314011
0.9987922705314011
0.9987922705314011
0.9987922705314011
0.9987922705314011
0.9987922705314011
0.9987922705314011
0.9987922705314011
0.9987922705314011
0.9987922705314011
0.9987922705314011
0.9987922705314011
0.9987922705314011
0.9987922705314011
0.9987922705314011
0.9987922705314011
0.9987922705314011
0.9987922705314011
0.9987922705314011
0.9987922705314011
0.9987922705314011
0.9987922705314011
0.9987922705314011
0.9987922705314011
0.9987922705314011
0.9987922705314011
0.9987922705314011
0.9987922705314011
0.9987922705314011
0.9987922705314011
0.9987922705314011
0.9987922705314011
0.9987922705314011
0.9987922705314011
0.9987922705314011
0.9987922705314011
0.9987922705314011
0.9987922705314011
0.9987922705314011
0.9987922705314011
0.9987922705314011
0.9987922705314011
0.9987922705314011
0.9987922705314011
0.9987922705314011
0.9987922705314011
0.9987922705314011
0.9987922705314011
0.9987922705314011
0.9987922705314011
0.9987922705314011
0.9987922705314011
0.9987922705314011
0.9987922705314011
0.9987922705314011
0.9987922705314011
0.9987922705314011
0.9987922705314011
0.9987922705314011
0.9987922705314011
0.9987922705314011
0.9987922705314011
0.9987922705314011
0.9987922705314011
0.9987922705314011
0.9987922705314011
0.9987922705314011
0.9987922705314011
0.9987922705314011
0.9987922705314011
0.9987922705314011
0.9987922705314011
0.9987922705314011
0.9987922705314011
0.9987922705314011
0.9987922705314011
0.9987922705314011
0.9987922705314011
0.9987922705314011
0.9987922705314011
0.9987922705314011
0.9987922705314011
0.9987922705314011
0.9987922705314011
0.9987922705314011
0.9987922705314011
0.9987922705314011
0.9987922705314011
0.9987922705314011
0.9987922705314011
0.9987922705314011
0.9987922705314011
0.9987922705314011
0.9987922705314011
0.9987922705314011
0.9987922705314011
0.9987922705314011
0.9987922705314011
0.9987922705314011
0.9987922705314011
0.9987922705314011
0.9987922705314011
0.9987922705314011
0.9987922705314011
0.9987922705314011
0.9987922705314011
0.9987922705314011
0.9987922705314011
0.9987922705314011
0.9987922705314011
0.9987922705314011
0.9987922705314011
0.9987922705314011
0.9987922705314011
0.9987922705314011
0.9987922705314011
0.9987922705314011
0.9987922705314011
0.9987922705314011
0.9987922705314011
0.9987922705314011
0.9987922705314011
0.9987922705314011
0.9987922705314011
0.9987922705314011
0.9987922705314011
0.9987922705314011
0.9987922705314011
0.9987922705314011
0.9987922705314011
0.9987922705314011
1.0
1.0
