0.013682947532835494
0.024715894030095296
0.03786076021813288
0.04419370210847796
0.057206088245419506
0.07318918821760208
0.08441806691744201
0.09250960683754708
0.10939031110633982
0.1255263031752813
0.12890843008683897
0.1342693655923299
0.1412193835185265
0.14431514820626962
0.14933506484588666
0.1561561020855438
0.162218894619924
0.16536727082175737
0.18099532446155278
0.18629171402787584
0.1914594911574116
0.1966980363781604
0.20122289028917334
0.20801222526710741
0.21246394149930195
0.21640972552858787
0.21746071653620627
0.2356698693735418
0.24186365322821549
0.24565370179945284
0.2548072379779745
0.2593562575495951
0.2651374215967251
0.26995180221462517
0.2762344281996915
0.2778128882663027
0.2880737665207676
0.29175110243205876
0.29710696764633776
0.3110531128856112
0.31703228929339716
0.31997615182829103
0.32690982428073373
0.3322482019116938
0.3350916347086869
0.35837676911883526
0.36567734695358955
0.3678700770011824
0.37506993992182364
0.38054251547850027
0.3902957951284451
0.3981620713033955
0.4084296025388339
0.4106652825014399
0.42807550169809505
0.4319815610765343
0.44159068252071754
0.4525936695678256
0.4573667908567171
0.46156210046838236
0.4683037154989331
0.47031177891050524
0.47459021606848306
0.489792196933037
0.4943661337656723
0.5034440154469436
0.5086384330618582
0.5131806099709935
0.5154589257761311
0.5222025898619655
0.5288414384644825
0.5325970538533068
0.5383873607670292
0.5431308284953715
0.5487776508088605
0.5536452891710203
0.558619982927408
0.5646497274418996
0.568002504658736
0.5723001040541963
0.5743096247165344
0.5767887986597959
0.5775300885041251
0.580546452040001
0.5849392002076048
0.5869946782692748
0.5911467209993585
0.591780836408363
0.5964674883109202
0.5981932431511972
0.603769987948293
0.6044909684818185
0.6044909684818185
0.609538932074383
0.6154080418651108
0.6212892487263144
0.622615189937396
0.627772472593401
0.628399039009441
0.6359091405425679
0.6385468537065968
0.6385468537065968
0.6390679584486499
0.6419706151252659
0.6477947120267048
0.6523211283207008
0.6537042666887782
0.657279573100041
0.6638697020517875
0.6680495506336992
0.6686993232132963
0.6700576140452714
0.6705360829447929
0.6718762585247581
0.6788890557972943
0.6839280232002943
0.6861026624209493
0.687527479264595
0.6894011988454728
0.6916066598108473
0.6933111349160417
0.6939303299624813
0.6939303299624813
0.6957125322786272
0.6999669251044179
0.701805357739952
0.705172993128149
0.7084984865546804
0.7136353533148041
0.7172287527940393
0.7196243767762385
0.721040430453226
0.721040430453226
0.7223343893323243
0.7267094776083413
0.733388776150253
0.7374996129336415
0.7399303582651572
0.7418185170058432
0.7456608619112418
0.7461819666532952
0.7469029471868207
0.7485772846610539
0.7518667139553861
0.7534712482745167
0.755441318513124
0.7567102861391607
0.7615276693562345
0.762737132407803
0.766489404962556
0.7675403959701743
0.7695727203709198
0.7703037145229666
0.7720638953515802
0.7729883945811643
0.775058902780007
0.7764837196236526
0.7796730412694649
0.7809404237725454
0.7828166244571285
0.7853990710130991
0.7858567369169893
0.7881979262262441
0.7889392160705732
0.7895657824866134
0.7907647382348327
0.7930857105405874
0.7941658562796544
0.7955337125400236
0.7968920033719985
0.7987412253846429
0.8020969997570313
0.8020969997570313
0.8020969997570313
0.8041457924427821
0.8067104186136977
0.8084966245237254
0.8104227360989598
0.8104227360989598
0.8123982263361622
0.8168231191569967
0.8173015880565182
0.8181113046557085
0.819906862651088
0.819906862651088
0.8232959858693618
0.8289397707140751
0.830027649567886
0.8318328624213419
0.8380165211907922
0.8398215139214469
0.8422437142796637
0.8438683910471418
0.8438683910471418
0.8449409877932444
0.8449409877932444
0.8471158139534859
0.8500742595391219
0.8506934545855614
0.8511719234850832
0.8529999200499218
0.8543244564621775
0.854802925361699
0.8554776891943575
0.8567716480734557
0.8586596394705693
0.8623943572997045
0.8656268613973852
0.8666690708814917
0.8674000650335385
0.8674000650335385
0.8674000650335385
0.8674000650335385
0.8683788356794817
0.8683788356794817
0.8690535995121401
0.8714196783978899
0.8718981472974114
0.8726291414494582
0.8788576136268171
0.8793152795307074
0.880447709267256
0.8831296129216998
0.8844541493339556
0.8851751298674811
0.8862727938134423
0.8875196030147466
0.8882608928590757
0.8900617221113434
0.8908030119556726
0.8921196243120795
0.8939793182467886
0.8944253485768511
0.8951088755761675
0.8963047441508792
0.8969097048284352
0.8975515533521836
0.8986433346650781
0.9019354521841482
0.903886555012444
0.90449151569
0.9056123098527209
0.9062315048991605
0.9075716804791257
0.9082926610126513
0.9089267764216559
0.9089267764216559
0.9109274814653959
0.9109274814653959
0.9115466765118355
0.9129611976631987
0.9136921918152455
0.9165602201778057
0.9172349840104643
0.9179097478431227
0.9179097478431227
0.9179097478431227
0.9185932748424394
0.919894605091138
0.9205364536148863
0.9219321979810706
0.9237258187145634
0.9255346781018999
0.9255346781018999
0.9255346781018999
0.9262759679462292
0.9262759679462292
0.926880928623785
0.9273593975233068
0.9273593975233068
0.9290703738826408
0.9290703738826408
0.9290703738826408
0.9317308651244994
0.9324056289571581
0.9337551566224752
0.9348385861995525
0.9348385861995525
0.9354435468771086
0.937150620777359
0.9382788622564776
0.9396746066226619
0.9401530755221833
0.9414544057708821
0.9414544057708821
0.9419328746704035
0.9428690094738154
0.9428690094738154
0.9449469568910146
0.9462728981020959
0.9462728981020959
0.9468920931485356
0.948344067834108
0.9489938404137053
0.9489938404137053
0.9495149451557584
0.95061998047132
0.9513409610048456
0.9513409610048456
0.9519675274208858
0.9527088172652147
0.9533506657889631
0.9540004383685602
0.954731432520607
0.954731432520607
0.954731432520607
0.954731432520607
0.954731432520607
0.9551890984244972
0.955920092576544
0.955920092576544
0.955920092576544
0.9563661229066064
0.9571074127509357
0.9580861833968789
0.9591856978245175
0.9591856978245175
0.9591856978245175
0.9598122642405575
0.9598122642405575
0.9598122642405575
0.9604463796495619
0.9611211434822206
0.9611211434822206
0.9611211434822206
0.9611211434822206
0.9611211434822206
0.9611211434822206
0.961804670481537
0.961804670481537
0.9622507008115995
0.9634927860871781
0.9634927860871781
0.9634927860871781
0.9634927860871781
0.9634927860871781
0.9634927860871781
0.9634927860871781
0.9641675499198368
0.9641675499198368
0.9641675499198368
0.9648510769191532
0.9655258407518118
0.9655258407518118
0.9655258407518118
0.9655258407518118
0.9662468212853375
0.9662468212853375
0.9669215851179959
0.9669215851179959
0.9669215851179959
0.9669215851179959
0.9669215851179959
0.9669215851179959
0.9669215851179959
0.9669215851179959
0.9669215851179959
0.9675407801644355
0.9681599752108752
0.9681599752108752
0.9689696918100654
0.9689696918100654
0.9689696918100654
0.9689696918100654
0.9710635150193861
0.9710635150193861
0.9710635150193861
0.9710635150193861
0.9710635150193861
0.9710635150193861
0.9710635150193861
0.9710635150193861
0.9710635150193861
0.9710635150193861
0.9710635150193861
0.9710635150193861
0.9710635150193861
0.9715095453494487
0.9715095453494487
0.9715095453494487
0.9715095453494487
0.9715095453494487
0.9721843091821073
0.9721843091821073
0.9738247739804669
0.9738247739804669
0.9738247739804669
0.9738247739804669
0.9738247739804669
0.9738247739804669
0.9738247739804669
0.9738247739804669
0.9742708043105293
0.9742708043105293
0.9749049197195336
0.9749049197195336
0.9749049197195336
0.9749049197195336
0.9749049197195336
0.9749049197195336
0.9749049197195336
0.9749049197195336
0.9760835661569494
0.9760835661569494
0.9760835661569494
0.9760835661569494
0.9760835661569494
0.9760835661569494
0.9760835661569494
0.9760835661569494
0.976758329989608
0.9772159958934983
0.9772159958934983
0.9772159958934983
0.9772159958934983
0.9772159958934983
0.9772159958934983
0.9772159958934983
0.9772159958934983
0.9772159958934983
0.9772159958934983
0.977946990045545
0.9786679705790705
0.9791140009091329
0.9801941466481998
0.9806726155477212
0.9806726155477212
0.9806726155477212
0.9806726155477212
0.9806726155477212
0.9806726155477212
0.9806726155477212
0.9821245902332937
0.9821245902332937
0.9821245902332937
0.9821245902332937
0.9821245902332937
0.9821245902332937
0.9821245902332937
0.9821245902332937
0.9821245902332937
0.9827993540659523
0.9827993540659523
0.9827993540659523
0.9827993540659523
0.9847623033973227
0.9847623033973227
0.9847623033973227
0.9847623033973227
0.9858424491363895
0.9858424491363895
0.9858424491363895
0.9858424491363895
0.9858424491363895
0.9858424491363895
0.9858424491363895
0.9858424491363895
0.9858424491363895
0.9865259761357061
0.9865259761357061
0.9865259761357061
0.9871525425517462
0.9871525425517462
0.9876736472937994
0.9884046414458462
0.9884046414458462
0.9884046414458462
0.9884046414458462
0.9884046414458462
0.9884046414458462
0.9884046414458462
0.9891256219793717
0.9891256219793717
0.9891256219793717
0.9891256219793717
0.9895716523094342
0.9895716523094342
0.9895716523094342
0.9895716523094342
0.9895716523094342
0.9895716523094342
0.9895716523094342
0.9895716523094342
0.9895716523094342
0.9902214248890313
0.9902214248890313
0.9908555402980358
0.9908555402980358
0.9908555402980358
0.9908555402980358
0.9908555402980358
0.9908555402980358
0.9908555402980358
0.9908555402980358
0.9908555402980358
0.9908555402980358
0.9908555402980358
0.9908555402980358
0.9908555402980358
0.9908555402980358
0.9908555402980358
0.9908555402980358
0.9908555402980358
0.9908555402980358
0.9913015706280983
0.9913015706280983
0.9913015706280983
0.9913015706280983
0.9913015706280983
0.9913015706280983
0.9913015706280983
0.9913015706280983
0.9913015706280983
0.9913015706280983
0.9913015706280983
0.9913015706280983
0.9918226753701515
0.9918226753701515
0.9918226753701515
0.9918226753701515
0.9918226753701515
0.9929434695328724
0.9929434695328724
0.9929434695328724
0.9929434695328724
0.9929434695328724
0.9929434695328724
0.9929434695328724
0.9935932421124695
0.9935932421124695
0.9941143468545227
0.9941143468545227
0.9941143468545227
0.9941143468545227
0.9941143468545227
0.9941143468545227
0.9941143468545227
0.9941143468545227
0.9941143468545227
0.9941143468545227
0.9941143468545227
0.9941143468545227
0.9941143468545227
0.9941143468545227
0.9941143468545227
0.9941143468545227
0.9941143468545227
0.9941143468545227
0.9941143468545227
0.9941143468545227
0.9941143468545227
0.9941143468545227
0.9941143468545227
0.9941143468545227
0.9941143468545227
0.9941143468545227
0.9941143468545227
0.9941143468545227
0.9941143468545227
0.9941143468545227
0.9941143468545227
0.9941143468545227
0.9941143468545227
0.9941143468545227
0.9941143468545227
0.9941143468545227
0.9941143468545227
0.9941143468545227
0.9941143468545227
0.9941143468545227
0.9941143468545227
0.9941143468545227
0.9941143468545227
0.9941143468545227
0.9947891106871812
0.9947891106871812
0.9947891106871812
0.9947891106871812
0.9947891106871812
0.9947891106871812
0.9947891106871812
0.9947891106871812
0.9947891106871812
0.9947891106871812
0.9947891106871812
0.9947891106871812
0.9947891106871812
0.9947891106871812
0.9947891106871812
0.9947891106871812
0.9947891106871812
0.9947891106871812
0.9947891106871812
0.9954726376864976
0.9954726376864976
0.9954726376864976
0.9954726376864976
0.9954726376864976
0.9954726376864976
0.9954726376864976
0.9954726376864976
0.9954726376864976
0.9954726376864976
0.9961936182200232
0.9961936182200232
0.9961936182200232
0.9961936182200232
0.9969349080643525
0.9969349080643525
0.9969349080643525
0.9969349080643525
0.9969349080643525
0.9969349080643525
0.9969349080643525
0.9969349080643525
0.9969349080643525
0.9969349080643525
0.9969349080643525
0.9969349080643525
0.9969349080643525
0.9969349080643525
0.9969349080643525
0.9969349080643525
0.9969349080643525
0.9969349080643525
0.9969349080643525
0.9969349080643525
0.9969349080643525
0.9969349080643525
0.9969349080643525
0.9969349080643525
0.9969349080643525
0.9969349080643525
0.9969349080643525
0.9969349080643525
0.9969349080643525
0.9969349080643525
0.9975398687419083
0.9981739841509129
0.9981739841509129
0.9981739841509129
0.9981739841509129
0.9981739841509129
0.9981739841509129
0.9981739841509129
0.9981739841509129
0.9981739841509129
0.9981739841509129
0.9981739841509129
0.9981739841509129
0.9981739841509129
0.9981739841509129
0.9981739841509129
0.9981739841509129
0.9981739841509129
0.9981739841509129
0.9981739841509129
0.9981739841509129
0.9981739841509129
0.9981739841509129
0.9981739841509129
0.9981739841509129
0.9981739841509129
0.9981739841509129
0.9981739841509129
0.9981739841509129
0.9981739841509129
0.9981739841509129
0.9981739841509129
0.9981739841509129
0.9981739841509129
0.9981739841509129
0.9981739841509129
0.9981739841509129
0.9981739841509129
0.9981739841509129
0.9981739841509129
0.9981739841509129
0.9981739841509129
0.9981739841509129
0.9981739841509129
0.9981739841509129
0.9988005505669529
0.9988005505669529
0.9988005505669529
0.9988005505669529
0.9988005505669529
0.9988005505669529
0.9988005505669529
0.9988005505669529
0.9988005505669529
0.9988005505669529
0.9988005505669529
0.9988005505669529
0.9988005505669529
0.9988005505669529
0.9988005505669529
0.9988005505669529
0.9988005505669529
0.9988005505669529
0.9988005505669529
0.9988005505669529
0.9988005505669529
0.9988005505669529
0.9988005505669529
0.9988005505669529
0.9988005505669529
0.9995215311004785
0.9995215311004785
0.9995215311004785
0.9995215311004785
0.9995215311004785
0.9995215311004785
0.9995215311004785
1.0
1.0
