0.11867097279187197
0.21251941793137238
0.3184104055049353
0.40354143883475735
0.42814618639702806
0.4677119845501502
0.5269662790115134
0.5897513992499669
0.6085477538020335
0.6348317211377051
0.6741683427331652
0.7080261385241252
0.7341075762553824
0.7591971685001508
0.7970893762850603
0.8346592305624969
0.844687281346443
0.8507831344351398
0.8594389324852165
0.8640853434619927
0.8778253595213746
0.8807690136278195
0.9068604428753156
0.914171617464856
0.9249088164131682
0.9317303872534402
0.9408517079662774
0.9461920088349477
0.9517006533009885
0.9548484578638736
0.9675376773540365
0.9675376773540365
0.9675376773540365
0.968405732909592
0.9696267341305932
0.9760662322445371
0.979659899907184
0.979659899907184
0.9805706467195703
0.9823068638009622
0.9823068638009622
0.9823068638009622
0.9823068638009622
0.9823068638009622
0.9832176106133483
0.9840856661689039
0.9840856661689039
0.9849964129812901
0.9862174142022914
0.9870923048409614
0.9870923048409614
0.9870923048409614
0.9870923048409614
0.9879671954796316
0.9879671954796316
0.989788689104404
0.9918713092116733
0.9918713092116733
0.9918713092116733
0.9918713092116733
0.9918713092116733
0.9918713092116733
0.9918713092116733
0.9918713092116733
0.9918713092116733
0.9918713092116733
0.9929500578632374
0.993818113418793
0.9956396070435652
0.9956396070435652
0.9956396070435652
0.9964750289316187
0.9964750289316187
0.9964750289316187
0.9964750289316187
0.9973104508196722
0.9973104508196722
0.9973104508196722
0.9981785063752278
0.9981785063752278
0.9981785063752278
0.9981785063752278
0.9981785063752278
0.9981785063752278
0.9981785063752278
0.9981785063752278
0.9981785063752278
0.9981785063752278
0.9981785063752278
0.9981785063752278
0.9981785063752278
0.9981785063752278
0.9981785063752278
0.9981785063752278
0.9981785063752278
0.9981785063752278
0.9981785063752278
0.9981785063752278
0.9981785063752278
0.9981785063752278
0.9981785063752278
0.9981785063752278
0.9981785063752278
0.9981785063752278
0.9981785063752278
0.999089253187614
0.999089253187614
0.999089253187614
0.999089253187614
0.999089253187614
0.999089253187614
0.999089253187614
0.999089253187614
0.999089253187614
0.999089253187614
0.999089253187614
0.999089253187614
0.999089253187614
0.999089253187614
0.999089253187614
0.999089253187614
0.999089253187614
0.999089253187614
0.999089253187614
0.999089253187614
0.999089253187614
0.999089253187614
0.999089253187614
0.999089253187614
0.999089253187614
0.999089253187614
0.999089253187614
0.999089253187614
0.999089253187614
0.999089253187614
0.999089253187614
0.999089253187614
0.999089253187614
0.999089253187614
0.999089253187614
0.999089253187614
0.999089253187614
0.999089253187614
0.999089253187614
0.999089253187614
0.999089253187614
0.999089253187614
0.999089253187614
0.999089253187614
0.999089253187614
0.999089253187614
0.999089253187614
0.999089253187614
0.999089253187614
1.0
1.0
