0.0
0.0
0.0
0.0
0.0
0.0
0.0
0.0
0.0
0.0
0.007043468635667667
0.007043468635667667
0.01293759119593457
0.02407052784928962
0.02407052784928962
0.02407052784928962
0.03026846814888401
0.03026846814888401
0.03316031314599217
0.03316031314599217
0.04776155449961616
0.05813694238608938
0.059883111086528995
0.059883111086528995
0.059883111086528995
0.06708115182437435
0.06708115182437435
0.07742522771998835
0.07742522771998835
0.07742522771998835
0.07742522771998835
0.07742522771998835
0.09089705065761705
0.09177194129628721
0.10703179587254325
0.10703179587254325
0.10703179587254325
0.11054008620904315
0.11956221967596178
0.11956221967596178
0.11956221967596178
0.1279523989847603
0.1279523989847603
0.14323950524650136
0.14323950524650136
0.14415025205888754
0.14415025205888754
0.14415025205888754
0.15667279601470982
0.15667279601470982
0.16510259540042535
0.16813498334222385
0.16813498334222385
0.16813498334222385
0.18046844873150733
0.1903042991347725
0.1939407592929718
0.1939407592929718
0.1939407592929718
0.1939407592929718
0.1939407592929718
0.19485150610535795
0.20641474818105526
0.20641474818105526
0.21635253624400208
0.2277189217036059
0.2277189217036059
0.23472131365858717
0.2364575307399791
0.2524550211522304
0.2524550211522304
0.2524550211522304
0.2524550211522304
0.2524550211522304
0.2524550211522304
0.2532904430402839
0.2713869746124107
0.27610288844722874
0.27610288844722874
0.27610288844722874
0.27610288844722874
0.27610288844722874
0.27610288844722874
0.2855899741010431
0.2937455163859436
0.2937455163859436
0.2946562631983298
0.3033863737167529
0.3033863737167529
0.3033863737167529
0.3283424430102213
0.3283424430102213
0.3283424430102213
0.3283424430102213
0.33262317066916197
0.33262317066916197
0.33262317066916197
0.3427742985807105
0.3534061021214125
0.3534061021214125
0.3534061021214125
0.35653478528866844
0.35653478528866844
0.35934291593851
0.37164977693558476
0.37164977693558476
0.37164977693558476
0.37164977693558476
0.37164977693558476
0.3815977202150007
0.3815977202150007
0.3885584063530392
0.3885584063530392
0.3893938282410926
0.3911041407678162
0.3911041407678162
0.40177911087057916
0.40177911087057916
0.41709931530540595
0.41709931530540595
0.4275538672740141
0.4275538672740141
0.4275538672740141
0.4275538672740141
0.4275538672740141
0.435422705395921
0.435422705395921
0.435422705395921
0.435422705395921
0.4426691690348299
0.4426691690348299
0.4480792895522274
0.46079134786504383
0.46079134786504383
0.46079134786504383
0.46426357008726604
0.46426357008726604
0.46604920753832235
0.46604920753832235
0.4734422445042497
0.4734422445042497
0.4734422445042497
0.4858582355505365
0.4858582355505365
0.4867195619932583
0.4867195619932583
0.4914096772436889
0.4914096772436889
0.4914096772436889
0.4914096772436889
0.4914096772436889
0.4931817504987968
0.49617511741845216
0.5132918227014852
0.5132918227014852
0.5158067417125678
0.5158067417125678
0.5158067417125678
0.5158067417125678
0.5158067417125678
0.5256720116202614
0.5256720116202614
0.5256720116202614
0.5256720116202614
0.5278472567183007
0.5278472567183007
0.5278472567183007
0.5289260053698648
0.5371010155401461
0.5455034292373838
0.5507209286617256
0.5507209286617256
0.5507209286617256
0.5507209286617256
0.558071620860574
0.5660157298606081
0.5660157298606081
0.5660157298606081
0.5660157298606081
0.5660157298606081
0.5660157298606081
0.5787659573022647
0.5787659573022647
0.5787659573022647
0.5787659573022647
0.5787659573022647
0.5876034070779668
0.5876034070779668
0.5876034070779668
0.589300155408742
0.589300155408742
0.589300155408742
0.589300155408742
0.589300155408742
0.5934582680966195
0.601009412940464
0.601009412940464
0.6029494880347498
0.6029494880347498
0.6029494880347498
0.6029494880347498
0.6029494880347498
0.6070749670551253
0.6140533516734282
0.6140533516734282
0.6140533516734282
0.6148887735614816
0.6200146943223457
0.6256820363017933
0.6284642623969665
0.6284642623969665
0.6284642623969665
0.6284642623969665
0.6284642623969665
0.6284642623969665
0.6284642623969665
0.6360910246086898
0.6360910246086898
0.6360910246086898
0.6404274372445449
0.6494402424943287
0.6494402424943287
0.6494402424943287
0.6564868764343788
0.6564868764343788
0.6564868764343788
0.6564868764343788
0.6564868764343788
0.6564868764343788
0.6585759332109355
0.6742604106531042
0.6742604106531042
0.6742604106531042
0.681003674126345
0.681003674126345
0.681003674126345
0.681003674126345
0.6945394369146319
0.6945394369146319
0.6945394369146319
0.6945394369146319
0.6966353287743033
0.6966353287743033
0.6966353287743033
0.6983714398854145
0.6983714398854145
0.7075864349816978
0.7075864349816978
0.7075864349816978
0.7075864349816978
0.7075864349816978
0.7100151656712981
0.7167441967553434
0.7167441967553434
0.7213725512773899
0.7213725512773899
0.7213725512773899
0.7213725512773899
0.7266789398220127
0.7292605304105058
0.7292605304105058
0.7292605304105058
0.7292605304105058
0.7312006055047918
0.7312006055047918
0.7347682678300037
0.7347682678300037
0.7347682678300037
0.7347682678300037
0.7347682678300037
0.7347682678300037
0.7347682678300037
0.7386293978616684
0.7386293978616684
0.7418040383729039
0.744451002266682
0.744451002266682
0.744451002266682
0.744451002266682
0.7535106111098263
0.7535106111098263
0.7535106111098263
0.7535106111098263
0.7535106111098263
0.7535106111098263
0.771730972130491
0.771730972130491
0.771730972130491
0.7745200333087788
0.7745200333087788
0.7745200333087788
0.7745200333087788
0.7745200333087788
0.7745200333087788
0.7745200333087788
0.7745200333087788
0.7780418878412271
0.7780418878412271
0.784887780304316
0.784887780304316
0.784887780304316
0.784887780304316
0.784887780304316
0.7870195283377035
0.7870195283377035
0.7879302751500895
0.7879302751500895
0.7898703502443757
0.7898703502443757
0.7898703502443757
0.7898703502443757
0.7943661113724862
0.7943661113724862
0.7943661113724862
0.7943661113724862
0.7943661113724862
0.7943661113724862
0.7943661113724862
0.8017455841424652
0.8017455841424652
0.8017455841424652
0.8017455841424652
0.8052144057283483
0.8052144057283483
0.8106001475113394
0.8106001475113394
0.8106001475113394
0.8106001475113394
0.8106001475113394
0.8127822276924932
0.8127822276924932
0.8127822276924932
0.8127822276924932
0.8127822276924932
0.8127822276924932
0.8174923438081597
0.8174923438081597
0.8232680916519605
0.8232680916519605
0.826783111101294
0.8280041123222952
0.8297075897659042
0.8305430116539577
0.8305430116539577
0.8325994347630123
0.8325994347630123
0.8325994347630123
0.8335101815753986
0.8335101815753986
0.8335101815753986
0.8382262013804975
0.8464240884156388
0.8464240884156388
0.8464240884156388
0.8464240884156388
0.8464240884156388
0.855634948771651
0.855634948771651
0.855634948771651
0.855634948771651
0.8564962752143727
0.8564962752143727
0.8628297389705704
0.8718517394511095
0.8718517394511095
0.8718517394511095
0.8718517394511095
0.8718517394511095
0.8718517394511095
0.8718517394511095
0.8726871613391629
0.8726871613391629
0.8726871613391629
0.877684101282992
0.877684101282992
0.877684101282992
0.8814113681681537
0.8831611494454941
0.8831611494454941
0.8831611494454941
0.8831611494454941
0.8831611494454941
0.8831611494454941
0.8831611494454941
0.886160953034437
0.886160953034437
0.886160953034437
0.886160953034437
0.886160953034437
0.8874681425769206
0.890039781546366
0.8941977929955218
0.8941977929955218
0.8941977929955218
0.8941977929955218
0.8984511821583214
0.8984511821583214
0.8984511821583214
0.900173835043765
0.900173835043765
0.900173835043765
0.900173835043765
0.9019032170420425
0.9019032170420425
0.9019032170420425
0.9039722729533631
0.9120477706697293
0.9131265193212934
0.9131265193212934
0.9131265193212934
0.9131265193212934
0.9131265193212934
0.9131265193212934
0.9131265193212934
0.9131265193212934
0.916076902540572
0.916076902540572
0.9186050933040568
0.9186050933040568
0.9186050933040568
0.9186050933040568
0.9186050933040568
0.9186050933040568
0.9186050933040568
0.9215626040499963
0.9215626040499963
0.9215626040499963
0.9215626040499963
0.9284787064447735
0.9284787064447735
0.9284787064447735
0.9284787064447735
0.9284787064447735
0.9284787064447735
0.9284787064447735
0.9284787064447735
0.9323398364764383
0.9323398364764383
0.9323398364764383
0.9323398364764383
0.9323398364764383
0.9356567295571109
0.9356567295571109
0.9356567295571109
0.9356567295571109
0.9356567295571109
0.9356567295571109
0.9356567295571109
0.9356567295571109
0.9356567295571109
0.9399936066985496
0.9399936066985496
0.9399936066985496
0.9399936066985496
0.9429239890525923
0.9429239890525923
0.9429239890525923
0.9429239890525923
0.9429239890525923
0.9429239890525923
0.9429239890525923
0.9518399747909653
0.9518399747909653
0.9518399747909653
0.9527507216033515
0.9527507216033515
0.9527507216033515
0.9527507216033515
0.9527507216033515
0.9527507216033515
0.9527507216033515
0.9527507216033515
0.9535861434914048
0.9535861434914048
0.9565500909066318
0.959876296656216
0.959876296656216
0.959876296656216
0.959876296656216
0.959876296656216
0.959876296656216
0.959876296656216
0.9616125137376079
0.9616125137376079
0.9616125137376079
0.9616125137376079
0.9616125137376079
0.9616125137376079
0.9616125137376079
0.9616125137376079
0.9616125137376079
0.9616125137376079
0.9624738401803297
0.9624738401803297
0.9624738401803297
0.9624738401803297
0.9624738401803297
0.9624738401803297
0.9624738401803297
0.9624738401803297
0.9624738401803297
0.9624738401803297
0.9624738401803297
0.9624738401803297
0.9624738401803297
0.9636815696489287
0.9636815696489287
0.9636815696489287
0.9636815696489287
0.9645496252044842
0.9645496252044842
0.9645496252044842
0.9645496252044842
0.9645496252044842
0.9645496252044842
0.9645496252044842
0.9645496252044842
0.9645496252044842
0.9645496252044842
0.9645496252044842
0.9645496252044842
0.9645496252044842
0.9645496252044842
0.9645496252044842
0.9645496252044842
0.9645496252044842
0.965410951647206
0.9662790072027616
0.9662790072027616
0.9662790072027616
0.9662790072027616
0.9671897540151478
0.9689000665418716
0.9689000665418716
0.9689000665418716
0.9689000665418716
0.9689000665418716
0.9689000665418716
0.9706227194273152
0.9706227194273152
0.9706227194273152
0.9706227194273152
0.9706227194273152
0.9714907749828706
0.9714907749828706
0.9732134278683142
0.9732134278683142
0.9732134278683142
0.9732134278683142
0.9732134278683142
0.9732134278683142
0.9732134278683142
0.9732134278683142
0.9732134278683142
0.9732134278683142
0.9732134278683142
0.9732134278683142
0.9732134278683142
0.9732134278683142
0.9732134278683142
0.9752029233322644
0.9752029233322644
0.9752029233322644
0.9752029233322644
0.9752029233322644
0.9752029233322644
0.9752029233322644
0.9752029233322644
0.9752029233322644
0.97607097888782
0.97607097888782
0.9782135903183572
0.9782135903183572
0.9782135903183572
0.9791243371307434
0.9791243371307434
0.9791243371307434
0.9791243371307434
0.9791243371307434
0.9799856635734652
0.9799856635734652
0.9799856635734652
0.9799856635734652
0.9799856635734652
0.9799856635734652
0.9799856635734652
0.9799856635734652
0.9799856635734652
0.9808964103858515
0.9808964103858515
0.9808964103858515
0.9808964103858515
0.9808964103858515
0.9808964103858515
0.9829787380495745
0.9829787380495745
0.9829787380495745
0.9838894848619605
0.9838894848619605
0.9838894848619605
0.9838894848619605
0.9838894848619605
0.9838894848619605
0.9838894848619605
0.9851104860829617
0.9851104860829617
0.9851104860829617
0.9875524885249641
0.9875524885249641
0.9875524885249641
0.9875524885249641
0.9875524885249641
0.9875524885249641
0.9875524885249641
0.9875524885249641
0.9875524885249641
0.9875524885249641
0.9875524885249641
0.9875524885249641
0.9875524885249641
0.9875524885249641
0.9875524885249641
0.9875524885249641
0.9875524885249641
0.9875524885249641
0.9875524885249641
0.9875524885249641
0.9875524885249641
0.9875524885249641
0.9875524885249641
0.9875524885249641
0.9875524885249641
0.9875524885249641
0.9875524885249641
0.9875524885249641
0.9875524885249641
0.9875524885249641
0.9875524885249641
0.9875524885249641
0.9875524885249641
0.9875524885249641
0.9875524885249641
0.9875524885249641
0.9875524885249641
0.9875524885249641
0.9884205440805197
0.9884205440805197
0.9884205440805197
0.9884205440805197
0.9892818705232416
0.9892818705232416
0.9892818705232416
0.9892818705232416
0.9892818705232416
0.9892818705232416
0.9892818705232416
0.9892818705232416
0.9892818705232416
0.9892818705232416
0.9892818705232416
0.9892818705232416
0.9892818705232416
0.9892818705232416
0.9892818705232416
0.9901567611619116
0.9901567611619116
0.9901567611619116
0.9901567611619116
0.9901567611619116
0.9901567611619116
0.9901567611619116
0.9901567611619116
0.9901567611619116
0.9901567611619116
0.9901567611619116
0.9901567611619116
0.9901567611619116
0.9901567611619116
0.9901567611619116
0.9901567611619116
0.9901567611619116
0.9901567611619116
0.9901567611619116
0.9901567611619116
0.9901567611619116
0.9901567611619116
0.9901567611619116
0.9901567611619116
0.9901567611619116
0.9901567611619116
0.9901567611619116
0.9901567611619116
0.9901567611619116
0.9901567611619116
0.9901567611619116
0.9901567611619116
0.9901567611619116
0.9901567611619116
0.9901567611619116
0.9901567611619116
0.9901567611619116
0.9901567611619116
0.9901567611619116
0.9901567611619116
0.9901567611619116
0.9901567611619116
0.9901567611619116
0.9901567611619116
0.9901567611619116
0.9901567611619116
0.9901567611619116
0.9901567611619116
0.9901567611619116
0.9909921830499653
0.9909921830499653
0.9909921830499653
0.9909921830499653
0.9909921830499653
0.9909921830499653
0.9909921830499653
0.9909921830499653
0.9909921830499653
0.9909921830499653
0.9909921830499653
0.9909921830499653
0.9909921830499653
0.9909921830499653
0.9909921830499653
0.9909921830499653
0.9909921830499653
0.9909921830499653
0.9909921830499653
0.9909921830499653
0.9909921830499653
0.9909921830499653
0.9909921830499653
0.9909921830499653
0.9909921830499653
0.9909921830499653
0.9909921830499653
0.9909921830499653
0.9909921830499653
0.9909921830499653
0.9909921830499653
0.9909921830499653
0.9909921830499653
0.9909921830499653
0.9909921830499653
0.9909921830499653
0.9909921830499653
0.9909921830499653
0.9909921830499653
0.9909921830499653
0.9909921830499653
0.9909921830499653
0.9909921830499653
0.9909921830499653
0.9909921830499653
0.9926956604935742
0.9943924088243494
0.9943924088243494
0.9943924088243494
0.9943924088243494
0.9943924088243494
0.995260464379905
0.995260464379905
0.995260464379905
0.995260464379905
0.995260464379905
0.995260464379905
0.995260464379905
0.995260464379905
0.995260464379905
0.995260464379905
0.9961712111922911
0.9961712111922911
0.9961712111922911
0.9961712111922911
0.9961712111922911
0.9961712111922911
0.9961712111922911
0.9961712111922911
0.9961712111922911
0.9961712111922911
0.9961712111922911
0.9961712111922911
0.9961712111922911
0.9961712111922911
0.9961712111922911
0.9961712111922911
0.9961712111922911
0.9961712111922911
0.9961712111922911
0.9961712111922911
0.9961712111922911
0.9961712111922911
0.9961712111922911
0.9961712111922911
0.9961712111922911
0.9961712111922911
0.9961712111922911
0.9961712111922911
0.9961712111922911
0.9961712111922911
0.9961712111922911
0.9961712111922911
0.9961712111922911
0.9961712111922911
0.9961712111922911
0.9961712111922911
0.9961712111922911
0.9961712111922911
0.9961712111922911
0.9961712111922911
0.9961712111922911
0.9961712111922911
0.9961712111922911
0.9961712111922911
0.9961712111922911
0.9961712111922911
0.9961712111922911
0.9961712111922911
0.9961712111922911
0.9961712111922911
0.9970461018309612
0.9970461018309612
0.9970461018309612
0.9970461018309612
0.9970461018309612
0.9970461018309612
0.9970461018309612
0.9970461018309612
0.9970461018309612
0.9970461018309612
0.9970461018309612
0.9970461018309612
0.9970461018309612
0.9970461018309612
0.9970461018309612
0.9970461018309612
0.9970461018309612
0.9970461018309612
0.9970461018309612
0.9970461018309612
0.9970461018309612
0.9970461018309612
0.9970461018309612
0.9970461018309612
0.9970461018309612
0.9970461018309612
0.9970461018309612
0.9970461018309612
0.9970461018309612
0.9970461018309612
0.9970461018309612
0.9970461018309612
0.9970461018309612
0.9970461018309612
0.9970461018309612
0.9970461018309612
0.9970461018309612
0.9970461018309612
0.9970461018309612
0.9970461018309612
0.9970461018309612
0.9970461018309612
0.9982538312995604
0.9982538312995604
0.9982538312995604
0.9982538312995604
0.9982538312995604
0.9982538312995604
0.9982538312995604
0.9982538312995604
0.9982538312995604
0.9982538312995604
0.9982538312995604
0.9982538312995604
0.9982538312995604
0.9982538312995604
0.9982538312995604
0.9982538312995604
0.9982538312995604
0.9982538312995604
0.9982538312995604
0.9982538312995604
0.9982538312995604
0.9982538312995604
0.9982538312995604
0.9982538312995604
0.9982538312995604
0.9982538312995604
0.9982538312995604
0.9982538312995604
0.9982538312995604
0.9982538312995604
0.9982538312995604
0.9982538312995604
0.9982538312995604
0.9982538312995604
0.9982538312995604
0.9982538312995604
0.9982538312995604
0.9982538312995604
0.9982538312995604
0.9982538312995604
0.9982538312995604
0.9982538312995604
0.9982538312995604
0.9982538312995604
0.9982538312995604
0.9982538312995604
0.9982538312995604
0.9982538312995604
0.9982538312995604
0.9982538312995604
0.9982538312995604
0.9982538312995604
0.9982538312995604
0.9982538312995604
0.9982538312995604
0.9982538312995604
0.9982538312995604
0.9982538312995604
0.9982538312995604
0.9982538312995604
0.9982538312995604
0.9982538312995604
0.9982538312995604
0.9982538312995604
0.999089253187614
0.999089253187614
0.999089253187614
0.999089253187614
0.999089253187614
0.999089253187614
0.999089253187614
0.999089253187614
0.999089253187614
0.999089253187614
0.999089253187614
0.999089253187614
0.999089253187614
0.999089253187614
0.999089253187614
0.999089253187614
0.999089253187614
0.999089253187614
0.999089253187614
0.999089253187614
0.999089253187614
0.999089253187614
0.999089253187614
0.999089253187614
0.999089253187614
0.999089253187614
0.999089253187614
0.999089253187614
0.999089253187614
0.999089253187614
0.999089253187614
0.999089253187614
0.999089253187614
0.999089253187614
0.999089253187614
0.999089253187614
0.999089253187614
0.999089253187614
0.999089253187614
0.999089253187614
0.999089253187614
0.999089253187614
0.999089253187614
0.999089253187614
0.999089253187614
0.999089253187614
0.999089253187614
0.999089253187614
0.999089253187614
0.999089253187614
0.999089253187614
0.999089253187614
0.999089253187614
0.999089253187614
0.999089253187614
0.999089253187614
0.999089253187614
0.999089253187614
0.999089253187614
0.999089253187614
0.999089253187614
0.999089253187614
0.999089253187614
0.999089253187614
0.999089253187614
0.999089253187614
0.999089253187614
0.999089253187614
0.999089253187614
0.999089253187614
0.999089253187614
0.999089253187614
0.999089253187614
0.999089253187614
0.999089253187614
0.999089253187614
0.999089253187614
0.999089253187614
0.999089253187614
0.999089253187614
0.999089253187614
0.999089253187614
0.999089253187614
0.999089253187614
0.999089253187614
0.999089253187614
0.999089253187614
0.999089253187614
0.999089253187614
0.999089253187614
0.999089253187614
0.999089253187614
0.999089253187614
0.999089253187614
0.999089253187614
0.999089253187614
0.999089253187614
0.999089253187614
0.999089253187614
0.999089253187614
0.999089253187614
0.999089253187614
0.999089253187614
0.999089253187614
0.999089253187614
0.999089253187614
0.999089253187614
0.999089253187614
0.999089253187614
0.999089253187614
0.999089253187614
0.999089253187614
0.999089253187614
0.999089253187614
0.999089253187614
0.999089253187614
0.999089253187614
0.999089253187614
0.999089253187614
0.999089253187614
0.999089253187614
0.999089253187614
0.999089253187614
0.999089253187614
0.999089253187614
0.999089253187614
0.999089253187614
0.999089253187614
0.999089253187614
0.999089253187614
0.999089253187614
0.999089253187614
0.999089253187614
0.999089253187614
0.999089253187614
0.999089253187614
0.999089253187614
0.999089253187614
0.999089253187614
0.999089253187614
0.999089253187614
0.999089253187614
0.999089253187614
0.999089253187614
0.999089253187614
0.999089253187614
0.999089253187614
1.0
1.0
