0.11248346774332396
0.22549682546931815
0.34039044425054515
0.38094197367424937
0.3849856649105322
0.39762479964274594
0.4125104887373402
0.4280427064312138
0.43268478946904704
0.4369175311842787
0.4478533196273462
0.46229535559345425
0.4697130537784289
0.47996551871791376
0.49354568205843086
0.5047802985538173
0.5067508431216561
0.5164389189372409
0.5221443229820791
0.5309720388299979
0.5370150154494067
0.5417029844831985
0.5521263545821478
0.5649337181025211
0.5701297890164949
0.574593015690462
0.5835621739473102
0.5889298335668643
0.591666182014055
0.6007156036343382
0.6070768223197506
0.6162228035096513
0.6186209000387681
0.6246908625867422
0.6344249684386731
0.64201739092719
0.6454390347967325
0.651688791006288
0.6612387740339108
0.6691578977688062
0.6740070432312084
0.6797788227411911
0.6841188707173285
0.6921638344409831
0.6981920658684877
0.7009840964920757
0.7092002356551008
0.7172522960649768
0.7210737663962071
0.7234084755820858
0.7242295988870292
0.7283177374297802
0.7312371957002014
0.7377020183034035
0.7401571781809714
0.7434910700349157
0.744664951326591
0.7471861350370427
0.7562556870967531
0.7638834892307442
0.7678219788936673
0.7716945291728209
0.7801138676197824
0.7849616621004245
0.7869242858965549
0.7890700225337492
0.7914895035681404
0.7947490584249242
0.7986171302562284
0.8023865897729523
0.8043229642590574
0.80707176414195
0.8081060720676425
0.8113052845189346
0.8181073772403884
0.8215553165780651
0.8245359434133015
0.8274690034873574
0.8297360218160432
0.8319997691867833
0.8331554059937898
0.8336760813242103
0.838762408180689
0.8421896691335894
0.8446663925875911
0.8475779967449578
0.8526007536206747
0.8572839885446553
0.8604221514278354
0.8617792230953734
0.8625245131962296
0.8637739384264378
0.8660083063986953
0.8682310562496721
0.8730527389418266
0.8764985405368956
0.8781984093167283
0.8796481230013655
0.8804646405768183
0.8816936766000871
0.881924941164572
0.8824443053948918
0.8842519242222513
0.8852540621995619
0.8862479941891576
0.8870285432604137
0.8915823199061672
0.8936443191716293
0.8951896672872196
0.8955270650825783
0.8964244248603228
0.8983946862859912
0.8996550642756728
0.8999038977900877
0.9004078212764021
0.9024734013312574
0.9045986402454886
0.905122885884623
0.9094894447806968
0.9116635380378306
0.9129220199651705
0.913445889267269
0.9161611389737232
0.9189517540307341
0.9216264730392418
0.9225432341884371
0.9230229994660419
0.9231404386705118
0.9231801621947828
0.9243496969852936
0.9254091614358635
0.9257675473820981
0.9259466360426131
0.9264956282659966
0.9292929567578776
0.9304759117462136
0.9319179874058473
0.9319814522838843
0.9329275922830313
0.9329870935157893
0.9330935765474873
0.9339711756162736
0.93681881740031
0.9385333402510178
0.9393644244303985
0.9406345015968889
0.943090313490817
0.9445233154537901
0.9458918071858009
0.94675232773257
0.9471310358316246
0.9471310358316246
0.9477637044960049
0.9482517969195823
0.9487782748356524
0.9496845402027602
0.9501845840974441
0.9503161465146863
0.9519059483678771
0.9536493457466455
0.9546146114379195
0.9555741150614515
0.9557622774186271
0.9557622774186271
0.9566746311359224
0.9569420724343433
0.9582186817376419
0.9585553904997492
0.9591449399572912
0.9592242188985365
0.9594051229810433
0.9597776756757911
0.9602508247629389
0.9605523350899161
0.9614166276562883
0.9615901894104779
0.961677563749578
0.9627461254151871
0.9639553932666518
0.9645874194513548
0.9650970644875035
0.9650970644875035
0.9651662243791629
0.9658156282835859
0.9663343204801833
0.9670781483731705
0.9679528526679817
0.9687728465663515
0.9694990214557602
0.9696741464709963
0.9698878486044006
0.9699274880750232
0.9699274880750232
0.9699274880750232
0.9715428832600496
0.9723275640838815
0.9728015332946865
0.9728015332946865
0.972841172765309
0.972882543604275
0.9729040526811055
0.9732340476128769
0.9738355080236181
0.9747991264001971
0.9752537952927285
0.9757049409133034
0.9765212464502527
0.9770221440721863
0.977383767130374
0.9775827175530245
0.9776637278626132
0.9776835896247488
0.9781129103667269
0.9787183579411254
0.9793015028512484
0.9798930759605213
0.9801599322967015
0.9806105099545646
0.9809774952250795
0.9815652897958996
0.9819542009981885
0.9822570088390363
0.9825205705458266
0.9828623488414079
0.9829496391268594
0.9829695008889949
0.9829695008889949
0.9829695008889949
0.9830273548070582
0.9830273548070582
0.9831345068546452
0.9831906294043651
0.9834860108632472
0.9835058726253827
0.9835478284265893
0.9839447679726138
0.9844014169811351
0.984761409724157
0.9849388510699773
0.9850624861966615
0.9850624861966615
0.9850624861966615
0.9850624861966615
0.9850624861966615
0.9852854301340236
0.9855297150409189
0.9861045968413555
0.9862037375447363
0.9864185860842434
0.9866238164827569
0.9866782076641334
0.9867020330715478
0.9867020330715478
0.9867416725421704
0.986842628667543
0.9869022139539496
0.9869617992403562
0.9869617992403562
0.9871841146797367
0.9875248476223927
0.9876024792489428
0.9877198343997643
0.9877198343997643
0.9877198343997643
0.9877198343997643
0.9879947691342701
0.9881194666134087
0.9883461890892236
0.9884857223327645
0.9887986492231982
0.9889279793635048
0.9889279793635048
0.9889478411256404
0.9889478411256404
0.9889478411256404
0.9889478411256404
0.989005610990055
0.989005610990055
0.989005610990055
0.9891649219420829
0.9892226918064977
0.989291851698157
0.9895129802135272
0.9895543510524931
0.9898608468592958
0.9899209330542946
0.9899951859978064
0.9902220095267991
0.9902673440110439
0.9902673440110439
0.9903897251595983
0.990523563389517
0.9906863370782317
0.990827433582819
0.9909471050642245
0.9911512495919051
0.9912924301501409
0.9914285006569951
0.9914285006569951
0.9914885868519938
0.991506717245786
0.9915429780333703
0.9915973692147467
0.9917947563763508
0.9918146181384864
0.9920458657034423
0.992133155988894
0.992133155988894
0.992133155988894
0.9923531145797827
0.992418310826163
0.9925311578873725
0.9925492882811645
0.9925492882811645
0.9925492882811645
0.9925492882811645
0.9926087895139227
0.9926501603528887
0.9930123013191975
0.9931551291921282
0.9931766382689586
0.9931947686627508
0.9932508912124707
0.9932724002893011
0.9932905306830933
0.9932905306830933
0.9932905306830933
0.993328522839021
0.9934334426096725
0.9937229779471644
0.993783064142163
0.993783064142163
0.9938029259042986
0.9939061143066067
0.9939242447003989
0.9940868502818165
0.9943763856193084
0.9944325081690283
0.9944325081690283
0.9944523699311638
0.9944722316932993
0.9944920934554349
0.9945612533470942
0.9945793837408864
0.99465874673578
0.9948094848997395
0.9948094848997395
0.9948094848997395
0.9948293466618751
0.9948293466618751
0.9948293466618751
0.9948293466618751
0.9948293466618751
0.9948293466618751
0.9949739059031492
0.9950951406456009
0.995261776926417
0.9953014163970396
0.9953410558676622
0.9953410558676622
0.9953410558676622
0.9953410558676622
0.9953410558676622
0.9953410558676622
0.9953410558676622
0.9953807793919334
0.9955037455027285
0.9955615153671431
0.9955796457609354
0.9956538987044474
0.9956754077812777
0.9957984579457214
0.9957984579457214
0.9958165883395136
0.9958165883395136
0.9958165883395136
0.9959238244407491
0.9959668425944099
0.9959867043565455
0.9959867043565455
0.9959867043565455
0.996006566118681
0.996006566118681
0.996006566118681
0.996006566118681
0.996006566118681
0.996006566118681
0.9960246965124732
0.9960609573000575
0.9960972180876417
0.9961997374740608
0.9961997374740608
0.9961997374740608
0.9961997374740608
0.9961997374740608
0.9961997374740608
0.9961997374740608
0.9962195992361963
0.9962195992361963
0.9962195992361963
0.9962195992361963
0.9962195992361963
0.996277369100611
0.9963153612565386
0.9964293377243217
0.9964293377243217
0.9964293377243217
0.9964854602740416
0.9964854602740416
0.9964854602740416
0.9965234524299692
0.9965234524299692
0.9965234524299692
0.9965993526881761
0.9966668652651406
0.9968045830866896
0.9968045830866896
0.9968045830866896
0.9968045830866896
0.9968045830866896
0.9968045830866896
0.9968045830866896
0.9968045830866896
0.9969038078437189
0.996921938237511
0.9969599303934387
0.9970415256652678
0.9971406663686486
0.9972002516550552
0.9972439388246053
0.9972439388246053
0.9973074037026423
0.9973074037026423
0.9973074037026423
0.9973074037026423
0.9973510908721923
0.9973510908721923
0.9973510908721923
0.9974105921049503
0.9974667146546702
0.9974667146546702
0.9974667146546702
0.9974667146546702
0.9974667146546702
0.9974667146546702
0.9975443462812205
0.9975443462812205
0.9975823384371482
0.9975823384371482
0.9975823384371482
0.9975823384371482
0.9976022001992837
0.9976220619614192
0.9976220619614192
0.9976401923552114
0.9976401923552114
0.9976401923552114
0.9976401923552114
0.9976401923552114
0.9976401923552114
0.9976401923552114
0.9976401923552114
0.9976401923552114
0.9976401923552114
0.9976401923552114
0.9976401923552114
0.9976401923552114
0.9976401923552114
0.9976401923552114
0.9976838795247613
0.997725835325968
0.9977638274818956
0.9978596735558867
0.9979010443948526
0.9979225534716831
0.9979440625485134
0.9979639243106491
0.9979820547044411
0.9979820547044411
0.9979820547044411
0.9979820547044411
0.9980001850982334
0.9980001850982334
0.9980001850982334
0.9980001850982334
0.9980001850982334
0.9980183154920255
0.9980744380417452
0.9981158088807113
0.9981951718756049
0.9982133022693971
0.9982133022693971
0.9982133022693971
0.998260953084226
0.998260953084226
0.998260953084226
0.998260953084226
0.9983170756339459
0.9983533364215301
0.9983533364215301
0.9983731981836657
0.9983731981836657
0.9983731981836657
0.9983731981836657
0.9983731981836657
0.9983731981836657
0.9983947072604961
0.9984128376542882
0.9984128376542882
0.9984128376542882
0.9984128376542882
0.9984542084932542
0.9984542084932542
0.9984757175700847
0.9984757175700847
0.9984757175700847
0.9985301087514611
0.9985681009073888
0.9985681009073888
0.9985681009073888
0.9985919263148032
0.9985919263148032
0.9985919263148032
0.9985919263148032
0.9985919263148032
0.9985919263148032
0.9985919263148032
0.9985919263148032
0.9985919263148032
0.9985919263148032
0.9986316498390743
0.9986730206780403
0.9987110128339679
0.9987110128339679
0.9987529686351745
0.9987710990289668
0.9988108225532378
0.9988289529470299
0.9988652137346142
0.9988652137346142
0.9988652137346142
0.9988652137346142
0.9988652137346142
0.9988652137346142
0.9988652137346142
0.9989014745221986
0.9989014745221986
0.9989014745221986
0.9989014745221986
0.9989014745221986
0.9989575970719184
0.9989575970719184
0.9989575970719184
0.9989575970719184
0.9989791061487489
0.9990221243024097
0.9990221243024097
0.9990221243024097
0.9990221243024097
0.9990221243024097
0.9990402546962018
0.9990402546962018
0.9990402546962018
0.9990402546962018
0.9990402546962018
0.9990402546962018
0.9990402546962018
0.9990402546962018
0.9990822104974084
0.9990822104974084
0.9991060359048228
0.9991060359048228
0.9991060359048228
0.9991060359048228
0.9991060359048228
0.9991298613122374
0.9991298613122374
0.9991298613122374
0.9991298613122374
0.9991298613122374
0.9991298613122374
0.9991298613122374
0.9991298613122374
0.9991661220998216
0.9991661220998216
0.9991661220998216
0.9991661220998216
0.9991661220998216
0.9991661220998216
0.9991661220998216
0.9991859838619571
0.9992336346767862
0.9992336346767862
0.9992336346767862
0.9992336346767862
0.9992336346767862
0.9992336346767862
0.9992336346767862
0.9992336346767862
0.9992336346767862
0.9992336346767862
0.9992336346767862
0.9992336346767862
0.9992336346767862
0.9992551437536165
0.9992551437536165
0.9992551437536165
0.9992551437536165
0.9992551437536165
0.9992551437536165
0.999276652830447
0.999276652830447
0.999276652830447
0.999276652830447
0.999276652830447
0.999276652830447
0.999276652830447
0.999276652830447
0.999276652830447
0.999276652830447
0.9992981619072774
0.9992981619072774
0.9992981619072774
0.9993378013778998
0.9993378013778998
0.9993378013778998
0.9993378013778998
0.9993378013778998
0.9993378013778998
0.9993378013778998
0.9993378013778998
0.9993378013778998
0.9993757935338277
0.9993939239276197
0.9993939239276197
0.9993939239276197
0.9993939239276197
0.999412054321412
0.999412054321412
0.9994500464773397
0.9994500464773397
0.9994500464773397
0.9994500464773397
0.9994500464773397
0.9994500464773397
0.9994500464773397
0.9994500464773397
0.9994500464773397
0.9994500464773397
0.9994500464773397
0.9994500464773397
0.9994500464773397
0.9994500464773397
0.9994500464773397
0.9994681768711318
0.9994681768711318
0.9994681768711318
0.9994681768711318
0.9995079003954028
0.9995079003954028
0.9995079003954028
0.9995079003954028
0.9995079003954028
0.9995079003954028
0.9995277621575385
0.9995277621575385
0.9995515875649528
0.9995515875649528
0.9995515875649528
0.9995515875649528
0.9995515875649528
0.9995878483525371
0.9996093574293676
0.9996093574293676
0.9996093574293676
0.9996093574293676
0.9996093574293676
0.9996093574293676
0.9996093574293676
0.9996274878231597
0.9996274878231597
0.9996274878231597
0.9996274878231597
0.9996274878231597
0.9996274878231597
0.9996274878231597
0.9996274878231597
0.9996274878231597
0.9996274878231597
0.9996489968999902
0.9996489968999902
0.9996489968999902
0.9996489968999902
0.9996489968999902
0.9996489968999902
0.9996489968999902
0.9996489968999902
0.9996489968999902
0.9996489968999902
0.9996489968999902
0.9996489968999902
0.9996489968999902
0.9996489968999902
0.9996489968999902
0.9996489968999902
0.9996671272937823
0.9996671272937823
0.9996869890559179
0.99970511944971
0.99970511944971
0.9997249812118456
0.9997249812118456
0.9997448429739811
0.9997629733677733
0.9997629733677733
0.9997629733677733
0.9997629733677733
0.9997629733677733
0.9997629733677733
0.9997629733677733
0.9997629733677733
0.9997629733677733
0.9997629733677733
0.9997629733677733
0.9997629733677733
0.9997629733677733
0.9997629733677733
0.9997629733677733
0.9997629733677733
0.9997629733677733
0.9997629733677733
0.9997629733677733
0.9997629733677733
0.9997629733677733
0.9997629733677733
0.9997629733677733
0.9997629733677733
0.9997629733677733
0.9997629733677733
0.9997629733677733
0.9997629733677733
0.9997629733677733
0.9997629733677733
0.9997629733677733
0.9997629733677733
0.9997629733677733
0.9997629733677733
0.9997811037615655
0.9997811037615655
0.9997811037615655
0.9997811037615655
0.9997811037615655
0.9997811037615655
0.9997811037615655
0.9997811037615655
0.9997811037615655
0.9997811037615655
0.9997811037615655
0.9997811037615655
0.9997811037615655
0.9997811037615655
0.9997811037615655
0.9997811037615655
0.9997811037615655
0.9997811037615655
0.999800965523701
0.999800965523701
0.999800965523701
0.999800965523701
0.999800965523701
0.999800965523701
0.999800965523701
0.999800965523701
0.999800965523701
0.999800965523701
0.999800965523701
0.999800965523701
0.999800965523701
0.999800965523701
0.999800965523701
0.999800965523701
0.999800965523701
0.999800965523701
0.999800965523701
0.999800965523701
0.999800965523701
0.999800965523701
0.999800965523701
0.999800965523701
0.999800965523701
0.999800965523701
0.999800965523701
0.999800965523701
0.999800965523701
0.999800965523701
0.999800965523701
0.999800965523701
0.999800965523701
0.999800965523701
0.999800965523701
0.999800965523701
0.999800965523701
0.999800965523701
0.999800965523701
0.9998208272858365
0.9998208272858365
0.9998208272858365
0.9998208272858365
0.9998208272858365
0.9998208272858365
0.9998208272858365
0.9998208272858365
0.9998208272858365
0.9998208272858365
0.9998208272858365
0.9998208272858365
0.9998208272858365
0.9998208272858365
0.9998208272858365
0.9998208272858365
0.9998208272858365
0.9998208272858365
0.9998208272858365
0.9998208272858365
0.9998208272858365
0.9998208272858365
0.9998208272858365
0.9998208272858365
0.9998208272858365
0.9998208272858365
0.9998208272858365
0.9998208272858365
0.9998208272858365
0.9998208272858365
0.9998208272858365
0.9998208272858365
0.9998208272858365
0.9998208272858365
0.9998208272858365
0.9998208272858365
0.9998208272858365
0.9998208272858365
0.9998208272858365
0.9998208272858365
0.9998208272858365
0.9998208272858365
0.9998208272858365
0.9998208272858365
0.9998208272858365
0.9998208272858365
0.9998208272858365
0.9998208272858365
0.9998208272858365
0.9998208272858365
0.9998208272858365
0.9998208272858365
0.9998208272858365
0.9998208272858365
0.9998406890479721
0.9998406890479721
0.9998406890479721
0.9998406890479721
0.9998406890479721
0.9998406890479721
0.9998406890479721
0.9998406890479721
0.9998406890479721
0.9998406890479721
0.9998406890479721
0.9998406890479721
0.9998406890479721
0.9998588194417642
0.9998588194417642
0.9998588194417642
0.9998588194417642
0.9998588194417642
0.9998588194417642
0.9998588194417642
0.9998588194417642
0.9998588194417642
0.9998588194417642
0.9998588194417642
0.9998588194417642
0.9998588194417642
0.9998588194417642
0.9998826448491787
0.9998826448491787
0.9998826448491787
0.9998826448491787
0.9998826448491787
0.9998826448491787
0.9998826448491787
0.9998826448491787
0.9998826448491787
0.9998826448491787
0.9998826448491787
0.9998826448491787
0.9998826448491787
0.9998826448491787
0.9998826448491787
0.9998826448491787
0.9998826448491787
0.9998826448491787
0.9998826448491787
0.9998826448491787
0.9998826448491787
0.9998826448491787
0.9998826448491787
0.9998826448491787
0.9998826448491787
0.9998826448491787
0.9998826448491787
0.9998826448491787
0.9999007752429708
0.9999007752429708
0.9999007752429708
0.9999007752429708
0.9999007752429708
0.9999007752429708
0.9999007752429708
0.9999007752429708
0.9999007752429708
0.9999007752429708
0.9999007752429708
0.9999007752429708
0.9999007752429708
0.9999007752429708
0.9999007752429708
0.9999007752429708
0.9999007752429708
0.9999007752429708
0.9999007752429708
0.9999007752429708
0.9999007752429708
0.9999007752429708
0.9999007752429708
0.9999007752429708
0.9999007752429708
0.9999007752429708
0.9999007752429708
0.9999007752429708
0.9999007752429708
0.9999007752429708
0.9999007752429708
0.9999007752429708
0.9999007752429708
0.9999007752429708
0.9999007752429708
0.9999007752429708
0.9999007752429708
0.9999206370051064
0.9999206370051064
0.9999206370051064
0.9999206370051064
0.9999206370051064
0.9999206370051064
0.9999206370051064
0.9999206370051064
0.9999206370051064
0.9999206370051064
0.9999206370051064
0.9999206370051064
0.9999206370051064
0.9999206370051064
0.9999206370051064
0.9999206370051064
0.9999206370051064
0.9999206370051064
0.9999206370051064
0.9999206370051064
0.9999206370051064
0.9999206370051064
0.9999206370051064
0.9999206370051064
0.9999206370051064
0.9999206370051064
0.9999206370051064
0.9999206370051064
0.9999206370051064
0.9999421460819368
0.9999421460819368
0.9999421460819368
0.9999421460819368
0.9999421460819368
0.9999421460819368
0.9999421460819368
0.9999421460819368
0.9999421460819368
0.9999421460819368
0.9999421460819368
0.9999421460819368
0.9999421460819368
0.9999421460819368
0.9999421460819368
0.9999421460819368
0.9999421460819368
0.9999421460819368
0.9999421460819368
0.9999421460819368
0.9999421460819368
0.9999421460819368
0.9999421460819368
0.9999421460819368
0.9999421460819368
0.9999421460819368
0.9999421460819368
0.9999421460819368
0.9999421460819368
0.9999421460819368
0.9999421460819368
0.9999620078440723
0.9999620078440723
0.9999620078440723
0.9999620078440723
0.9999620078440723
0.9999620078440723
0.9999620078440723
0.9999620078440723
0.9999620078440723
0.9999620078440723
0.9999620078440723
0.9999620078440723
0.9999620078440723
0.9999620078440723
0.9999620078440723
0.9999620078440723
0.9999620078440723
0.9999620078440723
0.9999620078440723
0.9999620078440723
0.9999620078440723
0.9999620078440723
0.9999620078440723
0.9999620078440723
0.9999620078440723
0.9999620078440723
0.9999620078440723
0.9999620078440723
0.9999620078440723
0.9999620078440723
0.9999620078440723
0.9999620078440723
0.9999620078440723
0.9999620078440723
0.9999620078440723
0.9999620078440723
0.9999620078440723
0.9999620078440723
0.9999620078440723
0.9999620078440723
0.9999620078440723
0.9999620078440723
0.9999620078440723
0.9999620078440723
0.9999620078440723
0.9999620078440723
0.9999620078440723
0.9999620078440723
0.9999620078440723
0.9999620078440723
0.9999620078440723
0.9999620078440723
0.9999620078440723
0.9999620078440723
0.9999620078440723
0.9999620078440723
0.9999620078440723
0.9999620078440723
0.9999620078440723
0.9999620078440723
0.9999620078440723
0.9999620078440723
0.9999620078440723
0.9999620078440723
0.9999620078440723
0.9999620078440723
0.9999620078440723
0.9999620078440723
0.9999620078440723
0.9999620078440723
0.9999620078440723
0.9999620078440723
0.9999620078440723
0.9999620078440723
0.9999620078440723
0.9999620078440723
0.9999620078440723
0.9999620078440723
0.9999620078440723
0.9999620078440723
0.9999620078440723
0.9999620078440723
0.9999620078440723
0.9999620078440723
0.9999620078440723
0.9999620078440723
0.9999620078440723
0.9999620078440723
0.9999620078440723
0.9999620078440723
0.9999620078440723
0.9999620078440723
0.9999620078440723
0.9999620078440723
0.9999620078440723
0.9999620078440723
0.9999620078440723
0.9999620078440723
0.9999620078440723
0.9999620078440723
0.9999620078440723
0.9999620078440723
0.9999818696062078
0.9999818696062078
0.9999818696062078
0.9999818696062078
0.9999818696062078
0.9999818696062078
0.9999818696062078
0.9999818696062078
0.9999818696062078
0.9999818696062078
0.9999818696062078
0.9999818696062078
0.9999818696062078
0.9999818696062078
0.9999818696062078
0.9999818696062078
0.9999818696062078
0.9999818696062078
0.9999818696062078
0.9999818696062078
0.9999818696062078
0.9999818696062078
0.9999818696062078
0.9999818696062078
0.9999818696062078
0.9999818696062078
0.9999818696062078
0.9999818696062078
0.9999818696062078
0.9999818696062078
0.9999818696062078
0.9999818696062078
0.9999818696062078
0.9999818696062078
0.9999818696062078
0.9999818696062078
0.9999818696062078
0.9999818696062078
0.9999818696062078
0.9999818696062078
0.9999818696062078
0.9999818696062078
0.9999818696062078
0.9999818696062078
0.9999818696062078
0.9999818696062078
0.9999818696062078
0.9999818696062078
0.9999818696062078
0.9999818696062078
0.9999818696062078
0.9999818696062078
0.9999818696062078
0.9999818696062078
0.9999818696062078
0.9999818696062078
0.9999818696062078
0.9999818696062078
0.9999818696062078
0.9999818696062078
0.9999818696062078
0.9999818696062078
0.9999818696062078
0.9999818696062078
0.9999818696062078
0.9999818696062078
0.9999818696062078
0.9999818696062078
0.9999818696062078
0.9999818696062078
0.9999818696062078
0.9999818696062078
0.9999818696062078
0.9999818696062078
0.9999818696062078
0.9999818696062078
0.9999818696062078
0.9999818696062078
0.9999818696062078
0.9999818696062078
0.9999818696062078
0.9999818696062078
0.9999818696062078
0.9999818696062078
0.9999818696062078
0.9999818696062078
0.9999818696062078
0.9999818696062078
0.9999818696062078
0.9999818696062078
0.9999818696062078
0.9999818696062078
0.9999818696062078
0.9999818696062078
0.9999818696062078
0.9999818696062078
0.9999818696062078
0.9999818696062078
0.9999818696062078
0.9999818696062078
0.9999818696062078
0.9999818696062078
0.9999818696062078
0.9999818696062078
0.9999818696062078
0.9999818696062078
0.9999818696062078
0.9999818696062078
0.9999818696062078
0.9999818696062078
0.9999818696062078
0.9999818696062078
0.9999818696062078
0.9999818696062078
0.9999818696062078
0.9999818696062078
0.9999818696062078
0.9999818696062078
0.9999818696062078
0.9999818696062078
0.9999818696062078
0.9999818696062078
0.9999818696062078
0.9999818696062078
0.9999818696062078
0.9999818696062078
0.9999818696062078
0.9999818696062078
0.9999818696062078
0.9999818696062078
0.9999818696062078
0.9999818696062078
0.9999818696062078
0.9999818696062078
0.9999818696062078
0.9999818696062078
0.9999818696062078
0.9999818696062078
0.9999818696062078
0.9999818696062078
0.9999818696062078
0.9999818696062078
0.9999818696062078
0.9999818696062078
0.9999818696062078
0.9999818696062078
0.9999818696062078
0.9999818696062078
0.9999818696062078
0.9999818696062078
0.9999818696062078
0.9999818696062078
0.9999818696062078
0.9999818696062078
0.9999818696062078
0.9999818696062078
0.9999818696062078
0.9999818696062078
0.9999818696062078
0.9999818696062078
0.9999818696062078
0.9999818696062078
0.9999818696062078
0.9999818696062078
0.9999818696062078
0.9999818696062078
0.9999818696062078
0.9999818696062078
0.9999818696062078
0.9999818696062078
0.9999818696062078
0.9999818696062078
0.9999818696062078
0.9999818696062078
0.9999818696062078
0.9999818696062078
0.9999818696062078
0.9999818696062078
0.9999818696062078
0.9999818696062078
0.9999818696062078
0.9999818696062078
0.9999818696062078
0.9999818696062078
0.9999818696062078
0.9999818696062078
0.9999818696062078
0.9999818696062078
0.9999818696062078
0.9999818696062078
0.9999818696062078
0.9999818696062078
0.9999818696062078
0.9999818696062078
0.9999818696062078
0.9999818696062078
0.9999818696062078
0.9999818696062078
0.9999818696062078
0.9999818696062078
0.9999818696062078
0.9999818696062078
0.9999818696062078
0.9999818696062078
0.9999818696062078
0.9999818696062078
0.9999818696062078
0.9999818696062078
0.9999818696062078
0.9999818696062078
0.9999818696062078
0.9999818696062078
0.9999818696062078
0.9999818696062078
0.9999818696062078
0.9999818696062078
0.9999818696062078
0.9999818696062078
0.9999818696062078
0.9999818696062078
0.9999818696062078
0.9999818696062078
0.9999818696062078
0.9999818696062078
0.9999818696062078
0.9999818696062078
0.9999818696062078
0.9999818696062078
0.9999818696062078
0.9999818696062078
0.9999818696062078
0.9999818696062078
0.9999818696062078
0.9999818696062078
0.9999818696062078
0.9999818696062078
0.9999818696062078
0.9999818696062078
0.9999818696062078
0.9999818696062078
0.9999818696062078
0.9999818696062078
0.9999818696062078
0.9999818696062078
0.9999818696062078
0.9999818696062078
0.9999818696062078
0.9999818696062078
0.9999818696062078
0.9999818696062078
0.9999818696062078
0.9999818696062078
0.9999818696062078
0.9999818696062078
0.9999818696062078
0.9999818696062078
0.9999818696062078
0.9999818696062078
0.9999818696062078
0.9999818696062078
0.9999818696062078
0.9999818696062078
0.9999818696062078
0.9999818696062078
0.9999818696062078
0.9999818696062078
0.9999818696062078
0.9999818696062078
0.9999818696062078
0.9999818696062078
0.9999818696062078
0.9999818696062078
0.9999818696062078
0.9999818696062078
0.9999818696062078
0.9999818696062078
0.9999818696062078
0.9999818696062078
0.9999818696062078
0.9999818696062078
0.9999818696062078
0.9999818696062078
0.9999818696062078
0.9999818696062078
0.9999818696062078
0.9999818696062078
0.9999818696062078
0.9999818696062078
0.9999818696062078
0.9999818696062078
0.9999818696062078
0.9999818696062078
0.9999818696062078
0.9999818696062078
0.9999818696062078
0.9999818696062078
0.9999818696062078
0.9999818696062078
0.9999818696062078
0.9999818696062078
0.9999818696062078
0.9999818696062078
0.9999818696062078
0.9999818696062078
0.9999818696062078
0.9999818696062078
0.9999818696062078
0.9999818696062078
0.9999818696062078
0.9999818696062078
0.9999818696062078
0.9999818696062078
0.9999818696062078
0.9999818696062078
0.9999818696062078
0.9999818696062078
0.9999818696062078
0.9999818696062078
0.9999818696062078
0.9999818696062078
0.9999818696062078
0.9999818696062078
0.9999818696062078
0.9999818696062078
0.9999818696062078
0.9999818696062078
0.9999818696062078
0.9999818696062078
0.9999818696062078
0.9999818696062078
0.9999818696062078
1.0
1.0
