0.0
0.0
0.0
0.0
0.0
0.0
0.0
0.0
0.0
0.0
0.0
0.0
0.0
0.0
0.0
0.0
0.0
0.0
0.0
0.0
0.0
0.0
0.0
0.0
0.0
0.005847953216374269
0.005847953216374269
0.005847953216374269
0.005847953216374269
0.005847953216374269
0.005847953216374269
0.005847953216374269
0.005847953216374269
0.010898458266879319
0.010898458266879319
0.010898458266879319
0.010898458266879319
0.010898458266879319
0.010898458266879319
0.010898458266879319
0.010898458266879319
0.010898458266879319
0.010898458266879319
0.010898458266879319
0.010898458266879319
0.010898458266879319
0.010898458266879319
0.010898458266879319
0.010898458266879319
0.010898458266879319
0.010898458266879319
0.021480468848889902
0.021480468848889902
0.021480468848889902
0.021480468848889902
0.021480468848889902
0.027653308355062738
0.027653308355062738
0.027653308355062738
0.027653308355062738
0.027653308355062738
0.027653308355062738
0.027653308355062738
0.027653308355062738
0.027653308355062738
0.027653308355062738
0.027653308355062738
0.027653308355062738
0.032944313646068035
0.032944313646068035
0.032944313646068035
0.032944313646068035
0.032944313646068035
0.032944313646068035
0.032944313646068035
0.032944313646068035
0.032944313646068035
0.03849986920162359
0.03849986920162359
0.03849986920162359
0.03849986920162359
0.03849986920162359
0.03849986920162359
0.03849986920162359
0.03849986920162359
0.03849986920162359
0.03849986920162359
0.03849986920162359
0.03849986920162359
0.03849986920162359
0.04379087449262888
0.04379087449262888
0.04379087449262888
0.04379087449262888
0.05501421904930676
0.05501421904930676
0.05501421904930676
0.05501421904930676
0.05501421904930676
0.05501421904930676
0.05501421904930676
0.0611870585554796
0.0611870585554796
0.07006898123050573
0.07006898123050573
0.07006898123050573
0.07006898123050573
0.07006898123050573
0.07006898123050573
0.07006898123050573
0.07006898123050573
0.07006898123050573
0.07006898123050573
0.07006898123050573
0.07006898123050573
0.07006898123050573
0.08067504183656633
0.08067504183656633
0.10415967935629158
0.10415967935629158
0.10415967935629158
0.10415967935629158
0.10415967935629158
0.10415967935629158
0.10415967935629158
0.10415967935629158
0.10415967935629158
0.10415967935629158
0.10415967935629158
0.10415967935629158
0.10415967935629158
0.10415967935629158
0.10415967935629158
0.10415967935629158
0.10415967935629158
0.10415967935629158
0.10415967935629158
0.10415967935629158
0.10415967935629158
0.10415967935629158
0.10415967935629158
0.10415967935629158
0.10415967935629158
0.10415967935629158
0.10415967935629158
0.10415967935629158
0.10415967935629158
0.10415967935629158
0.10415967935629158
0.10415967935629158
0.10415967935629158
0.11033251886246442
0.11380474108468665
0.11380474108468665
0.11380474108468665
0.1411331631499508
0.1411331631499508
0.1411331631499508
0.1411331631499508
0.1411331631499508
0.1411331631499508
0.1411331631499508
0.1411331631499508
0.1411331631499508
0.1411331631499508
0.1411331631499508
0.1411331631499508
0.1411331631499508
0.14730600265612365
0.14730600265612365
0.1511374202806447
0.1511374202806447
0.1511374202806447
0.1511374202806447
0.1511374202806447
0.1511374202806447
0.1511374202806447
0.1511374202806447
0.1511374202806447
0.1511374202806447
0.1511374202806447
0.1511374202806447
0.1511374202806447
0.1511374202806447
0.1511374202806447
0.1511374202806447
0.15669297583620026
0.15669297583620026
0.15669297583620026
0.15669297583620026
0.15669297583620026
0.15669297583620026
0.15669297583620026
0.15669297583620026
0.16174348088670532
0.16174348088670532
0.16174348088670532
0.16174348088670532
0.16174348088670532
0.16174348088670532
0.16174348088670532
0.16174348088670532
0.1655748985112264
0.17113045406678196
0.17113045406678196
0.17113045406678196
0.17596137194117809
0.19152118462742754
0.19152118462742754
0.19152118462742754
0.19152118462742754
0.19152118462742754
0.19152118462742754
0.19152118462742754
0.19152118462742754
0.19152118462742754
0.19152118462742754
0.19152118462742754
0.19152118462742754
0.19152118462742754
0.20834705199677317
0.20834705199677317
0.20834705199677317
0.20834705199677317
0.20834705199677317
0.20834705199677317
0.20834705199677317
0.2139026075523287
0.2139026075523287
0.2139026075523287
0.2139026075523287
0.2139026075523287
0.2139026075523287
0.23118655816961267
0.23118655816961267
0.23118655816961267
0.23118655816961267
0.23465878039183488
0.23465878039183488
0.23465878039183488
0.23465878039183488
0.23465878039183488
0.23465878039183488
0.23465878039183488
0.23465878039183488
0.23465878039183488
0.23465878039183488
0.23465878039183488
0.23465878039183488
0.23465878039183488
0.23465878039183488
0.23465878039183488
0.23465878039183488
0.23465878039183488
0.23465878039183488
0.23465878039183488
0.23465878039183488
0.23465878039183488
0.23465878039183488
0.24196242023857817
0.24196242023857817
0.24196242023857817
0.24196242023857817
0.24196242023857817
0.24196242023857817
0.24196242023857817
0.24196242023857817
0.24196242023857817
0.24196242023857817
0.24196242023857817
0.24196242023857817
0.24196242023857817
0.2513493934186548
0.2513493934186548
0.2513493934186548
0.2551808110431759
0.2551808110431759
0.2551808110431759
0.2551808110431759
0.2551808110431759
0.2551808110431759
0.2551808110431759
0.2551808110431759
0.2551808110431759
0.2551808110431759
0.2551808110431759
0.2551808110431759
0.2551808110431759
0.2551808110431759
0.2551808110431759
0.2551808110431759
0.2551808110431759
0.2551808110431759
0.2551808110431759
0.2551808110431759
0.2551808110431759
0.2551808110431759
0.2551808110431759
0.2551808110431759
0.2551808110431759
0.2551808110431759
0.2551808110431759
0.2551808110431759
0.26023131609368094
0.26023131609368094
0.26578687164923653
0.26578687164923653
0.26578687164923653
0.26578687164923653
0.26578687164923653
0.26578687164923653
0.26578687164923653
0.26578687164923653
0.26578687164923653
0.26578687164923653
0.26578687164923653
0.26578687164923653
0.26578687164923653
0.26578687164923653
0.26578687164923653
0.26578687164923653
0.26578687164923653
0.27466879432426267
0.27466879432426267
0.27466879432426267
0.27466879432426267
0.27466879432426267
0.27466879432426267
0.27466879432426267
0.27466879432426267
0.27466879432426267
0.27466879432426267
0.27466879432426267
0.27466879432426267
0.27466879432426267
0.27466879432426267
0.27466879432426267
0.28022434987981826
0.28022434987981826
0.2989918345237396
0.2989918345237396
0.3028232521482607
0.3028232521482607
0.3028232521482607
0.30787375719876575
0.30787375719876575
0.30787375719876575
0.30787375719876575
0.30787375719876575
0.30787375719876575
0.30787375719876575
0.30787375719876575
0.30787375719876575
0.30787375719876575
0.30787375719876575
0.30787375719876575
0.31170517482328686
0.31170517482328686
0.31170517482328686
0.31170517482328686
0.31170517482328686
0.31170517482328686
0.31170517482328686
0.31170517482328686
0.31170517482328686
0.31170517482328686
0.31170517482328686
0.31170517482328686
0.31170517482328686
0.31170517482328686
0.31170517482328686
0.31170517482328686
0.31170517482328686
0.31653609269768296
0.31653609269768296
0.31653609269768296
0.3220916482532385
0.3220916482532385
0.3220916482532385
0.32764720380879403
0.32764720380879403
0.32764720380879403
0.32764720380879403
0.32764720380879403
0.32764720380879403
0.32764720380879403
0.32764720380879403
0.32764720380879403
0.32764720380879403
0.33630953930771124
0.33630953930771124
0.33630953930771124
0.33630953930771124
0.33630953930771124
0.33630953930771124
0.33630953930771124
0.33630953930771124
0.33630953930771124
0.33630953930771124
0.33630953930771124
0.33630953930771124
0.33630953930771124
0.35273950310609614
0.35273950310609614
0.35273950310609614
0.35273950310609614
0.35273950310609614
0.3620596785446926
0.3620596785446926
0.3620596785446926
0.3620596785446926
0.3620596785446926
0.3620596785446926
0.3620596785446926
0.3620596785446926
0.3655319007669149
0.3655319007669149
0.37036281864131104
0.37036281864131104
0.37036281864131104
0.37036281864131104
0.37036281864131104
0.37036281864131104
0.37036281864131104
0.37036281864131104
0.37036281864131104
0.37036281864131104
0.37036281864131104
0.37383504086353325
0.37383504086353325
0.37383504086353325
0.37383504086353325
0.37383504086353325
0.37383504086353325
0.37383504086353325
0.37383504086353325
0.37383504086353325
0.37383504086353325
0.37383504086353325
0.37383504086353325
0.37383504086353325
0.3890356581474838
0.3890356581474838
0.3890356581474838
0.3890356581474838
0.3890356581474838
0.3890356581474838
0.3890356581474838
0.3890356581474838
0.3890356581474838
0.3890356581474838
0.3890356581474838
0.3890356581474838
0.3890356581474838
0.3890356581474838
0.3890356581474838
0.3890356581474838
0.3890356581474838
0.3994221315774355
0.40447263662794053
0.40447263662794053
0.40447263662794053
0.40447263662794053
0.40447263662794053
0.40447263662794053
0.40447263662794053
0.40447263662794053
0.40447263662794053
0.40447263662794053
0.40447263662794053
0.40447263662794053
0.40447263662794053
0.40447263662794053
0.40447263662794053
0.4097636419189458
0.4097636419189458
0.4097636419189458
0.4097636419189458
0.4097636419189458
0.4097636419189458
0.41593648142511863
0.41593648142511863
0.41593648142511863
0.41593648142511863
0.41593648142511863
0.41593648142511863
0.41593648142511863
0.41593648142511863
0.41593648142511863
0.41593648142511863
0.41593648142511863
0.41593648142511863
0.41593648142511863
0.4320740475626848
0.4320740475626848
0.4320740475626848
0.4320740475626848
0.4320740475626848
0.4320740475626848
0.4320740475626848
0.4320740475626848
0.4320740475626848
0.4320740475626848
0.4320740475626848
0.4320740475626848
0.4320740475626848
0.43762960311824034
0.43762960311824034
0.43762960311824034
0.44246052099263644
0.44246052099263644
0.44246052099263644
0.4497641608393798
0.4497641608393798
0.4497641608393798
0.4497641608393798
0.4497641608393798
0.4497641608393798
0.4497641608393798
0.4497641608393798
0.4497641608393798
0.4497641608393798
0.4497641608393798
0.4497641608393798
0.4497641608393798
0.4497641608393798
0.45670860528382423
0.45670860528382423
0.45670860528382423
0.45670860528382423
0.45670860528382423
0.46018082750604644
0.46018082750604644
0.46018082750604644
0.46018082750604644
0.46018082750604644
0.46018082750604644
0.46018082750604644
0.46018082750604644
0.46018082750604644
0.46018082750604644
0.46018082750604644
0.46018082750604644
0.46018082750604644
0.46018082750604644
0.465736383061602
0.465736383061602
0.465736383061602
0.465736383061602
0.465736383061602
0.465736383061602
0.465736383061602
0.465736383061602
0.465736383061602
0.465736383061602
0.465736383061602
0.465736383061602
0.465736383061602
0.465736383061602
0.465736383061602
0.4712919386171576
0.4712919386171576
0.4712919386171576
0.4712919386171576
0.4712919386171576
0.4712919386171576
0.4712919386171576
0.4712919386171576
0.4712919386171576
0.4712919386171576
0.4712919386171576
0.4712919386171576
0.4712919386171576
0.4712919386171576
0.4712919386171576
0.4712919386171576
0.4712919386171576
0.48097130945805294
0.48097130945805294
0.48097130945805294
0.48097130945805294
0.48097130945805294
0.48097130945805294
0.48097130945805294
0.48097130945805294
0.48097130945805294
0.48097130945805294
0.48097130945805294
0.48097130945805294
0.48097130945805294
0.48097130945805294
0.48097130945805294
0.48097130945805294
0.48097130945805294
0.48097130945805294
0.48097130945805294
0.48097130945805294
0.49186976772493224
0.49186976772493224
0.49186976772493224
0.49186976772493224
0.49186976772493224
0.49186976772493224
0.49186976772493224
0.49186976772493224
0.49186976772493224
0.49186976772493224
0.49186976772493224
0.4957011853494533
0.4957011853494533
0.5068122964605644
0.5068122964605644
0.5068122964605644
0.5068122964605644
0.5068122964605644
0.5068122964605644
0.5068122964605644
0.5068122964605644
0.5068122964605644
0.5068122964605644
0.5068122964605644
0.5068122964605644
0.5068122964605644
0.5068122964605644
0.5068122964605644
0.5068122964605644
0.5068122964605644
0.5068122964605644
0.5118628015110694
0.5118628015110694
0.5118628015110694
0.5118628015110694
0.5118628015110694
0.5118628015110694
0.5118628015110694
0.5118628015110694
0.5118628015110694
0.5118628015110694
0.5118628015110694
0.5118628015110694
0.5118628015110694
0.5118628015110694
0.5118628015110694
0.5118628015110694
0.5118628015110694
0.517418357066625
0.517418357066625
0.517418357066625
0.517418357066625
0.517418357066625
0.517418357066625
0.517418357066625
0.517418357066625
0.517418357066625
0.517418357066625
0.517418357066625
0.517418357066625
0.517418357066625
0.517418357066625
0.517418357066625
0.517418357066625
0.517418357066625
0.5338723708890599
0.5338723708890599
0.5338723708890599
0.5338723708890599
0.5338723708890599
0.5338723708890599
0.5338723708890599
0.5338723708890599
0.5338723708890599
0.5338723708890599
0.5338723708890599
0.5338723708890599
0.5338723708890599
0.5338723708890599
0.5338723708890599
0.5338723708890599
0.5338723708890599
0.5397203241054341
0.5397203241054341
0.5397203241054341
0.5397203241054341
0.5397203241054341
0.5397203241054341
0.5397203241054341
0.5397203241054341
0.5397203241054341
0.5397203241054341
0.5397203241054341
0.5397203241054341
0.5397203241054341
0.5397203241054341
0.5397203241054341
0.5397203241054341
0.5397203241054341
0.5452758796609898
0.5452758796609898
0.5452758796609898
0.5452758796609898
0.5452758796609898
0.548748101883212
0.548748101883212
0.548748101883212
0.548748101883212
0.548748101883212
0.548748101883212
0.548748101883212
0.548748101883212
0.548748101883212
0.548748101883212
0.548748101883212
0.548748101883212
0.548748101883212
0.548748101883212
0.548748101883212
0.548748101883212
0.548748101883212
0.548748101883212
0.548748101883212
0.548748101883212
0.5543036574387676
0.5543036574387676
0.5543036574387676
0.5543036574387676
0.5543036574387676
0.5543036574387676
0.5577758796609898
0.5577758796609898
0.5577758796609898
0.5577758796609898
0.5577758796609898
0.5577758796609898
0.5577758796609898
0.5577758796609898
0.5577758796609898
0.5577758796609898
0.5577758796609898
0.5577758796609898
0.5577758796609898
0.5577758796609898
0.5577758796609898
0.5577758796609898
0.5577758796609898
0.5577758796609898
0.5577758796609898
0.5577758796609898
0.5577758796609898
0.5577758796609898
0.5577758796609898
0.5577758796609898
0.5577758796609898
0.5577758796609898
0.5577758796609898
0.5577758796609898
0.5577758796609898
0.5577758796609898
0.5577758796609898
0.5577758796609898
0.5577758796609898
0.5577758796609898
0.5577758796609898
0.5577758796609898
0.5577758796609898
0.5577758796609898
0.5577758796609898
0.5577758796609898
0.5577758796609898
0.5577758796609898
0.5577758796609898
0.5577758796609898
0.5577758796609898
0.5577758796609898
0.5577758796609898
0.5577758796609898
0.5577758796609898
0.5577758796609898
0.5577758796609898
0.5577758796609898
0.5616072972855108
0.5616072972855108
0.5709942704655875
0.5744664926878097
0.5744664926878097
0.5744664926878097
0.5744664926878097
0.5744664926878097
0.5744664926878097
0.5744664926878097
0.5744664926878097
0.5744664926878097
0.5744664926878097
0.5744664926878097
0.5744664926878097
0.5744664926878097
0.5744664926878097
0.5744664926878097
0.5744664926878097
0.5861948877495381
0.5861948877495381
0.5861948877495381
0.5861948877495381
0.5861948877495381
0.5861948877495381
0.5861948877495381
0.5861948877495381
0.5861948877495381
0.5861948877495381
0.5861948877495381
0.5861948877495381
0.5861948877495381
0.5861948877495381
0.5861948877495381
0.5861948877495381
0.5861948877495381
0.5861948877495381
0.5861948877495381
0.5861948877495381
0.5861948877495381
0.5861948877495381
0.5861948877495381
0.5861948877495381
0.5861948877495381
0.5861948877495381
0.5861948877495381
0.5861948877495381
0.5861948877495381
0.5861948877495381
0.5861948877495381
0.5861948877495381
0.5861948877495381
0.5861948877495381
0.6038850010262331
0.6038850010262331
0.6038850010262331
0.6038850010262331
0.6038850010262331
0.6038850010262331
0.6038850010262331
0.6038850010262331
0.6038850010262331
0.6038850010262331
0.6038850010262331
0.6038850010262331
0.6038850010262331
0.6038850010262331
0.6038850010262331
0.6038850010262331
0.6038850010262331
0.6038850010262331
0.6038850010262331
0.6038850010262331
0.6038850010262331
0.6038850010262331
0.6038850010262331
0.6038850010262331
0.6038850010262331
0.6038850010262331
0.6038850010262331
0.6038850010262331
0.6038850010262331
0.6038850010262331
0.6038850010262331
0.6038850010262331
0.6038850010262331
0.6038850010262331
0.6132719742063097
0.6132719742063097
0.6132719742063097
0.6132719742063097
0.6132719742063097
0.6132719742063097
0.6132719742063097
0.6185629794973151
0.6185629794973151
0.6185629794973151
0.6185629794973151
0.6185629794973151
0.6185629794973151
0.6185629794973151
0.6185629794973151
0.6185629794973151
0.6185629794973151
0.6185629794973151
0.6185629794973151
0.6185629794973151
0.6185629794973151
0.6185629794973151
0.6185629794973151
0.6185629794973151
0.6185629794973151
0.6185629794973151
0.6185629794973151
0.6185629794973151
0.6185629794973151
0.6185629794973151
0.6220352017195373
0.6220352017195373
0.6220352017195373
0.6220352017195373
0.6220352017195373
0.6220352017195373
0.6220352017195373
0.6220352017195373
0.6220352017195373
0.6220352017195373
0.6220352017195373
0.6220352017195373
0.6220352017195373
0.6220352017195373
0.6220352017195373
0.6220352017195373
0.6220352017195373
0.6220352017195373
0.6220352017195373
0.6220352017195373
0.6220352017195373
0.6275907572750928
0.6275907572750928
0.6275907572750928
0.6275907572750928
0.6275907572750928
0.6324216751494889
0.6324216751494889
0.6324216751494889
0.6324216751494889
0.6324216751494889
0.6324216751494889
0.6324216751494889
0.6324216751494889
0.6382696283658632
0.6382696283658632
0.6382696283658632
0.6382696283658632
0.6433201334163683
0.6433201334163683
0.6433201334163683
0.6433201334163683
0.6433201334163683
0.6433201334163683
0.6433201334163683
0.6433201334163683
0.6506237732631115
0.6506237732631115
0.6506237732631115
0.6506237732631115
0.6506237732631115
0.6506237732631115
0.6506237732631115
0.6506237732631115
0.6506237732631115
0.6544551908876326
0.6544551908876326
0.6544551908876326
0.6544551908876326
0.6544551908876326
0.6544551908876326
0.6544551908876326
0.6544551908876326
0.6544551908876326
0.6544551908876326
0.6544551908876326
0.6544551908876326
0.6544551908876326
0.6544551908876326
0.6544551908876326
0.6544551908876326
0.6544551908876326
0.6579274131098548
0.6579274131098548
0.6579274131098548
0.6579274131098548
0.6579274131098548
0.6579274131098548
0.6579274131098548
0.6579274131098548
0.6579274131098548
0.6579274131098548
0.6579274131098548
0.6579274131098548
0.6579274131098548
0.6579274131098548
0.6579274131098548
0.6579274131098548
0.6579274131098548
0.6669551908876326
0.6669551908876326
0.6669551908876326
0.6669551908876326
0.6669551908876326
0.6669551908876326
0.6669551908876326
0.6669551908876326
0.6669551908876326
0.6669551908876326
0.6669551908876326
0.6669551908876326
0.6669551908876326
0.6669551908876326
0.6669551908876326
0.6669551908876326
0.6669551908876326
0.6728031441040068
0.6728031441040068
0.6728031441040068
0.6728031441040068
0.6728031441040068
0.6728031441040068
0.6728031441040068
0.6728031441040068
0.6728031441040068
0.6728031441040068
0.6728031441040068
0.6728031441040068
0.6728031441040068
0.6728031441040068
0.6728031441040068
0.6728031441040068
0.6728031441040068
0.6780941493950121
0.6780941493950121
0.6780941493950121
0.6780941493950121
0.6780941493950121
0.6780941493950121
0.6780941493950121
0.6780941493950121
0.6780941493950121
0.6780941493950121
0.6780941493950121
0.6780941493950121
0.6780941493950121
0.6780941493950121
0.6780941493950121
0.6780941493950121
0.6780941493950121
0.6892052605061232
0.6892052605061232
0.6892052605061232
0.6892052605061232
0.6892052605061232
0.6892052605061232
0.6892052605061232
0.6892052605061232
0.6926774827283455
0.6926774827283455
0.6926774827283455
0.6926774827283455
0.6926774827283455
0.6926774827283455
0.6926774827283455
0.6926774827283455
0.6926774827283455
0.7081144612088023
0.7081144612088023
0.7081144612088023
0.7081144612088023
0.7081144612088023
0.7081144612088023
0.7081144612088023
0.7081144612088023
0.7081144612088023
0.7081144612088023
0.7136700167643578
0.7136700167643578
0.7136700167643578
0.7136700167643578
0.7136700167643578
0.7136700167643578
0.7136700167643578
0.7136700167643578
0.7136700167643578
0.7136700167643578
0.7136700167643578
0.7136700167643578
0.7136700167643578
0.7136700167643578
0.7136700167643578
0.7136700167643578
0.7136700167643578
0.7136700167643578
0.7136700167643578
0.7175014343888788
0.7175014343888788
0.7175014343888788
0.7175014343888788
0.7175014343888788
0.722332352263275
0.722332352263275
0.722332352263275
0.722332352263275
0.722332352263275
0.722332352263275
0.722332352263275
0.722332352263275
0.722332352263275
0.722332352263275
0.722332352263275
0.722332352263275
0.722332352263275
0.722332352263275
0.7281803054796492
0.7281803054796492
0.7281803054796492
0.7281803054796492
0.7281803054796492
0.7281803054796492
0.7281803054796492
0.7281803054796492
0.7281803054796492
0.7281803054796492
0.7281803054796492
0.7281803054796492
0.7281803054796492
0.7281803054796492
0.7281803054796492
0.7281803054796492
0.7281803054796492
0.7281803054796492
0.7281803054796492
0.7281803054796492
0.7391840628602182
0.7391840628602182
0.7391840628602182
0.7391840628602182
0.7391840628602182
0.7440149807346144
0.7440149807346144
0.7440149807346144
0.7440149807346144
0.7440149807346144
0.7440149807346144
0.7440149807346144
0.7440149807346144
0.7440149807346144
0.7440149807346144
0.7440149807346144
0.7440149807346144
0.7538964036595155
0.7538964036595155
0.7538964036595155
0.7538964036595155
0.7538964036595155
0.7538964036595155
0.7538964036595155
0.7538964036595155
0.7538964036595155
0.7538964036595155
0.7538964036595155
0.7538964036595155
0.7538964036595155
0.7538964036595155
0.7538964036595155
0.7538964036595155
0.7538964036595155
0.7600692431656884
0.7600692431656884
0.7600692431656884
0.77045571659564
0.77045571659564
0.77045571659564
0.77045571659564
0.77045571659564
0.77045571659564
0.77045571659564
0.77045571659564
0.77045571659564
0.77045571659564
0.77045571659564
0.77045571659564
0.77045571659564
0.77045571659564
0.7833149119979389
0.7833149119979389
0.7833149119979389
0.7833149119979389
0.7833149119979389
0.7833149119979389
0.7833149119979389
0.7833149119979389
0.7833149119979389
0.7833149119979389
0.7833149119979389
0.7833149119979389
0.7833149119979389
0.7833149119979389
0.7833149119979389
0.7833149119979389
0.7833149119979389
0.7918376392706663
0.7918376392706663
0.7918376392706663
0.7918376392706663
0.7918376392706663
0.7918376392706663
0.7918376392706663
0.7976855924870405
0.7976855924870405
0.7976855924870405
0.7976855924870405
0.7976855924870405
0.7976855924870405
0.7976855924870405
0.7976855924870405
0.7976855924870405
0.7976855924870405
0.7976855924870405
0.7976855924870405
0.7976855924870405
0.7976855924870405
0.7976855924870405
0.7976855924870405
0.7976855924870405
0.7976855924870405
0.7976855924870405
0.7976855924870405
0.7976855924870405
0.7976855924870405
0.7976855924870405
0.7976855924870405
0.7976855924870405
0.7976855924870405
0.7976855924870405
0.7976855924870405
0.7976855924870405
0.7976855924870405
0.7976855924870405
0.7976855924870405
0.7976855924870405
0.7976855924870405
0.7976855924870405
0.7976855924870405
0.7976855924870405
0.7976855924870405
0.7976855924870405
0.7976855924870405
0.7976855924870405
0.7976855924870405
0.7976855924870405
0.7976855924870405
0.7976855924870405
0.7976855924870405
0.7976855924870405
0.7976855924870405
0.7976855924870405
0.7976855924870405
0.7976855924870405
0.7976855924870405
0.7976855924870405
0.7976855924870405
0.7976855924870405
0.7976855924870405
0.7976855924870405
0.7976855924870405
0.7976855924870405
0.7976855924870405
0.7976855924870405
0.7976855924870405
0.7976855924870405
0.7976855924870405
0.7976855924870405
0.7976855924870405
0.7976855924870405
0.7976855924870405
0.7976855924870405
0.7976855924870405
0.7976855924870405
0.7976855924870405
0.7976855924870405
0.7976855924870405
0.7976855924870405
0.7976855924870405
0.7976855924870405
0.7976855924870405
0.7976855924870405
0.7976855924870405
0.7976855924870405
0.7976855924870405
0.7976855924870405
0.7976855924870405
0.7976855924870405
0.7976855924870405
0.7976855924870405
0.7976855924870405
0.7976855924870405
0.7976855924870405
0.7976855924870405
0.7976855924870405
0.7976855924870405
0.7976855924870405
0.7976855924870405
0.7976855924870405
0.7976855924870405
0.7976855924870405
0.7976855924870405
0.7976855924870405
0.7976855924870405
0.7976855924870405
0.7976855924870405
0.7976855924870405
0.7976855924870405
0.7976855924870405
0.7976855924870405
0.7976855924870405
0.7976855924870405
0.7976855924870405
0.7976855924870405
0.7976855924870405
0.8073649633279358
0.8073649633279358
0.8111963809524568
0.8111963809524568
0.8111963809524568
0.8111963809524568
0.8111963809524568
0.8111963809524568
0.8111963809524568
0.8111963809524568
0.8111963809524568
0.8111963809524568
0.8111963809524568
0.8111963809524568
0.8111963809524568
0.8111963809524568
0.8111963809524568
0.814668603174679
0.814668603174679
0.814668603174679
0.814668603174679
0.814668603174679
0.814668603174679
0.814668603174679
0.814668603174679
0.814668603174679
0.814668603174679
0.814668603174679
0.814668603174679
0.814668603174679
0.814668603174679
0.814668603174679
0.814668603174679
0.814668603174679
0.8202241587302346
0.8202241587302346
0.8202241587302346
0.8202241587302346
0.8202241587302346
0.8202241587302346
0.8240555763547557
0.8240555763547557
0.8240555763547557
0.8240555763547557
0.8240555763547557
0.8240555763547557
0.8240555763547557
0.8240555763547557
0.8240555763547557
0.8240555763547557
0.8240555763547557
0.8302284158609285
0.8302284158609285
0.8302284158609285
0.8302284158609285
0.8302284158609285
0.8302284158609285
0.8302284158609285
0.8302284158609285
0.8350593337353248
0.8350593337353248
0.8350593337353248
0.8350593337353248
0.8350593337353248
0.8350593337353248
0.8350593337353248
0.8350593337353248
0.8350593337353248
0.8350593337353248
0.8350593337353248
0.8350593337353248
0.8350593337353248
0.8350593337353248
0.8350593337353248
0.8350593337353248
0.8350593337353248
0.8350593337353248
0.8350593337353248
0.8350593337353248
0.8350593337353248
0.8350593337353248
0.8350593337353248
0.8350593337353248
0.8350593337353248
0.8350593337353248
0.8350593337353248
0.8350593337353248
0.8350593337353248
0.8350593337353248
0.8350593337353248
0.8350593337353248
0.8350593337353248
0.8350593337353248
0.8350593337353248
0.8350593337353248
0.8350593337353248
0.8350593337353248
0.8350593337353248
0.8350593337353248
0.8350593337353248
0.8350593337353248
0.8350593337353248
0.8350593337353248
0.8350593337353248
0.8350593337353248
0.8350593337353248
0.8350593337353248
0.8350593337353248
0.8350593337353248
0.8350593337353248
0.8350593337353248
0.8350593337353248
0.8350593337353248
0.8350593337353248
0.8350593337353248
0.8350593337353248
0.84035033902633
0.84035033902633
0.84035033902633
0.8555227672422364
0.8555227672422364
0.8555227672422364
0.8555227672422364
0.8555227672422364
0.8555227672422364
0.8555227672422364
0.8555227672422364
0.8555227672422364
0.8555227672422364
0.8555227672422364
0.8555227672422364
0.8555227672422364
0.8555227672422364
0.8555227672422364
0.8555227672422364
0.8555227672422364
0.8603536851166325
0.8603536851166325
0.8603536851166325
0.8603536851166325
0.8603536851166325
0.8603536851166325
0.8603536851166325
0.8603536851166325
0.8603536851166325
0.8603536851166325
0.8603536851166325
0.8603536851166325
0.8603536851166325
0.8603536851166325
0.8603536851166325
0.8603536851166325
0.8603536851166325
0.8638259073388547
0.8693814628944103
0.8693814628944103
0.8693814628944103
0.8693814628944103
0.8693814628944103
0.8693814628944103
0.8693814628944103
0.8693814628944103
0.8693814628944103
0.8693814628944103
0.8693814628944103
0.8693814628944103
0.8693814628944103
0.8693814628944103
0.8693814628944103
0.8693814628944103
0.8693814628944103
0.8693814628944103
0.8693814628944103
0.8693814628944103
0.8693814628944103
0.8693814628944103
0.8693814628944103
0.8693814628944103
0.8693814628944103
0.8693814628944103
0.8693814628944103
0.8693814628944103
0.8693814628944103
0.8693814628944103
0.8693814628944103
0.8693814628944103
0.8693814628944103
0.8755543024005832
0.8755543024005832
0.8755543024005832
0.8755543024005832
0.8755543024005832
0.8755543024005832
0.8755543024005832
0.8755543024005832
0.8755543024005832
0.8755543024005832
0.8755543024005832
0.8755543024005832
0.8755543024005832
0.8755543024005832
0.8755543024005832
0.8755543024005832
0.8755543024005832
0.8803852202749795
0.8803852202749795
0.8803852202749795
0.8803852202749795
0.8803852202749795
0.8803852202749795
0.8803852202749795
0.8803852202749795
0.8803852202749795
0.8803852202749795
0.8803852202749795
0.8803852202749795
0.8803852202749795
0.8803852202749795
0.8803852202749795
0.8803852202749795
0.8803852202749795
0.8803852202749795
0.8803852202749795
0.8803852202749795
0.8803852202749795
0.8803852202749795
0.8803852202749795
0.8803852202749795
0.8803852202749795
0.8803852202749795
0.8856762255659847
0.8856762255659847
0.8856762255659847
0.8856762255659847
0.8856762255659847
0.8856762255659847
0.8856762255659847
0.8856762255659847
0.8856762255659847
0.8856762255659847
0.8856762255659847
0.8856762255659847
0.8856762255659847
0.8856762255659847
0.8856762255659847
0.8856762255659847
0.8856762255659847
0.8856762255659847
0.8856762255659847
0.8905071434403808
0.8905071434403808
0.8905071434403808
0.8905071434403808
0.8905071434403808
0.8905071434403808
0.8963550966567551
0.8963550966567551
0.8963550966567551
0.8963550966567551
0.8963550966567551
0.8963550966567551
0.8963550966567551
0.8963550966567551
0.8963550966567551
0.8963550966567551
0.8963550966567551
0.8963550966567551
0.8963550966567551
0.8963550966567551
0.8963550966567551
0.8963550966567551
0.8963550966567551
0.9022030498731293
0.9022030498731293
0.9022030498731293
0.9022030498731293
0.9022030498731293
0.9022030498731293
0.9022030498731293
0.9022030498731293
0.9022030498731293
0.9022030498731293
0.9022030498731293
0.9022030498731293
0.9022030498731293
0.9022030498731293
0.9022030498731293
0.9022030498731293
0.9022030498731293
0.9022030498731293
0.9022030498731293
0.9022030498731293
0.9022030498731293
0.9022030498731293
0.9022030498731293
0.9022030498731293
0.9022030498731293
0.9022030498731293
0.9022030498731293
0.9022030498731293
0.9022030498731293
0.9022030498731293
0.9022030498731293
0.9022030498731293
0.9022030498731293
0.9022030498731293
0.9072535549236344
0.9072535549236344
0.9072535549236344
0.9072535549236344
0.9072535549236344
0.9072535549236344
0.9072535549236344
0.9072535549236344
0.9072535549236344
0.9072535549236344
0.9072535549236344
0.9072535549236344
0.9072535549236344
0.9072535549236344
0.9072535549236344
0.9072535549236344
0.9072535549236344
0.9072535549236344
0.9072535549236344
0.9072535549236344
0.9072535549236344
0.9072535549236344
0.9072535549236344
0.9072535549236344
0.9072535549236344
0.9072535549236344
0.9072535549236344
0.9072535549236344
0.9072535549236344
0.9072535549236344
0.9072535549236344
0.9072535549236344
0.9072535549236344
0.9072535549236344
0.9072535549236344
0.9072535549236344
0.9072535549236344
0.9072535549236344
0.9072535549236344
0.9072535549236344
0.9072535549236344
0.9072535549236344
0.9072535549236344
0.9072535549236344
0.9072535549236344
0.9072535549236344
0.9072535549236344
0.9072535549236344
0.9072535549236344
0.9072535549236344
0.9072535549236344
0.9072535549236344
0.9072535549236344
0.9072535549236344
0.9072535549236344
0.9072535549236344
0.9072535549236344
0.9134263944298071
0.9134263944298071
0.9134263944298071
0.9134263944298071
0.9134263944298071
0.9134263944298071
0.9134263944298071
0.9134263944298071
0.9134263944298071
0.9134263944298071
0.9134263944298071
0.9283967705617078
0.9283967705617078
0.9283967705617078
0.9283967705617078
0.9283967705617078
0.9283967705617078
0.9283967705617078
0.9283967705617078
0.9283967705617078
0.9283967705617078
0.9283967705617078
0.9283967705617078
0.9283967705617078
0.9283967705617078
0.9283967705617078
0.9283967705617078
0.9283967705617078
0.93186899278393
0.93186899278393
0.93186899278393
0.93186899278393
0.93186899278393
0.93186899278393
0.93186899278393
0.93186899278393
0.93186899278393
0.93186899278393
0.93186899278393
0.93186899278393
0.93186899278393
0.93186899278393
0.93186899278393
0.93186899278393
0.93186899278393
0.93186899278393
0.93186899278393
0.93186899278393
0.93186899278393
0.93186899278393
0.93186899278393
0.93186899278393
0.93186899278393
0.93186899278393
0.93186899278393
0.93186899278393
0.93186899278393
0.93186899278393
0.93186899278393
0.93186899278393
0.93186899278393
0.93186899278393
0.93186899278393
0.93186899278393
0.93186899278393
0.93186899278393
0.93186899278393
0.93186899278393
0.93186899278393
0.93186899278393
0.93186899278393
0.93186899278393
0.93186899278393
0.93186899278393
0.93186899278393
0.93186899278393
0.93186899278393
0.93186899278393
0.93186899278393
0.93186899278393
0.93186899278393
0.93186899278393
0.93186899278393
0.93186899278393
0.93186899278393
0.93186899278393
0.93186899278393
0.93186899278393
0.93186899278393
0.93186899278393
0.93186899278393
0.93186899278393
0.93186899278393
0.93186899278393
0.93186899278393
0.93186899278393
0.93186899278393
0.93186899278393
0.93186899278393
0.93186899278393
0.93186899278393
0.93186899278393
0.93186899278393
0.93186899278393
0.93186899278393
0.93186899278393
0.93186899278393
0.93186899278393
0.93186899278393
0.93186899278393
0.93186899278393
0.93186899278393
0.93186899278393
0.9377169460003043
0.9427674510508095
0.9427674510508095
0.9427674510508095
0.9427674510508095
0.9427674510508095
0.9427674510508095
0.9427674510508095
0.9427674510508095
0.9427674510508095
0.9427674510508095
0.9427674510508095
0.9427674510508095
0.9427674510508095
0.9427674510508095
0.9427674510508095
0.9427674510508095
0.9427674510508095
0.9427674510508095
0.9427674510508095
0.9518898739663357
0.9518898739663357
0.9518898739663357
0.9518898739663357
0.9518898739663357
0.9518898739663357
0.9518898739663357
0.9518898739663357
0.9518898739663357
0.9518898739663357
0.9518898739663357
0.9518898739663357
0.9518898739663357
0.9518898739663357
0.9518898739663357
0.9518898739663357
0.9518898739663357
0.9518898739663357
0.9518898739663357
0.9518898739663357
0.9518898739663357
0.9518898739663357
0.9518898739663357
0.9518898739663357
0.9518898739663357
0.9518898739663357
0.9518898739663357
0.9518898739663357
0.9518898739663357
0.9518898739663357
0.9518898739663357
0.9518898739663357
0.9518898739663357
0.9518898739663357
0.9518898739663357
0.9518898739663357
0.9518898739663357
0.9518898739663357
0.9518898739663357
0.9518898739663357
0.9518898739663357
0.9518898739663357
0.9518898739663357
0.9518898739663357
0.9518898739663357
0.9518898739663357
0.9518898739663357
0.9518898739663357
0.9518898739663357
0.9518898739663357
0.9518898739663357
0.9518898739663357
0.9518898739663357
0.9518898739663357
0.9518898739663357
0.9518898739663357
0.9518898739663357
0.9518898739663357
0.9518898739663357
0.9518898739663357
0.9518898739663357
0.9518898739663357
0.9518898739663357
0.9518898739663357
0.9518898739663357
0.9518898739663357
0.9518898739663357
0.9518898739663357
0.9518898739663357
0.9518898739663357
0.9518898739663357
0.9518898739663357
0.9518898739663357
0.9518898739663357
0.9518898739663357
0.9518898739663357
0.9518898739663357
0.9518898739663357
0.9518898739663357
0.9518898739663357
0.9518898739663357
0.9518898739663357
0.9518898739663357
0.9518898739663357
0.9518898739663357
0.9518898739663357
0.9518898739663357
0.9518898739663357
0.9518898739663357
0.9518898739663357
0.9518898739663357
0.9518898739663357
0.9518898739663357
0.9518898739663357
0.9518898739663357
0.9518898739663357
0.9518898739663357
0.9518898739663357
0.9518898739663357
0.9518898739663357
0.9518898739663357
0.9518898739663357
0.9518898739663357
0.9518898739663357
0.9518898739663357
0.9518898739663357
0.9518898739663357
0.9518898739663357
0.9518898739663357
0.9518898739663357
0.9518898739663357
0.9518898739663357
0.9518898739663357
0.9518898739663357
0.9518898739663357
0.9518898739663357
0.9518898739663357
0.9518898739663357
0.9518898739663357
0.9518898739663357
0.9518898739663357
0.9518898739663357
0.9518898739663357
0.9518898739663357
0.9518898739663357
0.9518898739663357
0.9518898739663357
0.9518898739663357
0.9518898739663357
0.9518898739663357
0.9518898739663357
0.9518898739663357
0.9518898739663357
0.9518898739663357
0.9518898739663357
0.9518898739663357
0.9518898739663357
0.9518898739663357
0.9518898739663357
0.9518898739663357
0.9518898739663357
0.9518898739663357
0.9518898739663357
0.9518898739663357
0.9518898739663357
0.9518898739663357
0.9518898739663357
0.9518898739663357
0.9518898739663357
0.9518898739663357
0.9518898739663357
0.9518898739663357
0.9518898739663357
0.9518898739663357
0.9518898739663357
0.9518898739663357
0.9518898739663357
0.9518898739663357
0.9518898739663357
0.9518898739663357
0.9518898739663357
0.9518898739663357
0.9518898739663357
0.9518898739663357
0.9518898739663357
0.9518898739663357
0.9518898739663357
0.9518898739663357
0.9518898739663357
0.9518898739663357
0.9518898739663357
0.9518898739663357
0.9518898739663357
0.9518898739663357
0.9518898739663357
0.9518898739663357
0.9518898739663357
0.9518898739663357
0.9518898739663357
0.9518898739663357
0.9518898739663357
0.9518898739663357
0.9518898739663357
0.9518898739663357
0.9518898739663357
0.9518898739663357
0.9518898739663357
0.9518898739663357
0.9518898739663357
0.9518898739663357
0.9567207918407319
0.9567207918407319
0.9567207918407319
0.9567207918407319
0.9567207918407319
0.9567207918407319
0.9567207918407319
0.9567207918407319
0.9567207918407319
0.9567207918407319
0.9567207918407319
0.9567207918407319
0.9567207918407319
0.9567207918407319
0.9567207918407319
0.9567207918407319
0.9567207918407319
0.9567207918407319
0.9567207918407319
0.9601930140629542
0.9601930140629542
0.9601930140629542
0.9601930140629542
0.9601930140629542
0.9601930140629542
0.9601930140629542
0.9601930140629542
0.9601930140629542
0.9601930140629542
0.9601930140629542
0.9601930140629542
0.9601930140629542
0.9601930140629542
0.9601930140629542
0.9601930140629542
0.9601930140629542
0.9601930140629542
0.9601930140629542
0.9601930140629542
0.9601930140629542
0.9601930140629542
0.9601930140629542
0.9601930140629542
0.9601930140629542
0.9601930140629542
0.9601930140629542
0.9601930140629542
0.9601930140629542
0.9601930140629542
0.9601930140629542
0.9601930140629542
0.9601930140629542
0.9601930140629542
0.9601930140629542
0.9601930140629542
0.9601930140629542
0.9601930140629542
0.9652435191134592
0.9652435191134592
0.9652435191134592
0.9652435191134592
0.9652435191134592
0.9652435191134592
0.9652435191134592
0.9652435191134592
0.9652435191134592
0.9652435191134592
0.9652435191134592
0.9652435191134592
0.9652435191134592
0.9652435191134592
0.9652435191134592
0.9652435191134592
0.9652435191134592
0.9652435191134592
0.9652435191134592
0.9652435191134592
0.9652435191134592
0.9652435191134592
0.9652435191134592
0.9652435191134592
0.9652435191134592
0.9652435191134592
0.9652435191134592
0.9652435191134592
0.9652435191134592
0.9652435191134592
0.9652435191134592
0.9652435191134592
0.9652435191134592
0.9652435191134592
0.9652435191134592
0.9652435191134592
0.9652435191134592
0.9652435191134592
0.9652435191134592
0.9652435191134592
0.9652435191134592
0.9652435191134592
0.9652435191134592
0.9652435191134592
0.9652435191134592
0.9652435191134592
0.9652435191134592
0.9652435191134592
0.9652435191134592
0.9652435191134592
0.9652435191134592
0.9652435191134592
0.9652435191134592
0.9652435191134592
0.9652435191134592
0.9652435191134592
0.9652435191134592
0.9652435191134592
0.9652435191134592
0.9652435191134592
0.9652435191134592
0.9652435191134592
0.9652435191134592
0.9652435191134592
0.9652435191134592
0.9652435191134592
0.9652435191134592
0.9652435191134592
0.9652435191134592
0.9652435191134592
0.9652435191134592
0.9652435191134592
0.9652435191134592
0.9652435191134592
0.9652435191134592
0.9652435191134592
0.9652435191134592
0.9652435191134592
0.9652435191134592
0.9652435191134592
0.9652435191134592
0.9652435191134592
0.9652435191134592
0.9652435191134592
0.9652435191134592
0.9652435191134592
0.9652435191134592
0.9652435191134592
0.9652435191134592
0.9652435191134592
0.9652435191134592
0.9652435191134592
0.9652435191134592
0.9652435191134592
0.9652435191134592
0.9707990746690148
0.9707990746690148
0.9707990746690148
0.9707990746690148
0.9707990746690148
0.9707990746690148
0.9707990746690148
0.9707990746690148
0.9707990746690148
0.9707990746690148
0.9707990746690148
0.9707990746690148
0.974271296891237
0.974271296891237
0.974271296891237
0.974271296891237
0.974271296891237
0.974271296891237
0.974271296891237
0.974271296891237
0.974271296891237
0.974271296891237
0.974271296891237
0.974271296891237
0.974271296891237
0.974271296891237
0.974271296891237
0.974271296891237
0.974271296891237
0.974271296891237
0.974271296891237
0.974271296891237
0.974271296891237
0.974271296891237
0.974271296891237
0.974271296891237
0.974271296891237
0.974271296891237
0.974271296891237
0.974271296891237
0.974271296891237
0.974271296891237
0.974271296891237
0.974271296891237
0.974271296891237
0.974271296891237
0.974271296891237
0.974271296891237
0.974271296891237
0.974271296891237
0.974271296891237
0.974271296891237
0.974271296891237
0.974271296891237
0.974271296891237
0.974271296891237
0.974271296891237
0.974271296891237
0.974271296891237
0.974271296891237
0.974271296891237
0.974271296891237
0.974271296891237
0.974271296891237
0.974271296891237
0.974271296891237
0.974271296891237
0.974271296891237
0.974271296891237
0.974271296891237
0.974271296891237
0.974271296891237
0.974271296891237
0.974271296891237
0.974271296891237
0.974271296891237
0.974271296891237
0.974271296891237
0.974271296891237
0.974271296891237
0.974271296891237
0.974271296891237
0.974271296891237
0.974271296891237
0.974271296891237
0.974271296891237
0.974271296891237
0.974271296891237
0.974271296891237
0.974271296891237
0.974271296891237
0.974271296891237
0.974271296891237
0.974271296891237
0.974271296891237
0.974271296891237
0.974271296891237
0.974271296891237
0.974271296891237
0.974271296891237
0.974271296891237
0.974271296891237
0.974271296891237
0.974271296891237
0.974271296891237
0.974271296891237
0.974271296891237
0.974271296891237
0.974271296891237
0.974271296891237
0.974271296891237
0.974271296891237
0.974271296891237
0.974271296891237
0.974271296891237
0.974271296891237
0.974271296891237
0.974271296891237
0.974271296891237
0.974271296891237
0.974271296891237
0.974271296891237
0.974271296891237
0.974271296891237
0.974271296891237
0.974271296891237
0.974271296891237
0.974271296891237
0.974271296891237
0.974271296891237
0.974271296891237
0.974271296891237
0.974271296891237
0.974271296891237
0.974271296891237
0.974271296891237
0.974271296891237
0.974271296891237
0.974271296891237
0.974271296891237
0.974271296891237
0.974271296891237
0.974271296891237
0.974271296891237
0.974271296891237
0.974271296891237
0.974271296891237
0.974271296891237
0.974271296891237
0.974271296891237
0.974271296891237
0.974271296891237
0.974271296891237
0.974271296891237
0.974271296891237
0.974271296891237
0.974271296891237
0.974271296891237
0.974271296891237
0.974271296891237
0.974271296891237
0.974271296891237
0.974271296891237
0.974271296891237
0.974271296891237
0.974271296891237
0.974271296891237
0.974271296891237
0.974271296891237
0.974271296891237
0.974271296891237
0.974271296891237
0.974271296891237
0.974271296891237
0.974271296891237
0.974271296891237
0.974271296891237
0.974271296891237
0.974271296891237
0.974271296891237
0.974271296891237
0.974271296891237
0.974271296891237
0.974271296891237
0.974271296891237
0.974271296891237
0.974271296891237
0.974271296891237
0.974271296891237
0.974271296891237
0.974271296891237
0.974271296891237
0.974271296891237
0.974271296891237
0.974271296891237
0.974271296891237
0.974271296891237
0.974271296891237
0.974271296891237
0.974271296891237
0.974271296891237
0.974271296891237
0.974271296891237
0.974271296891237
0.974271296891237
0.974271296891237
0.974271296891237
0.974271296891237
0.974271296891237
0.9791022147656331
0.9791022147656331
0.9791022147656331
0.9791022147656331
0.9791022147656331
0.9791022147656331
0.9791022147656331
0.9791022147656331
0.9791022147656331
0.9791022147656331
0.9791022147656331
0.9791022147656331
0.9791022147656331
0.9791022147656331
0.9791022147656331
0.9791022147656331
0.9791022147656331
0.9791022147656331
0.9791022147656331
0.9791022147656331
0.9791022147656331
0.9791022147656331
0.9791022147656331
0.9791022147656331
0.9791022147656331
0.9791022147656331
0.9791022147656331
0.9791022147656331
0.9791022147656331
0.9791022147656331
0.9791022147656331
0.9791022147656331
0.9791022147656331
0.9791022147656331
0.9791022147656331
0.9791022147656331
0.9791022147656331
0.9791022147656331
0.9791022147656331
0.9791022147656331
0.9791022147656331
0.9791022147656331
0.9791022147656331
0.9791022147656331
0.9791022147656331
0.9791022147656331
0.9791022147656331
0.9791022147656331
0.9791022147656331
0.9791022147656331
0.9791022147656331
0.9791022147656331
0.9791022147656331
0.9791022147656331
0.9791022147656331
0.9791022147656331
0.9791022147656331
0.9791022147656331
0.9791022147656331
0.9791022147656331
0.9791022147656331
0.9791022147656331
0.9791022147656331
0.9791022147656331
0.9791022147656331
0.9791022147656331
0.9791022147656331
0.9791022147656331
0.9791022147656331
0.9791022147656331
0.9791022147656331
0.9791022147656331
0.9791022147656331
0.9791022147656331
0.9791022147656331
0.9843932200566383
0.9843932200566383
0.9843932200566383
0.9843932200566383
0.9843932200566383
0.9843932200566383
0.9843932200566383
0.9843932200566383
0.9843932200566383
0.9843932200566383
0.9843932200566383
0.9843932200566383
0.9843932200566383
0.9843932200566383
0.9843932200566383
0.9843932200566383
0.9843932200566383
0.9843932200566383
0.9843932200566383
0.9843932200566383
0.9843932200566383
0.9843932200566383
0.9843932200566383
0.9843932200566383
0.9843932200566383
0.9843932200566383
0.9843932200566383
0.9843932200566383
0.9843932200566383
0.9843932200566383
0.9843932200566383
0.9843932200566383
0.9843932200566383
0.9843932200566383
0.9843932200566383
0.9843932200566383
0.9843932200566383
0.9843932200566383
0.9843932200566383
0.9843932200566383
0.9843932200566383
0.9843932200566383
0.9843932200566383
0.9843932200566383
0.9843932200566383
0.9843932200566383
0.9843932200566383
0.9843932200566383
0.9843932200566383
0.9843932200566383
0.9843932200566383
0.9843932200566383
0.9843932200566383
0.9843932200566383
0.9843932200566383
0.9843932200566383
0.9843932200566383
0.9843932200566383
0.9843932200566383
0.9843932200566383
0.9843932200566383
0.9843932200566383
0.9843932200566383
0.9843932200566383
0.9843932200566383
0.9843932200566383
0.9843932200566383
0.9843932200566383
0.9843932200566383
0.9843932200566383
0.9843932200566383
0.9843932200566383
0.9843932200566383
0.9843932200566383
0.9843932200566383
0.9843932200566383
0.9843932200566383
0.9843932200566383
0.9843932200566383
0.9843932200566383
0.9843932200566383
0.9843932200566383
0.9843932200566383
0.9843932200566383
0.9843932200566383
0.9843932200566383
0.9843932200566383
0.9843932200566383
0.9843932200566383
0.9843932200566383
0.9843932200566383
0.9843932200566383
0.9843932200566383
0.9843932200566383
0.9843932200566383
0.9843932200566383
0.9843932200566383
0.9843932200566383
0.9843932200566383
0.9843932200566383
0.9843932200566383
0.9843932200566383
0.9843932200566383
0.9843932200566383
0.9843932200566383
0.9843932200566383
0.9843932200566383
0.9843932200566383
0.9843932200566383
0.9843932200566383
0.9843932200566383
0.9843932200566383
0.9843932200566383
0.9843932200566383
0.9843932200566383
0.9843932200566383
0.9843932200566383
0.9843932200566383
0.9843932200566383
0.9843932200566383
0.9843932200566383
0.9843932200566383
0.9843932200566383
0.9843932200566383
0.9843932200566383
0.9843932200566383
0.9843932200566383
0.9843932200566383
0.9843932200566383
0.9843932200566383
0.9843932200566383
0.9843932200566383
0.9843932200566383
0.9843932200566383
0.9843932200566383
0.9843932200566383
0.9843932200566383
0.9843932200566383
0.9843932200566383
0.9843932200566383
0.9843932200566383
0.9843932200566383
0.9843932200566383
0.9843932200566383
0.9843932200566383
0.9843932200566383
0.9843932200566383
0.9843932200566383
0.9843932200566383
0.9843932200566383
0.9843932200566383
0.9843932200566383
0.9843932200566383
0.9843932200566383
0.9843932200566383
0.9843932200566383
0.9843932200566383
0.9843932200566383
0.9843932200566383
0.9843932200566383
0.9843932200566383
0.9843932200566383
0.9843932200566383
0.9843932200566383
0.9843932200566383
0.9843932200566383
0.9843932200566383
0.9843932200566383
0.9843932200566383
0.9843932200566383
0.9843932200566383
0.9843932200566383
0.9843932200566383
0.9843932200566383
0.9843932200566383
0.9843932200566383
0.9843932200566383
0.9843932200566383
0.9843932200566383
0.9843932200566383
0.9843932200566383
0.9843932200566383
0.9843932200566383
0.9843932200566383
0.9843932200566383
0.9843932200566383
0.9843932200566383
0.9843932200566383
0.9843932200566383
0.9843932200566383
0.9843932200566383
0.9843932200566383
0.9843932200566383
0.9843932200566383
0.9843932200566383
0.9843932200566383
0.9843932200566383
0.9843932200566383
0.9843932200566383
0.9843932200566383
0.9843932200566383
0.9843932200566383
0.9843932200566383
0.9843932200566383
0.9843932200566383
0.9843932200566383
0.9843932200566383
0.9843932200566383
0.9843932200566383
0.9843932200566383
0.9843932200566383
0.9843932200566383
0.9843932200566383
0.9843932200566383
0.9843932200566383
0.9843932200566383
0.9843932200566383
0.9843932200566383
0.9843932200566383
0.9843932200566383
0.9843932200566383
0.9843932200566383
0.9843932200566383
0.9843932200566383
0.9843932200566383
0.9843932200566383
0.9843932200566383
0.9843932200566383
0.9843932200566383
0.9843932200566383
0.9843932200566383
0.9843932200566383
0.9843932200566383
0.9843932200566383
0.9843932200566383
0.9843932200566383
0.9843932200566383
0.9843932200566383
0.9843932200566383
0.9843932200566383
0.9843932200566383
0.9843932200566383
0.9843932200566383
0.9843932200566383
0.9843932200566383
0.9843932200566383
0.9843932200566383
0.9843932200566383
0.9843932200566383
0.9843932200566383
0.9843932200566383
0.9843932200566383
0.9843932200566383
0.9843932200566383
0.9843932200566383
0.9843932200566383
0.9843932200566383
0.9843932200566383
0.9843932200566383
0.9843932200566383
0.9843932200566383
0.9843932200566383
0.9843932200566383
0.9843932200566383
0.9843932200566383
0.9843932200566383
0.9843932200566383
0.9843932200566383
0.9843932200566383
0.9843932200566383
0.9843932200566383
0.9843932200566383
0.9843932200566383
0.9843932200566383
0.9843932200566383
0.9843932200566383
0.9843932200566383
0.9843932200566383
0.9843932200566383
0.9843932200566383
0.9843932200566383
0.9843932200566383
0.9843932200566383
0.9843932200566383
0.9843932200566383
0.9843932200566383
0.9843932200566383
0.9843932200566383
0.9843932200566383
0.9843932200566383
0.9843932200566383
0.9843932200566383
0.9843932200566383
0.9843932200566383
0.9843932200566383
0.9843932200566383
0.9843932200566383
0.9843932200566383
0.9843932200566383
0.9843932200566383
0.9843932200566383
0.9843932200566383
0.9843932200566383
0.9843932200566383
0.9843932200566383
0.9843932200566383
0.9843932200566383
0.9843932200566383
0.9843932200566383
0.9843932200566383
0.9843932200566383
0.9843932200566383
0.9843932200566383
0.9843932200566383
0.9843932200566383
0.9843932200566383
0.9843932200566383
0.9843932200566383
0.9843932200566383
0.9843932200566383
0.9843932200566383
0.9843932200566383
0.9843932200566383
0.9843932200566383
0.9843932200566383
0.9843932200566383
0.9843932200566383
0.9843932200566383
0.9843932200566383
0.9843932200566383
0.9843932200566383
0.9843932200566383
0.9843932200566383
0.9843932200566383
0.9843932200566383
0.9843932200566383
0.9843932200566383
0.9843932200566383
0.9843932200566383
0.9843932200566383
0.9843932200566383
0.9843932200566383
0.9843932200566383
0.9843932200566383
0.9843932200566383
0.9843932200566383
0.9843932200566383
0.9843932200566383
0.9843932200566383
0.9843932200566383
0.9843932200566383
0.9843932200566383
0.9843932200566383
0.9843932200566383
0.9843932200566383
0.9843932200566383
0.9843932200566383
0.9843932200566383
0.9843932200566383
0.9843932200566383
0.9843932200566383
0.9843932200566383
0.9843932200566383
0.9843932200566383
0.9843932200566383
0.9843932200566383
0.9843932200566383
0.9843932200566383
0.9843932200566383
0.9843932200566383
0.9843932200566383
0.9843932200566383
0.9843932200566383
0.9843932200566383
0.9843932200566383
0.9843932200566383
0.9843932200566383
0.9843932200566383
0.9843932200566383
0.9843932200566383
0.9843932200566383
0.9843932200566383
0.9843932200566383
0.9843932200566383
0.9843932200566383
0.9843932200566383
0.9843932200566383
0.9843932200566383
0.9843932200566383
0.9843932200566383
0.9843932200566383
0.9843932200566383
0.9843932200566383
0.9843932200566383
0.9843932200566383
0.9843932200566383
0.9843932200566383
0.9843932200566383
0.9843932200566383
0.9843932200566383
0.9843932200566383
0.9843932200566383
0.9843932200566383
0.9843932200566383
0.9843932200566383
0.9843932200566383
0.9843932200566383
0.9843932200566383
0.9843932200566383
0.9843932200566383
0.9843932200566383
0.9843932200566383
0.9843932200566383
0.9843932200566383
0.9843932200566383
0.9843932200566383
0.9843932200566383
0.9843932200566383
0.9843932200566383
0.9843932200566383
0.9843932200566383
0.9843932200566383
0.9843932200566383
0.9843932200566383
0.9843932200566383
0.9843932200566383
0.9843932200566383
0.9843932200566383
0.9843932200566383
0.9843932200566383
0.9843932200566383
0.9843932200566383
0.9843932200566383
0.9843932200566383
0.9843932200566383
0.9843932200566383
0.9843932200566383
0.9843932200566383
0.9843932200566383
0.9843932200566383
0.9843932200566383
0.9843932200566383
0.9843932200566383
0.9843932200566383
0.9843932200566383
0.9843932200566383
0.9843932200566383
0.9843932200566383
0.9843932200566383
0.9843932200566383
0.9843932200566383
0.9843932200566383
0.9843932200566383
0.9843932200566383
0.9843932200566383
0.9843932200566383
0.9843932200566383
0.9843932200566383
0.9843932200566383
0.9843932200566383
0.9843932200566383
0.9843932200566383
0.9843932200566383
0.9843932200566383
0.9843932200566383
0.9843932200566383
0.9843932200566383
0.9843932200566383
0.9843932200566383
0.9843932200566383
0.9843932200566383
0.9843932200566383
0.9843932200566383
0.9843932200566383
0.9843932200566383
0.9843932200566383
0.9843932200566383
0.9843932200566383
0.9843932200566383
0.9843932200566383
0.9843932200566383
0.9843932200566383
0.9843932200566383
0.9843932200566383
0.9843932200566383
0.9843932200566383
0.9843932200566383
0.9843932200566383
0.9843932200566383
0.9843932200566383
0.9843932200566383
0.9843932200566383
0.9843932200566383
0.9843932200566383
0.9843932200566383
0.9843932200566383
0.9843932200566383
0.9843932200566383
0.9843932200566383
0.9843932200566383
0.9843932200566383
0.9843932200566383
0.9843932200566383
0.9843932200566383
0.9843932200566383
0.9843932200566383
0.9843932200566383
0.9843932200566383
0.9843932200566383
0.9843932200566383
0.9843932200566383
0.9843932200566383
0.9843932200566383
0.9843932200566383
0.9843932200566383
0.9843932200566383
0.9843932200566383
0.9843932200566383
0.9843932200566383
0.9843932200566383
0.9843932200566383
0.9843932200566383
0.9843932200566383
0.9843932200566383
0.9843932200566383
0.9843932200566383
0.9843932200566383
0.9843932200566383
0.9843932200566383
0.9843932200566383
0.9843932200566383
0.9843932200566383
0.9843932200566383
0.9843932200566383
0.9843932200566383
0.9843932200566383
0.9843932200566383
0.9843932200566383
0.9843932200566383
0.9843932200566383
0.9843932200566383
0.9843932200566383
0.9843932200566383
0.9843932200566383
0.9843932200566383
0.9843932200566383
0.9843932200566383
0.9843932200566383
0.9843932200566383
0.9843932200566383
0.9843932200566383
0.9843932200566383
0.9843932200566383
0.9843932200566383
0.9843932200566383
0.9843932200566383
0.9843932200566383
0.9843932200566383
0.9843932200566383
0.9843932200566383
0.9843932200566383
0.9843932200566383
0.9843932200566383
0.9843932200566383
0.9843932200566383
0.9843932200566383
0.9843932200566383
0.9843932200566383
0.9843932200566383
0.9843932200566383
0.9843932200566383
0.9843932200566383
0.9843932200566383
0.9843932200566383
0.9843932200566383
0.9843932200566383
0.9843932200566383
0.9843932200566383
0.9843932200566383
0.9843932200566383
0.9843932200566383
0.9843932200566383
0.9843932200566383
0.9843932200566383
0.9843932200566383
0.9843932200566383
0.9843932200566383
0.9843932200566383
0.9843932200566383
0.9843932200566383
0.9843932200566383
0.9843932200566383
0.9843932200566383
0.9843932200566383
0.9843932200566383
0.9892241379310344
0.9892241379310344
0.9892241379310344
0.9892241379310344
0.9892241379310344
0.9892241379310344
0.9892241379310344
0.9892241379310344
0.9892241379310344
0.9892241379310344
0.9892241379310344
0.9892241379310344
0.9892241379310344
0.9892241379310344
0.9892241379310344
0.9892241379310344
0.9892241379310344
0.9892241379310344
0.9892241379310344
0.9892241379310344
0.9892241379310344
0.9892241379310344
0.9892241379310344
0.9892241379310344
0.9892241379310344
0.9892241379310344
0.9892241379310344
0.9892241379310344
0.9892241379310344
0.9892241379310344
0.9892241379310344
0.9892241379310344
0.9892241379310344
0.9892241379310344
0.9892241379310344
0.9892241379310344
0.9892241379310344
0.9892241379310344
0.9892241379310344
0.9892241379310344
0.9892241379310344
0.9892241379310344
0.9892241379310344
0.9892241379310344
0.9892241379310344
0.9892241379310344
0.9892241379310344
0.9892241379310344
0.9892241379310344
0.9892241379310344
0.9892241379310344
0.9892241379310344
0.9892241379310344
0.9892241379310344
0.9892241379310344
0.9892241379310344
0.9892241379310344
0.9892241379310344
0.9892241379310344
0.9892241379310344
0.9892241379310344
0.9892241379310344
0.9892241379310344
0.9892241379310344
0.9892241379310344
0.9892241379310344
0.9892241379310344
0.9892241379310344
0.9892241379310344
0.9892241379310344
0.9892241379310344
0.9892241379310344
0.9892241379310344
0.9892241379310344
0.9892241379310344
0.9892241379310344
0.9892241379310344
0.9892241379310344
0.9892241379310344
0.9892241379310344
0.9892241379310344
0.9892241379310344
0.9892241379310344
0.9892241379310344
0.9892241379310344
0.9892241379310344
0.9892241379310344
0.9892241379310344
0.9892241379310344
0.9892241379310344
0.9892241379310344
0.9892241379310344
0.9892241379310344
0.9892241379310344
0.9892241379310344
0.9892241379310344
0.9892241379310344
0.9892241379310344
0.9892241379310344
0.9892241379310344
0.9892241379310344
0.9892241379310344
0.9892241379310344
0.9892241379310344
0.9892241379310344
0.9892241379310344
0.9892241379310344
0.9892241379310344
0.9892241379310344
0.9892241379310344
0.9892241379310344
0.9892241379310344
0.9892241379310344
0.9892241379310344
0.9892241379310344
0.9892241379310344
0.9892241379310344
0.9892241379310344
0.9892241379310344
0.9892241379310344
0.9892241379310344
0.9892241379310344
0.9892241379310344
0.9892241379310344
0.9892241379310344
0.9892241379310344
0.9892241379310344
0.9892241379310344
0.9926963601532566
0.9926963601532566
0.9926963601532566
0.9926963601532566
0.9926963601532566
0.9926963601532566
0.9926963601532566
0.9926963601532566
0.9926963601532566
0.9926963601532566
0.9926963601532566
0.9926963601532566
0.9926963601532566
0.9926963601532566
0.9926963601532566
0.9926963601532566
0.9926963601532566
0.9926963601532566
0.9926963601532566
0.9926963601532566
0.9926963601532566
0.9926963601532566
0.9926963601532566
0.9926963601532566
0.9926963601532566
0.9926963601532566
0.9926963601532566
0.9926963601532566
0.9926963601532566
0.9926963601532566
0.9926963601532566
0.9926963601532566
0.9926963601532566
0.9926963601532566
0.9926963601532566
0.9926963601532566
0.9926963601532566
0.9926963601532566
0.9926963601532566
0.9926963601532566
0.9926963601532566
0.9926963601532566
0.9926963601532566
0.9926963601532566
0.9926963601532566
0.9926963601532566
0.9926963601532566
0.9926963601532566
0.9926963601532566
0.9926963601532566
0.9926963601532566
0.9926963601532566
0.9926963601532566
0.9926963601532566
0.9926963601532566
0.9926963601532566
0.9926963601532566
0.9926963601532566
0.9926963601532566
0.9926963601532566
0.9926963601532566
0.9926963601532566
0.9926963601532566
0.9926963601532566
0.9926963601532566
0.9926963601532566
0.9926963601532566
0.9926963601532566
0.9926963601532566
0.9926963601532566
0.9926963601532566
0.9926963601532566
0.9926963601532566
0.9926963601532566
0.9926963601532566
0.9926963601532566
0.9926963601532566
0.9926963601532566
0.9926963601532566
0.9926963601532566
0.9926963601532566
0.9926963601532566
0.9926963601532566
0.9926963601532566
0.9926963601532566
0.9926963601532566
0.9926963601532566
0.9926963601532566
0.9926963601532566
0.9926963601532566
0.9926963601532566
0.9926963601532566
0.9926963601532566
0.9926963601532566
0.9926963601532566
0.9926963601532566
0.9926963601532566
0.9926963601532566
0.9926963601532566
0.9926963601532566
0.9926963601532566
0.9926963601532566
0.9926963601532566
0.9926963601532566
0.9926963601532566
0.9926963601532566
0.9926963601532566
0.9926963601532566
0.9926963601532566
0.9926963601532566
0.9926963601532566
0.9926963601532566
0.9926963601532566
0.9926963601532566
0.9926963601532566
0.9926963601532566
0.9926963601532566
0.9926963601532566
0.9926963601532566
0.9926963601532566
0.9926963601532566
0.9926963601532566
0.9926963601532566
0.9926963601532566
0.9926963601532566
0.9926963601532566
0.9926963601532566
0.9926963601532566
0.9926963601532566
0.9926963601532566
0.9926963601532566
0.9926963601532566
0.9926963601532566
0.9926963601532566
0.9926963601532566
0.9926963601532566
0.9926963601532566
0.9926963601532566
0.9926963601532566
0.9926963601532566
0.9926963601532566
0.9926963601532566
0.9926963601532566
0.9926963601532566
0.9926963601532566
0.9926963601532566
0.9926963601532566
0.9926963601532566
0.9926963601532566
0.9926963601532566
0.9926963601532566
0.9926963601532566
0.9926963601532566
0.9926963601532566
0.9926963601532566
0.9926963601532566
0.9926963601532566
0.9926963601532566
0.9926963601532566
0.9926963601532566
0.9926963601532566
0.9926963601532566
0.9926963601532566
0.9926963601532566
0.9926963601532566
0.9926963601532566
0.9926963601532566
0.9926963601532566
0.9926963601532566
0.9926963601532566
0.9926963601532566
0.9926963601532566
0.9926963601532566
0.9926963601532566
0.9926963601532566
0.9926963601532566
0.9926963601532566
0.9926963601532566
0.9926963601532566
0.9926963601532566
0.9926963601532566
0.9926963601532566
0.9926963601532566
0.9926963601532566
0.9926963601532566
0.9926963601532566
0.9926963601532566
0.9926963601532566
0.9926963601532566
0.9926963601532566
0.9926963601532566
0.9926963601532566
0.9926963601532566
0.9926963601532566
0.9926963601532566
0.9926963601532566
0.9926963601532566
0.9926963601532566
0.9926963601532566
0.9926963601532566
0.9926963601532566
0.9926963601532566
0.9926963601532566
0.9926963601532566
0.9926963601532566
0.9926963601532566
0.9926963601532566
0.9926963601532566
0.9926963601532566
0.9926963601532566
0.9926963601532566
0.9926963601532566
0.9926963601532566
0.9926963601532566
0.9926963601532566
0.9926963601532566
0.9926963601532566
0.9926963601532566
0.9926963601532566
0.9926963601532566
0.9926963601532566
0.9926963601532566
0.9926963601532566
0.9926963601532566
0.9926963601532566
0.9926963601532566
0.9926963601532566
0.9926963601532566
0.9926963601532566
0.9926963601532566
0.9926963601532566
0.9926963601532566
0.9926963601532566
0.9926963601532566
0.9926963601532566
0.9926963601532566
0.9926963601532566
0.9926963601532566
0.9926963601532566
0.9926963601532566
0.9926963601532566
0.9926963601532566
0.9926963601532566
0.9926963601532566
0.9926963601532566
0.9926963601532566
0.9926963601532566
0.9926963601532566
0.9926963601532566
0.9926963601532566
0.9926963601532566
0.9926963601532566
0.9926963601532566
0.9926963601532566
0.9926963601532566
0.9926963601532566
0.9926963601532566
0.9926963601532566
0.9926963601532566
0.9926963601532566
0.9926963601532566
0.9926963601532566
0.9926963601532566
0.9926963601532566
0.9926963601532566
0.9926963601532566
0.9926963601532566
0.9926963601532566
0.9926963601532566
0.9926963601532566
0.9926963601532566
0.9926963601532566
0.9926963601532566
0.9926963601532566
0.9926963601532566
0.9926963601532566
0.9926963601532566
0.9926963601532566
0.9926963601532566
0.9926963601532566
0.9926963601532566
0.9926963601532566
0.9926963601532566
0.9926963601532566
0.9926963601532566
0.9926963601532566
0.9926963601532566
0.9926963601532566
0.9926963601532566
0.9926963601532566
0.9926963601532566
0.9926963601532566
0.9926963601532566
0.9926963601532566
0.9926963601532566
0.9926963601532566
0.9926963601532566
0.9926963601532566
0.9926963601532566
0.9926963601532566
0.9926963601532566
0.9926963601532566
0.9926963601532566
0.9926963601532566
0.9926963601532566
0.9926963601532566
0.9926963601532566
0.9926963601532566
0.9926963601532566
0.9926963601532566
0.9926963601532566
0.9926963601532566
0.9926963601532566
0.9926963601532566
0.9926963601532566
0.9926963601532566
0.9926963601532566
0.9926963601532566
0.9926963601532566
0.9961685823754789
0.9961685823754789
0.9961685823754789
0.9961685823754789
0.9961685823754789
0.9961685823754789
0.9961685823754789
0.9961685823754789
0.9961685823754789
0.9961685823754789
0.9961685823754789
0.9961685823754789
0.9961685823754789
0.9961685823754789
0.9961685823754789
0.9961685823754789
0.9961685823754789
0.9961685823754789
0.9961685823754789
0.9961685823754789
0.9961685823754789
0.9961685823754789
0.9961685823754789
0.9961685823754789
0.9961685823754789
0.9961685823754789
0.9961685823754789
0.9961685823754789
0.9961685823754789
0.9961685823754789
0.9961685823754789
0.9961685823754789
0.9961685823754789
0.9961685823754789
0.9961685823754789
0.9961685823754789
0.9961685823754789
0.9961685823754789
0.9961685823754789
0.9961685823754789
0.9961685823754789
0.9961685823754789
0.9961685823754789
0.9961685823754789
0.9961685823754789
0.9961685823754789
0.9961685823754789
0.9961685823754789
0.9961685823754789
0.9961685823754789
0.9961685823754789
0.9961685823754789
0.9961685823754789
0.9961685823754789
0.9961685823754789
0.9961685823754789
0.9961685823754789
0.9961685823754789
0.9961685823754789
0.9961685823754789
0.9961685823754789
0.9961685823754789
0.9961685823754789
0.9961685823754789
0.9961685823754789
0.9961685823754789
0.9961685823754789
0.9961685823754789
0.9961685823754789
0.9961685823754789
0.9961685823754789
0.9961685823754789
0.9961685823754789
0.9961685823754789
0.9961685823754789
0.9961685823754789
0.9961685823754789
0.9961685823754789
0.9961685823754789
0.9961685823754789
0.9961685823754789
0.9961685823754789
0.9961685823754789
0.9961685823754789
0.9961685823754789
0.9961685823754789
0.9961685823754789
0.9961685823754789
0.9961685823754789
0.9961685823754789
0.9961685823754789
0.9961685823754789
0.9961685823754789
0.9961685823754789
0.9961685823754789
0.9961685823754789
0.9961685823754789
0.9961685823754789
0.9961685823754789
0.9961685823754789
0.9961685823754789
0.9961685823754789
0.9961685823754789
0.9961685823754789
0.9961685823754789
0.9961685823754789
0.9961685823754789
0.9961685823754789
0.9961685823754789
0.9961685823754789
0.9961685823754789
0.9961685823754789
0.9961685823754789
0.9961685823754789
0.9961685823754789
1.0
1.0
