0.004838084876657683
0.014750172479723758
0.02074324271698004
0.029676007876393264
0.038955300799714904
0.0420535913980055
0.05012845317765076
0.060977751980641676
0.06357693118720803
0.07323843338236996
0.08599382123367688
0.10054528531797094
0.10731748805501908
0.11062967973930377
0.11545256473756048
0.11866294725122167
0.11866294725122167
0.120484440875994
0.12284850706984744
0.13024936653578822
0.13527095992947466
0.13859835149216032
0.14232795522176409
0.14232795522176409
0.14856121355241872
0.15328934594012558
0.15834949056535158
0.16427167652119726
0.16590566344930183
0.16590566344930183
0.1675396503774064
0.17475047753927397
0.17657197116404624
0.1785212889028377
0.1802306906122394
0.18152268027632207
0.1874652481203947
0.1874652481203947
0.19367100995922246
0.199706331889413
0.2060199149471821
0.2077293166565838
0.21073070803006821
0.21603595069450987
0.2204202189085653
0.22172740845104896
0.22569692821004242
0.22700411775252607
0.2320517260896081
0.23497770268179538
0.2381063858490514
0.24267008267281012
0.24979681896202408
0.25585147872146735
0.25714346838555
0.2584354580496327
0.2648692916853466
0.2698194684773749
0.2698194684773749
0.2715288701867766
0.2787634276949319
0.2838414286009793
0.2875943836837216
0.29281167527872215
0.2968149432525784
0.3000562506554525
0.30389794630042677
0.3065788248533984
0.3098467987096076
0.31481899226539245
0.3174181714719587
0.3174181714719587
0.32476482089548475
0.3271288870893381
0.3317482683161065
0.3333822552442111
0.3333822552442111
0.3376956391768559
0.33908452806574485
0.34456021063882375
0.34936790294651604
0.36141415858262077
0.36572902406369695
0.37103426672813855
0.38752533604151157
0.39244512026457445
0.39514119869594705
0.39696269232071935
0.39696269232071935
0.4050687510535862
0.41198279574122865
0.4139321134800201
0.41735091689882353
0.41906031860822524
0.42076972031762694
0.4239801028312881
0.4330948150199736
0.43440200456245726
0.4378574851153341
0.44097096840418915
0.4477386406413508
0.45229860416164264
0.4593195331005941
0.46290283776749
0.46697630567074516
0.47223781509382134
0.47425801711402343
0.4762073348528148
0.482001703882478
0.482001703882478
0.48589287275312704
0.4872000622956107
0.4914180285518806
0.49462841106554184
0.4964499046903142
0.5053346781724839
0.5053346781724839
0.5073548801926859
0.5089888671207905
0.5121023504096455
0.5224489168460611
0.5248129830399145
0.5248129830399145
0.5265223847493162
0.5285425867695183
0.5285425867695183
0.5315439781430027
0.5352026975911958
0.5395160815238406
0.5435041496192958
0.5484655281100861
0.5484655281100861
0.5537422374115631
0.5576334062822121
0.5609716129098925
0.5609716129098925
0.563652491462864
0.563652491462864
0.5654739850876364
0.5691327045358295
0.5704246941999123
0.5717318837423959
0.5771942405345398
0.5771942405345398
0.5771942405345398
0.5771942405345398
0.5785014300770235
0.5872184200529768
0.5872184200529768
0.5895824862468301
0.5933120899764339
0.5949460769045385
0.5994793739714953
0.6038636421855508
0.6051556318496334
0.6051556318496334
0.6082843150168895
0.6099183019449941
0.6099183019449941
0.6112102916090767
0.6112102916090767
0.6162882925151241
0.6181097861398963
0.619401775803979
0.6211111775133807
0.6228205792227824
0.624454566150887
0.624454566150887
0.6257617556933707
0.6257617556933707
0.6257617556933707
0.6257617556933707
0.6257617556933707
0.6257617556933707
0.6257617556933707
0.6274711574027724
0.6274711574027724
0.6287631470668551
0.6287631470668551
0.6287631470668551
0.6351242295115288
0.6351242295115288
0.6368336312209305
0.6368336312209305
0.6368336312209305
0.6385430329303322
0.6398502224728159
0.6398502224728159
0.6412391113617048
0.6412391113617048
0.6454246711803304
0.6491776262630728
0.6527609309299688
0.6527609309299688
0.6567304506889622
0.6567304506889622
0.6567304506889622
0.6580376402314458
0.660057842251648
0.660057842251648
0.660057842251648
0.6614467311405368
0.6664189246963218
0.6683682424351131
0.6683682424351131
0.6703884444553152
0.6703884444553152
0.6740471639035082
0.677776767633112
0.6814480233694491
0.6828369122583379
0.6842258011472269
0.6855329906897105
0.6873544843144829
0.6873544843144829
0.6886464739785655
0.6928320337971914
0.6928320337971914
0.7007996066781427
0.7021884955670317
0.7021884955670317
0.7021884955670317
0.7040099891918039
0.7040099891918039
0.7040099891918039
0.7053171787342876
0.7080132571656601
0.7093204467081438
0.7128513420423177
0.7144853289704224
0.7158742178593112
0.7178944198795133
0.719603821588915
0.719603821588915
0.7219678877827684
0.7219678877827684
0.7219678877827684
0.7262162537958404
0.7302143069177983
0.7379107668161384
0.7398600845549299
0.7412489734438189
0.7425561629863026
0.744505480725094
0.744505480725094
0.744505480725094
0.744505480725094
0.7503061343198651
0.7515981239839479
0.7515981239839479
0.7515981239839479
0.7515981239839479
0.7597484005448902
0.7611372894337791
0.7611372894337791
0.7611372894337791
0.7611372894337791
0.7611372894337791
0.7630866071725706
0.7630866071725706
0.7630866071725706
0.7630866071725706
0.7630866071725706
0.7630866071725706
0.7678028876241452
0.7678028876241452
0.7718009407461031
0.773189829634992
0.7779524997303525
0.7779524997303525
0.7779524997303525
0.7797739933551248
0.7811628822440138
0.7811628822440138
0.7811628822440138
0.7811628822440138
0.7811628822440138
0.7811628822440138
0.7848189381019499
0.7865283398113516
0.7881623267394562
0.7901116444782477
0.7901116444782477
0.7901116444782477
0.7920609622170391
0.7936949491451436
0.7936949491451436
0.7936949491451436
0.7950838380340324
0.7950838380340324
0.7950838380340324
0.7963758276981151
0.7976678173621977
0.8024657971601776
0.8024657971601776
0.8024657971601776
0.8024657971601776
0.805064976366744
0.8070142941055354
0.8070142941055354
0.80864828103364
0.80864828103364
0.80864828103364
0.80864828103364
0.8104697746584122
0.8130689538649786
0.8130689538649786
0.8143761434074622
0.8143761434074622
0.8143761434074622
0.8169905224924295
0.8182977120349133
0.8182977120349133
0.8182977120349133
0.8182977120349133
0.8182977120349133
0.8182977120349133
0.8182977120349133
0.8212236886271005
0.8212236886271005
0.8228576755552051
0.8241648650976887
0.8241648650976887
0.8258742668070904
0.8258742668070904
0.8290846493207517
0.8290846493207517
0.8290846493207517
0.8311048513409536
0.8311048513409536
0.8324937402298426
0.8338826291187315
0.8338826291187315
0.8376534404822952
0.8403343190352667
0.8403343190352667
0.8403343190352667
0.8403343190352667
0.8403343190352667
0.842155812660039
0.842155812660039
0.842155812660039
0.842155812660039
0.842155812660039
0.8454940192877194
0.8475142213079214
0.8501134005144878
0.8501134005144878
0.8537694563724239
0.8537694563724239
0.8537694563724239
0.8551583452613127
0.8551583452613127
0.8551583452613127
0.8551583452613127
0.8571785472815148
0.8571785472815148
0.8571785472815148
0.8624188443250905
0.8678990573980561
0.8678990573980561
0.8678990573980561
0.8678990573980561
0.8678990573980561
0.8678990573980561
0.8678990573980561
0.8695330443261605
0.8695330443261605
0.8695330443261605
0.8695330443261605
0.8731872332744671
0.8731872332744671
0.8744792229385498
0.8761886246479516
0.8780101182727239
0.8780101182727239
0.8780101182727239
0.8811388014399798
0.8811388014399798
0.8811388014399798
0.8811388014399798
0.8811388014399798
0.8847929903882865
0.8847929903882865
0.886742308127078
0.886742308127078
0.8880494976695616
0.8898709912943339
0.8945163874644977
0.8945163874644977
0.8958235770069813
0.8958235770069813
0.8977728947457728
0.8977728947457728
0.8977728947457728
0.8977728947457728
0.8991617836346618
0.8991617836346618
0.8991617836346618
0.9015258498285151
0.9015258498285151
0.9015258498285151
0.9015258498285151
0.9015258498285151
0.9015258498285151
0.9015258498285151
0.9015258498285151
0.9015258498285151
0.9015258498285151
0.902817839492598
0.9042067283814867
0.9042067283814867
0.9055956172703756
0.9072296041984802
0.9072296041984802
0.9072296041984802
0.9089390059078819
0.9089390059078819
0.9089390059078819
0.9089390059078819
0.912469901242056
0.912469901242056
0.912469901242056
0.9157378750982651
0.9157378750982651
0.9171267639871539
0.9184339535296375
0.9184339535296375
0.9184339535296375
0.9184339535296375
0.9201433552390392
0.9201433552390392
0.9201433552390392
0.9201433552390392
0.9201433552390392
0.9201433552390392
0.9201433552390392
0.9201433552390392
0.9201433552390392
0.9201433552390392
0.9201433552390392
0.9201433552390392
0.9201433552390392
0.9201433552390392
0.9201433552390392
0.9201433552390392
0.9201433552390392
0.9201433552390392
0.9214353449031221
0.9214353449031221
0.9228242337920108
0.9228242337920108
0.9228242337920108
0.9228242337920108
0.9241162234560937
0.9241162234560937
0.9241162234560937
0.9271176148295779
0.9271176148295779
0.9271176148295779
0.9271176148295779
0.9271176148295779
0.9271176148295779
0.9271176148295779
0.9271176148295779
0.9298136932609506
0.9298136932609506
0.9298136932609506
0.9298136932609506
0.9298136932609506
0.9298136932609506
0.9298136932609506
0.9298136932609506
0.9298136932609506
0.9298136932609506
0.9298136932609506
0.9298136932609506
0.9312025821498394
0.9325914710387284
0.9325914710387284
0.9325914710387284
0.9325914710387284
0.9325914710387284
0.9325914710387284
0.9339803599276172
0.9339803599276172
0.9339803599276172
0.9339803599276172
0.9339803599276172
0.9339803599276172
0.9339803599276172
0.9358018535523895
0.9378220555725915
0.9378220555725915
0.9378220555725915
0.9378220555725915
0.9378220555725915
0.9398422575927936
0.9398422575927936
0.9398422575927936
0.9398422575927936
0.9398422575927936
0.9398422575927936
0.9398422575927936
0.9398422575927936
0.9398422575927936
0.9398422575927936
0.9398422575927936
0.9412311464816825
0.9412311464816825
0.942865133409787
0.942865133409787
0.942865133409787
0.942865133409787
0.942865133409787
0.942865133409787
0.9442540222986759
0.9442540222986759
0.9442540222986759
0.9442540222986759
0.9442540222986759
0.9442540222986759
0.9442540222986759
0.9442540222986759
0.9442540222986759
0.9442540222986759
0.9442540222986759
0.9442540222986759
0.9442540222986759
0.9442540222986759
0.9442540222986759
0.9442540222986759
0.9442540222986759
0.9442540222986759
0.9442540222986759
0.9442540222986759
0.9442540222986759
0.9442540222986759
0.9442540222986759
0.9442540222986759
0.9442540222986759
0.9442540222986759
0.9462033400374672
0.9462033400374672
0.9462033400374672
0.9462033400374672
0.9462033400374672
0.9475922289263562
0.9475922289263562
0.9495415466651477
0.9495415466651477
0.9495415466651477
0.9515617486853496
0.9515617486853496
0.9515617486853496
0.9515617486853496
0.9515617486853496
0.9529506375742387
0.9529506375742387
0.9529506375742387
0.9545846245023432
0.9545846245023432
0.9545846245023432
0.9545846245023432
0.9545846245023432
0.9545846245023432
0.9545846245023432
0.9545846245023432
0.9545846245023432
0.9545846245023432
0.9545846245023432
0.9545846245023432
0.9545846245023432
0.9558918140448268
0.9558918140448268
0.9571838037089093
0.9571838037089093
0.9571838037089093
0.9571838037089093
0.9571838037089093
0.9571838037089093
0.9590052973336817
0.9590052973336817
0.9590052973336817
0.9590052973336817
0.9590052973336817
0.9590052973336817
0.9590052973336817
0.9590052973336817
0.9590052973336817
0.9590052973336817
0.9590052973336817
0.9590052973336817
0.9590052973336817
0.9602972869977644
0.9602972869977644
0.9602972869977644
0.9602972869977644
0.9602972869977644
0.9602972869977644
0.9620066887071661
0.9620066887071661
0.9620066887071661
0.9620066887071661
0.9620066887071661
0.9620066887071661
0.9620066887071661
0.9620066887071661
0.9620066887071661
0.9638281823319385
0.9638281823319385
0.9638281823319385
0.9638281823319385
0.9638281823319385
0.9638281823319385
0.9638281823319385
0.9638281823319385
0.9638281823319385
0.9638281823319385
0.9638281823319385
0.9638281823319385
0.9638281823319385
0.9638281823319385
0.9638281823319385
0.9638281823319385
0.9638281823319385
0.9638281823319385
0.9638281823319385
0.9657775000707299
0.9657775000707299
0.9657775000707299
0.9657775000707299
0.9657775000707299
0.9657775000707299
0.9657775000707299
0.9690896917550147
0.9707236786831192
0.9707236786831192
0.9707236786831192
0.9707236786831192
0.9720308682256028
0.9733228578896855
0.9733228578896855
0.9733228578896855
0.9733228578896855
0.9733228578896855
0.9733228578896855
0.9733228578896855
0.9733228578896855
0.9733228578896855
0.9733228578896855
0.9733228578896855
0.9733228578896855
0.9733228578896855
0.9733228578896855
0.9733228578896855
0.9733228578896855
0.9733228578896855
0.9733228578896855
0.9733228578896855
0.9733228578896855
0.9733228578896855
0.9733228578896855
0.9733228578896855
0.9733228578896855
0.975686924083539
0.975686924083539
0.975686924083539
0.975686924083539
0.975686924083539
0.975686924083539
0.975686924083539
0.975686924083539
0.975686924083539
0.975686924083539
0.9777071261037411
0.9777071261037411
0.9777071261037411
0.9777071261037411
0.9777071261037411
0.9777071261037411
0.9777071261037411
0.9777071261037411
0.9777071261037411
0.9777071261037411
0.9777071261037411
0.9777071261037411
0.9777071261037411
0.9793411130318456
0.9793411130318456
0.9793411130318456
0.9810505147412473
0.9810505147412473
0.9810505147412473
0.9810505147412473
0.9810505147412473
0.9810505147412473
0.9810505147412473
0.9810505147412473
0.9810505147412473
0.9810505147412473
0.9810505147412473
0.9810505147412473
0.9810505147412473
0.9810505147412473
0.9810505147412473
0.9810505147412473
0.9810505147412473
0.9810505147412473
0.9810505147412473
0.9810505147412473
0.9810505147412473
0.9810505147412473
0.9810505147412473
0.9810505147412473
0.9810505147412473
0.9810505147412473
0.9810505147412473
0.9810505147412473
0.982759916450649
0.982759916450649
0.982759916450649
0.982759916450649
0.982759916450649
0.982759916450649
0.982759916450649
0.982759916450649
0.982759916450649
0.982759916450649
0.982759916450649
0.982759916450649
0.982759916450649
0.982759916450649
0.982759916450649
0.982759916450649
0.982759916450649
0.982759916450649
0.982759916450649
0.982759916450649
0.982759916450649
0.982759916450649
0.9843939033787537
0.9843939033787537
0.9843939033787537
0.9856858930428365
0.9856858930428365
0.9856858930428365
0.9869930825853201
0.9869930825853201
0.9869930825853201
0.9869930825853201
0.9869930825853201
0.9869930825853201
0.9869930825853201
0.9869930825853201
0.9869930825853201
0.9869930825853201
0.9869930825853201
0.9869930825853201
0.9869930825853201
0.9883002721278038
0.9883002721278038
0.9883002721278038
0.9883002721278038
0.9883002721278038
0.9883002721278038
0.9883002721278038
0.9883002721278038
0.9883002721278038
0.9883002721278038
0.9883002721278038
0.9883002721278038
0.9883002721278038
0.9883002721278038
0.9883002721278038
0.9883002721278038
0.9883002721278038
0.9883002721278038
0.9883002721278038
0.9883002721278038
0.9883002721278038
0.9883002721278038
0.9883002721278038
0.9883002721278038
0.9883002721278038
0.9883002721278038
0.9896074616702875
0.9896074616702875
0.9896074616702875
0.9896074616702875
0.9896074616702875
0.9896074616702875
0.9896074616702875
0.9896074616702875
0.9896074616702875
0.9896074616702875
0.9896074616702875
0.9896074616702875
0.9896074616702875
0.9896074616702875
0.9896074616702875
0.9896074616702875
0.9896074616702875
0.9896074616702875
0.9896074616702875
0.9896074616702875
0.9896074616702875
0.9896074616702875
0.9896074616702875
0.9896074616702875
0.9896074616702875
0.9919715278641408
0.9919715278641408
0.9919715278641408
0.9919715278641408
0.9919715278641408
0.9919715278641408
0.9919715278641408
0.9919715278641408
0.9939917298843426
0.9939917298843426
0.9939917298843426
0.9939917298843426
0.9939917298843426
0.9939917298843426
0.9939917298843426
0.9939917298843426
0.9939917298843426
0.9939917298843426
0.9939917298843426
0.9939917298843426
0.9939917298843426
0.9939917298843426
0.9939917298843426
0.9939917298843426
0.9953806187732318
0.9953806187732318
0.9953806187732318
0.9953806187732318
0.9953806187732318
0.9953806187732318
0.9953806187732318
0.9953806187732318
0.9953806187732318
0.9953806187732318
0.9953806187732318
0.9953806187732318
0.9953806187732318
0.9953806187732318
0.9953806187732318
0.9953806187732318
0.9953806187732318
0.9953806187732318
0.9953806187732318
0.9953806187732318
0.9953806187732318
0.9953806187732318
0.9953806187732318
0.9953806187732318
0.9953806187732318
0.9953806187732318
0.9953806187732318
0.9953806187732318
0.9953806187732318
0.9953806187732318
0.9953806187732318
0.9953806187732318
0.9953806187732318
0.9953806187732318
0.9953806187732318
0.9953806187732318
0.9953806187732318
0.9953806187732318
0.9953806187732318
0.9953806187732318
0.9953806187732318
0.9953806187732318
0.9953806187732318
0.9953806187732318
0.9953806187732318
0.9953806187732318
0.9953806187732318
0.9953806187732318
0.9953806187732318
0.9953806187732318
0.9953806187732318
0.9953806187732318
0.9953806187732318
0.9953806187732318
0.9953806187732318
0.9953806187732318
0.9953806187732318
0.9953806187732318
0.9953806187732318
0.9953806187732318
0.9953806187732318
0.9953806187732318
0.9953806187732318
0.9974008207934335
0.9974008207934335
0.9974008207934335
0.9974008207934335
0.9974008207934335
0.9974008207934335
0.9974008207934335
0.9974008207934335
0.9974008207934335
0.9974008207934335
0.9974008207934335
0.9974008207934335
0.9974008207934335
0.9974008207934335
0.9974008207934335
0.9974008207934335
0.9974008207934335
0.9974008207934335
0.9974008207934335
0.9974008207934335
0.9974008207934335
0.9974008207934335
0.9974008207934335
0.9974008207934335
0.9974008207934335
0.9974008207934335
0.9974008207934335
0.9974008207934335
0.9974008207934335
0.9974008207934335
0.9974008207934335
0.9974008207934335
0.9974008207934335
0.9974008207934335
0.9974008207934335
0.9974008207934335
0.9974008207934335
0.9974008207934335
0.9987080103359172
0.9987080103359172
0.9987080103359172
0.9987080103359172
0.9987080103359172
0.9987080103359172
0.9987080103359172
0.9987080103359172
0.9987080103359172
0.9987080103359172
0.9987080103359172
0.9987080103359172
0.9987080103359172
0.9987080103359172
0.9987080103359172
0.9987080103359172
0.9987080103359172
0.9987080103359172
0.9987080103359172
0.9987080103359172
0.9987080103359172
0.9987080103359172
0.9987080103359172
0.9987080103359172
0.9987080103359172
0.9987080103359172
0.9987080103359172
0.9987080103359172
0.9987080103359172
0.9987080103359172
0.9987080103359172
0.9987080103359172
0.9987080103359172
0.9987080103359172
0.9987080103359172
0.9987080103359172
0.9987080103359172
0.9987080103359172
0.9987080103359172
0.9987080103359172
0.9987080103359172
0.9987080103359172
0.9987080103359172
0.9987080103359172
0.9987080103359172
0.9987080103359172
0.9987080103359172
0.9987080103359172
0.9987080103359172
0.9987080103359172
0.9987080103359172
0.9987080103359172
0.9987080103359172
0.9987080103359172
0.9987080103359172
0.9987080103359172
0.9987080103359172
0.9987080103359172
0.9987080103359172
0.9987080103359172
0.9987080103359172
0.9987080103359172
0.9987080103359172
0.9987080103359172
0.9987080103359172
0.9987080103359172
0.9987080103359172
0.9987080103359172
0.9987080103359172
0.9987080103359172
0.9987080103359172
0.9987080103359172
0.9987080103359172
0.9987080103359172
0.9987080103359172
0.9987080103359172
0.9987080103359172
0.9987080103359172
0.9987080103359172
0.9987080103359172
0.9987080103359172
0.9987080103359172
0.9987080103359172
0.9987080103359172
0.9987080103359172
0.9987080103359172
0.9987080103359172
0.9987080103359172
0.9987080103359172
0.9987080103359172
0.9987080103359172
0.9987080103359172
0.9987080103359172
0.9987080103359172
0.9987080103359172
0.9987080103359172
0.9987080103359172
0.9987080103359172
0.9987080103359172
0.9987080103359172
0.9987080103359172
0.9987080103359172
0.9987080103359172
0.9987080103359172
0.9987080103359172
0.9987080103359172
0.9987080103359172
0.9987080103359172
0.9987080103359172
0.9987080103359172
0.9987080103359172
0.9987080103359172
0.9987080103359172
0.9987080103359172
0.9987080103359172
0.9987080103359172
0.9987080103359172
0.9987080103359172
0.9987080103359172
0.9987080103359172
0.9987080103359172
0.9987080103359172
0.9987080103359172
0.9987080103359172
0.9987080103359172
0.9987080103359172
0.9987080103359172
0.9987080103359172
0.9987080103359172
0.9987080103359172
0.9987080103359172
0.9987080103359172
0.9987080103359172
0.9987080103359172
0.9987080103359172
0.9987080103359172
0.9987080103359172
0.9987080103359172
0.9987080103359172
0.9987080103359172
0.9987080103359172
0.9987080103359172
0.9987080103359172
0.9987080103359172
0.9987080103359172
0.9987080103359172
0.9987080103359172
0.9987080103359172
0.9987080103359172
0.9987080103359172
0.9987080103359172
0.9987080103359172
0.9987080103359172
0.9987080103359172
0.9987080103359172
0.9987080103359172
0.9987080103359172
0.9987080103359172
0.9987080103359172
0.9987080103359172
0.9987080103359172
0.9987080103359172
0.9987080103359172
0.9987080103359172
0.9987080103359172
0.9987080103359172
0.9987080103359172
0.9987080103359172
0.9987080103359172
0.9987080103359172
0.9987080103359172
0.9987080103359172
0.9987080103359172
0.9987080103359172
0.9987080103359172
0.9987080103359172
0.9987080103359172
0.9987080103359172
0.9987080103359172
0.9987080103359172
0.9987080103359172
0.9987080103359172
0.9987080103359172
0.9987080103359172
0.9987080103359172
0.9987080103359172
0.9987080103359172
0.9987080103359172
0.9987080103359172
0.9987080103359172
0.9987080103359172
0.9987080103359172
0.9987080103359172
0.9987080103359172
0.9987080103359172
0.9987080103359172
0.9987080103359172
0.9987080103359172
0.9987080103359172
0.9987080103359172
0.9987080103359172
0.9987080103359172
0.9987080103359172
0.9987080103359172
0.9987080103359172
0.9987080103359172
0.9987080103359172
0.9987080103359172
0.9987080103359172
0.9987080103359172
0.9987080103359172
0.9987080103359172
0.9987080103359172
0.9987080103359172
0.9987080103359172
0.9987080103359172
0.9987080103359172
0.9987080103359172
0.9987080103359172
0.9987080103359172
0.9987080103359172
0.9987080103359172
0.9987080103359172
0.9987080103359172
0.9987080103359172
0.9987080103359172
0.9987080103359172
0.9987080103359172
0.9987080103359172
0.9987080103359172
0.9987080103359172
0.9987080103359172
0.9987080103359172
0.9987080103359172
0.9987080103359172
0.9987080103359172
0.9987080103359172
0.9987080103359172
0.9987080103359172
0.9987080103359172
0.9987080103359172
0.9987080103359172
0.9987080103359172
0.9987080103359172
0.9987080103359172
0.9987080103359172
0.9987080103359172
0.9987080103359172
0.9987080103359172
0.9987080103359172
0.9987080103359172
0.9987080103359172
0.9987080103359172
0.9987080103359172
0.9987080103359172
0.9987080103359172
0.9987080103359172
0.9987080103359172
0.9987080103359172
0.9987080103359172
0.9987080103359172
0.9987080103359172
0.9987080103359172
0.9987080103359172
0.9987080103359172
0.9987080103359172
0.9987080103359172
0.9987080103359172
0.9987080103359172
0.9987080103359172
0.9987080103359172
0.9987080103359172
0.9987080103359172
0.9987080103359172
0.9987080103359172
0.9987080103359172
0.9987080103359172
0.9987080103359172
0.9987080103359172
0.9987080103359172
0.9987080103359172
0.9987080103359172
0.9987080103359172
0.9987080103359172
0.9987080103359172
0.9987080103359172
0.9987080103359172
0.9987080103359172
0.9987080103359172
0.9987080103359172
0.9987080103359172
0.9987080103359172
0.9987080103359172
0.9987080103359172
0.9987080103359172
0.9987080103359172
0.9987080103359172
0.9987080103359172
0.9987080103359172
0.9987080103359172
0.9987080103359172
0.9987080103359172
0.9987080103359172
0.9987080103359172
0.9987080103359172
0.9987080103359172
0.9987080103359172
0.9987080103359172
0.9987080103359172
0.9987080103359172
0.9987080103359172
0.9987080103359172
0.9987080103359172
0.9987080103359172
0.9987080103359172
0.9987080103359172
0.9987080103359172
0.9987080103359172
0.9987080103359172
0.9987080103359172
0.9987080103359172
0.9987080103359172
0.9987080103359172
0.9987080103359172
0.9987080103359172
0.9987080103359172
0.9987080103359172
0.9987080103359172
0.9987080103359172
0.9987080103359172
0.9987080103359172
0.9987080103359172
0.9987080103359172
0.9987080103359172
0.9987080103359172
0.9987080103359172
0.9987080103359172
0.9987080103359172
0.9987080103359172
0.9987080103359172
0.9987080103359172
0.9987080103359172
0.9987080103359172
0.9987080103359172
0.9987080103359172
0.9987080103359172
0.9987080103359172
0.9987080103359172
0.9987080103359172
0.9987080103359172
0.9987080103359172
0.9987080103359172
0.9987080103359172
0.9987080103359172
0.9987080103359172
0.9987080103359172
0.9987080103359172
0.9987080103359172
0.9987080103359172
0.9987080103359172
0.9987080103359172
0.9987080103359172
0.9987080103359172
0.9987080103359172
0.9987080103359172
0.9987080103359172
0.9987080103359172
0.9987080103359172
0.9987080103359172
0.9987080103359172
0.9987080103359172
0.9987080103359172
0.9987080103359172
0.9987080103359172
0.9987080103359172
0.9987080103359172
0.9987080103359172
0.9987080103359172
0.9987080103359172
0.9987080103359172
0.9987080103359172
0.9987080103359172
0.9987080103359172
0.9987080103359172
0.9987080103359172
0.9987080103359172
0.9987080103359172
0.9987080103359172
0.9987080103359172
0.9987080103359172
0.9987080103359172
0.9987080103359172
0.9987080103359172
0.9987080103359172
0.9987080103359172
0.9987080103359172
0.9987080103359172
0.9987080103359172
0.9987080103359172
0.9987080103359172
0.9987080103359172
0.9987080103359172
0.9987080103359172
0.9987080103359172
0.9987080103359172
0.9987080103359172
0.9987080103359172
0.9987080103359172
0.9987080103359172
0.9987080103359172
0.9987080103359172
0.9987080103359172
0.9987080103359172
0.9987080103359172
0.9987080103359172
0.9987080103359172
0.9987080103359172
0.9987080103359172
0.9987080103359172
0.9987080103359172
0.9987080103359172
0.9987080103359172
0.9987080103359172
0.9987080103359172
0.9987080103359172
0.9987080103359172
0.9987080103359172
0.9987080103359172
0.9987080103359172
0.9987080103359172
0.9987080103359172
0.9987080103359172
0.9987080103359172
0.9987080103359172
0.9987080103359172
0.9987080103359172
0.9987080103359172
0.9987080103359172
0.9987080103359172
0.9987080103359172
0.9987080103359172
0.9987080103359172
0.9987080103359172
0.9987080103359172
0.9987080103359172
0.9987080103359172
0.9987080103359172
0.9987080103359172
0.9987080103359172
0.9987080103359172
0.9987080103359172
0.9987080103359172
0.9987080103359172
0.9987080103359172
0.9987080103359172
0.9987080103359172
0.9987080103359172
0.9987080103359172
0.9987080103359172
0.9987080103359172
0.9987080103359172
0.9987080103359172
0.9987080103359172
0.9987080103359172
0.9987080103359172
0.9987080103359172
0.9987080103359172
0.9987080103359172
0.9987080103359172
0.9987080103359172
0.9987080103359172
0.9987080103359172
0.9987080103359172
0.9987080103359172
0.9987080103359172
0.9987080103359172
0.9987080103359172
0.9987080103359172
0.9987080103359172
0.9987080103359172
0.9987080103359172
0.9987080103359172
0.9987080103359172
0.9987080103359172
0.9987080103359172
0.9987080103359172
0.9987080103359172
0.9987080103359172
0.9987080103359172
0.9987080103359172
0.9987080103359172
0.9987080103359172
0.9987080103359172
0.9987080103359172
0.9987080103359172
0.9987080103359172
0.9987080103359172
0.9987080103359172
0.9987080103359172
0.9987080103359172
1.0
1.0
