0.0
0.0
0.0
0.0
0.0
0.0
0.0
0.0
0.0
0.0
0.0
0.0
4.4603033006244426E-4
4.4603033006244426E-4
4.4603033006244426E-4
4.4603033006244426E-4
0.003679654264456058
0.003679654264456058
0.008608890577564927
0.008608890577564927
0.008608890577564927
0.01486907257754824
0.01645497996055707
0.01645497996055707
0.01645497996055707
0.02189020663206043
0.02189020663206043
0.02189020663206043
0.022793902866013037
0.022793902866013037
0.023272371765534566
0.023272371765534566
0.02953303026697318
0.03280341035103727
0.03280341035103727
0.03280341035103727
0.03280341035103727
0.037382149102963246
0.043364716998543947
0.043364716998543947
0.043364716998543947
0.043364716998543947
0.043364716998543947
0.05306201619222204
0.05306201619222204
0.05430109227878243
0.05430109227878243
0.05430109227878243
0.05430109227878243
0.05430109227878243
0.060195114335313334
0.06535996718297843
0.06535996718297843
0.06535996718297843
0.07296482231987743
0.07296482231987743
0.07456935663900809
0.0752191292186052
0.0752191292186052
0.0752191292186052
0.0752191292186052
0.0752191292186052
0.0752191292186052
0.0752191292186052
0.08513965743222325
0.09006934425878414
0.09006934425878414
0.09354116510102395
0.09466940658014261
0.09466940658014261
0.09466940658014261
0.09466940658014261
0.09466940658014261
0.09466940658014261
0.09466940658014261
0.09901804089757064
0.10424376889478311
0.10985608403380412
0.10985608403380412
0.10985608403380412
0.10985608403380412
0.10985608403380412
0.10985608403380412
0.10985608403380412
0.11419719343525778
0.11419719343525778
0.11419719343525778
0.12140652329045076
0.12140652329045076
0.12140652329045076
0.13349415574308404
0.13462022116269315
0.13462022116269315
0.13462022116269315
0.13777123961344726
0.13777123961344726
0.13777123961344726
0.13777123961344726
0.14416496426320802
0.14416496426320802
0.14416496426320802
0.1488129468792156
0.1488129468792156
0.15584329047128098
0.15584329047128098
0.15584329047128098
0.15584329047128098
0.15584329047128098
0.15584329047128098
0.15989802102362755
0.15989802102362755
0.15989802102362755
0.15989802102362755
0.16257348990002624
0.16349798912961022
0.16439004978973512
0.17121566854963594
0.17121566854963594
0.1769292235004571
0.1769292235004571
0.1815821495309603
0.1815821495309603
0.1815821495309603
0.1815821495309603
0.1815821495309603
0.1815821495309603
0.1815821495309603
0.1815821495309603
0.1815821495309603
0.18470364873742146
0.18470364873742146
0.19045511394917194
0.19247940544714764
0.19247940544714764
0.19247940544714764
0.19749219682076793
0.19749219682076793
0.20063852520647737
0.20063852520647737
0.20063852520647737
0.20063852520647737
0.20063852520647737
0.21037179278195878
0.21037179278195878
0.21037179278195878
0.21037179278195878
0.21037179278195878
0.21037179278195878
0.21037179278195878
0.21037179278195878
0.21037179278195878
0.21421042969049678
0.21908787294846294
0.23285979660089653
0.23285979660089653
0.236428656651639
0.236428656651639
0.236428656651639
0.236428656651639
0.236428656651639
0.2373647914550507
0.2373647914550507
0.2373647914550507
0.2373647914550507
0.24312649591290908
0.24312649591290908
0.24312649591290908
0.24312649591290908
0.24760179510999542
0.2564628935114962
0.26256651731259406
0.26256651731259406
0.26256651731259406
0.26317147799015006
0.26317147799015006
0.27210306752704083
0.27210306752704083
0.27210306752704083
0.27210306752704083
0.27210306752704083
0.27210306752704083
0.27614434484768474
0.27614434484768474
0.27662281374720626
0.27662281374720626
0.27662281374720626
0.28593044035839443
0.28593044035839443
0.28593044035839443
0.28801096217575833
0.28801096217575833
0.28801096217575833
0.28801096217575833
0.28801096217575833
0.2922351999205657
0.2922351999205657
0.2922351999205657
0.3025908642643198
0.3025908642643198
0.3025908642643198
0.3025908642643198
0.3025908642643198
0.3043424890473081
0.30672172798516123
0.30672172798516123
0.30672172798516123
0.30811747235134535
0.3127126124828969
0.3209601537629233
0.3209601537629233
0.3209601537629233
0.3209601537629233
0.3209601537629233
0.3209601537629233
0.3209601537629233
0.3209601537629233
0.3209601537629233
0.3209601537629233
0.3209601537629233
0.33108414995204155
0.3403902457059773
0.3403902457059773
0.3403902457059773
0.3403902457059773
0.3403902457059773
0.3403902457059773
0.3403902457059773
0.34436711529218006
0.34436711529218006
0.3461564508522421
0.35381018812863
0.35518071768827647
0.35518071768827647
0.3640127117016085
0.3640127117016085
0.3640127117016085
0.3640127117016085
0.36974502302707885
0.36974502302707885
0.36974502302707885
0.36974502302707885
0.3761921778458081
0.3761921778458081
0.3761921778458081
0.3761921778458081
0.3761921778458081
0.38783475747297214
0.38783475747297214
0.38783475747297214
0.38783475747297214
0.38783475747297214
0.38783475747297214
0.39740244298551036
0.39740244298551036
0.40432747473032943
0.40432747473032943
0.40432747473032943
0.40432747473032943
0.40432747473032943
0.4071127489948154
0.4071127489948154
0.4071127489948154
0.4071127489948154
0.410847020057119
0.410847020057119
0.41350883519658643
0.41350883519658643
0.41350883519658643
0.41350883519658643
0.41350883519658643
0.41350883519658643
0.4148490107765516
0.4172943413515283
0.4172943413515283
0.4248814906493991
0.4255312632289963
0.4255312632289963
0.4255312632289963
0.4255312632289963
0.4255312632289963
0.4255312632289963
0.4255312632289963
0.4255312632289963
0.4255312632289963
0.4266724561322029
0.436244308173299
0.436244308173299
0.436244308173299
0.4413206764092479
0.44179914530876946
0.44179914530876946
0.44179914530876946
0.44179914530876946
0.44179914530876946
0.44179914530876946
0.44179914530876946
0.4458889852225768
0.4458889852225768
0.45304466312005537
0.45304466312005537
0.45304466312005537
0.45304466312005537
0.45304466312005537
0.45656077529053524
0.45656077529053524
0.4636476634865504
0.4636476634865504
0.468846686030414
0.468846686030414
0.4692927163604765
0.4692927163604765
0.47442377604582286
0.47442377604582286
0.47442377604582286
0.47442377604582286
0.47442377604582286
0.47442377604582286
0.47442377604582286
0.47758309502876345
0.47758309502876345
0.47758309502876345
0.47821721043776794
0.4867048815803073
0.4867048815803073
0.4893816170823395
0.4893816170823395
0.4893816170823395
0.4893816170823395
0.4893816170823395
0.496488423791685
0.496488423791685
0.496488423791685
0.496488423791685
0.496488423791685
0.496488423791685
0.496488423791685
0.496488423791685
0.49862392547657397
0.49862392547657397
0.5009714537187213
0.5050854812005582
0.5071230740904907
0.5071230740904907
0.5071230740904907
0.5088009924230593
0.5088009924230593
0.5088009924230593
0.5107997538079172
0.5107997538079172
0.5107997538079172
0.5138280449935236
0.5216361919115456
0.5216361919115456
0.5216361919115456
0.5216361919115456
0.5216361919115456
0.5234373181841381
0.5234373181841381
0.5234373181841381
0.5234373181841381
0.5253079505915084
0.5253079505915084
0.5283670050106991
0.531030654964849
0.531030654964849
0.531030654964849
0.531030654964849
0.533608324209185
0.533608324209185
0.533608324209185
0.533608324209185
0.5340867931087064
0.5340867931087064
0.5428399604439488
0.5428399604439488
0.5428399604439488
0.5483254034787863
0.5483254034787863
0.5483254034787863
0.5487830693826765
0.5487830693826765
0.5487830693826765
0.5487830693826765
0.5487830693826765
0.5588473271207741
0.5588473271207741
0.5588473271207741
0.5588473271207741
0.5588473271207741
0.5662402095039749
0.57206028465821
0.57206028465821
0.57206028465821
0.57206028465821
0.57206028465821
0.5751659360689462
0.5751659360689462
0.5751659360689462
0.5763288893347478
0.5763288893347478
0.5763288893347478
0.5763288893347478
0.5808608520947857
0.5808608520947857
0.5808608520947857
0.5813393209943072
0.5877584807897425
0.5903953791803697
0.5903953791803697
0.5903953791803697
0.5903953791803697
0.5903953791803697
0.5903953791803697
0.5903953791803697
0.5903953791803697
0.5911263733324164
0.5911263733324164
0.5990317258974638
0.5990317258974638
0.5990317258974638
0.5990317258974638
0.5990317258974638
0.5990317258974638
0.5990317258974638
0.6030152304867556
0.6030152304867556
0.6030152304867556
0.6030152304867556
0.6152829247907692
0.6152829247907692
0.6152829247907692
0.6152829247907692
0.6152829247907692
0.6152829247907692
0.6173148625038405
0.6173148625038405
0.6215859056089373
0.6215859056089373
0.6215859056089373
0.6269627403116868
0.6269627403116868
0.6333494267066339
0.6333494267066339
0.6333494267066339
0.6333494267066339
0.6333494267066339
0.6333494267066339
0.6333494267066339
0.6333494267066339
0.6333494267066339
0.6352596901701708
0.6352596901701708
0.6352596901701708
0.6352596901701708
0.6382866424832286
0.6390176366352754
0.6390176366352754
0.6390176366352754
0.643513857862847
0.6458211685149278
0.6458211685149278
0.6506861377144717
0.6506861377144717
0.6511438036183619
0.6511438036183619
0.6511438036183619
0.6511438036183619
0.6524322912952343
0.6524322912952343
0.6524322912952343
0.6524322912952343
0.6524322912952343
0.6612003359655239
0.6612003359655239
0.662930063343083
0.6655358912501158
0.6655358912501158
0.6655358912501158
0.6655358912501158
0.6655358912501158
0.6655358912501158
0.6655358912501158
0.6675121842301709
0.6734362476097951
0.6734362476097951
0.6734362476097951
0.6734362476097951
0.6734362476097951
0.6734362476097951
0.6734362476097951
0.6734362476097951
0.6734362476097951
0.6785736716120813
0.6807555678779726
0.6860150124256761
0.6860150124256761
0.6860150124256761
0.6860150124256761
0.6860150124256761
0.6860150124256761
0.6860150124256761
0.6860150124256761
0.6860150124256761
0.6860150124256761
0.6860150124256761
0.6943168746821208
0.6980515846253883
0.6980515846253883
0.6980515846253883
0.7004068459822793
0.7004068459822793
0.7004068459822793
0.7023902211021873
0.7023902211021873
0.7023902211021873
0.7023902211021873
0.708156420039472
0.708156420039472
0.708156420039472
0.710522880336107
0.710522880336107
0.710522880336107
0.710522880336107
0.710522880336107
0.710522880336107
0.710522880336107
0.7131922444685387
0.7189277273043024
0.7201371903558706
0.7201371903558706
0.7201371903558706
0.7201371903558706
0.7208681845079175
0.7208681845079175
0.7208681845079175
0.7208681845079175
0.7208681845079175
0.7208681845079175
0.7255759777850617
0.7255759777850617
0.7255759777850617
0.7255759777850617
0.7255759777850617
0.7274790608201029
0.7274790608201029
0.7274790608201029
0.7274790608201029
0.7274790608201029
0.7274790608201029
0.7324060240143222
0.7341586558499715
0.7341586558499715
0.7341586558499715
0.7341586558499715
0.7341586558499715
0.7341586558499715
0.7341586558499715
0.7346371247494929
0.7346371247494929
0.7346371247494929
0.7423898138176972
0.7423898138176972
0.7423898138176972
0.7423898138176972
0.7423898138176972
0.7423898138176972
0.7423898138176972
0.7423898138176972
0.7423898138176972
0.7444477160184333
0.7444477160184333
0.7547886432504404
0.7547886432504404
0.7547886432504404
0.7572570603095242
0.7572570603095242
0.7572570603095242
0.7593056968698919
0.7593056968698919
0.7593056968698919
0.7593056968698919
0.7593056968698919
0.7638809716378997
0.7638809716378997
0.7706329347510138
0.7706329347510138
0.7706329347510138
0.7706329347510138
0.7723669396505412
0.7723669396505412
0.7723669396505412
0.7723669396505412
0.7723669396505412
0.7783067833606395
0.7805252414693217
0.7805252414693217
0.7805252414693217
0.7900435220183841
0.7900435220183841
0.7900435220183841
0.7900435220183841
0.7900435220183841
0.7900435220183841
0.7900435220183841
0.7934667155171571
0.7934667155171571
0.7934667155171571
0.7954397949447826
0.7954397949447826
0.7954397949447826
0.7954397949447826
0.7980200782862908
0.7980200782862908
0.7980200782862908
0.7980200782862908
0.7999495753761027
0.7999495753761027
0.7999495753761027
0.7999495753761027
0.8003956057061652
0.8015030441896525
0.8015030441896525
0.8015030441896525
0.8019607100935426
0.8019607100935426
0.8019607100935426
0.8047723983621065
0.8047723983621065
0.8061352274193805
0.8061352274193805
0.8061352274193805
0.8061352274193805
0.8061352274193805
0.8061352274193805
0.8061352274193805
0.8061352274193805
0.8061352274193805
0.8117952804887348
0.8117952804887348
0.8117952804887348
0.8117952804887348
0.8117952804887348
0.8117952804887348
0.8122413108187974
0.8122413108187974
0.816547303353999
0.816547303353999
0.816547303353999
0.816547303353999
0.8169933336840615
0.8169933336840615
0.8169933336840615
0.8169933336840615
0.8169933336840615
0.8169933336840615
0.8169933336840615
0.8169933336840615
0.8169933336840615
0.8169933336840615
0.8195065301522542
0.8195065301522542
0.8195065301522542
0.8270879595157472
0.8270879595157472
0.8270879595157472
0.8270879595157472
0.8270879595157472
0.8270879595157472
0.8270879595157472
0.8270879595157472
0.8284462503477222
0.8284462503477222
0.8284462503477222
0.8284462503477222
0.8284462503477222
0.8284462503477222
0.8284462503477222
0.8284462503477222
0.8284462503477222
0.8306106284067194
0.8306106284067194
0.8306106284067194
0.8306106284067194
0.8317518213099261
0.8317518213099261
0.8317518213099261
0.8317518213099261
0.8317518213099261
0.8317518213099261
0.8328513357375646
0.8328513357375646
0.8328513357375646
0.8365181558586194
0.8365181558586194
0.8365181558586194
0.8365181558586194
0.8395743956790437
0.8395743956790437
0.8395743956790437
0.8395743956790437
0.8395743956790437
0.8395743956790437
0.8395743956790437
0.8395743956790437
0.8395743956790437
0.8395743956790437
0.8395743956790437
0.8395743956790437
0.8395743956790437
0.8395743956790437
0.8395743956790437
0.8395743956790437
0.8395743956790437
0.8395743956790437
0.8400955004210968
0.8400955004210968
0.8400955004210968
0.8400955004210968
0.8400955004210968
0.8400955004210968
0.8400955004210968
0.8405739693206183
0.8405739693206183
0.8405739693206183
0.8405739693206183
0.8419322601525934
0.8419322601525934
0.8419322601525934
0.8419322601525934
0.8419322601525934
0.8425372208301493
0.8425372208301493
0.8425372208301493
0.8425372208301493
0.8425372208301493
0.843156415876589
0.843156415876589
0.843156415876589
0.843156415876589
0.843156415876589
0.8438977057209179
0.8438977057209179
0.8438977057209179
0.8438977057209179
0.8438977057209179
0.8438977057209179
0.8438977057209179
0.8503115822490341
0.8503115822490341
0.8503115822490341
0.8503115822490341
0.8503115822490341
0.8503115822490341
0.8503115822490341
0.8503115822490341
0.8503115822490341
0.8503115822490341
0.8503115822490341
0.8553860323183242
0.8563013641261045
0.8563013641261045
0.8563013641261045
0.8563013641261045
0.8563013641261045
0.8563013641261045
0.8563013641261045
0.8563013641261045
0.8563013641261045
0.8563013641261045
0.8563013641261045
0.8563013641261045
0.8563013641261045
0.8563013641261045
0.8563013641261045
0.8568224688681577
0.8568224688681577
0.8568224688681577
0.8568224688681577
0.8573435736102109
0.8573435736102109
0.8580645541437364
0.8591155451513547
0.8613490490544513
0.8613490490544513
0.8613490490544513
0.8613490490544513
0.8613490490544513
0.8613490490544513
0.8613490490544513
0.8613490490544513
0.8613490490544513
0.8639356173249474
0.865581097088057
0.865581097088057
0.865581097088057
0.865581097088057
0.865581097088057
0.866646322464559
0.8733239875756983
0.8733239875756983
0.8733239875756983
0.8733239875756983
0.8733239875756983
0.8733239875756983
0.8753563119764437
0.8758023423065061
0.8758023423065061
0.8758023423065061
0.8758023423065061
0.8758023423065061
0.8758023423065061
0.8758023423065061
0.8758023423065061
0.8777937184955716
0.8777937184955716
0.8777937184955716
0.8803353390045242
0.8803353390045242
0.8814905591555818
0.8814905591555818
0.8814905591555818
0.8814905591555818
0.8814905591555818
0.8814905591555818
0.8834992315029913
0.8834992315029913
0.8834992315029913
0.88417399533565
0.88417399533565
0.88417399533565
0.88417399533565
0.8858733361211566
0.8858733361211566
0.8858733361211566
0.8858733361211566
0.8858733361211566
0.8858733361211566
0.8858733361211566
0.8858733361211566
0.8858733361211566
0.8858733361211566
0.8858733361211566
0.8858733361211566
0.8858733361211566
0.8858733361211566
0.8858733361211566
0.8875700781116069
0.8875700781116069
0.8875700781116069
0.8941163207689586
0.8941163207689586
0.8941163207689586
0.8941163207689586
0.8941163207689586
0.8961618377147399
0.8961618377147399
0.8961618377147399
0.8961618377147399
0.8961618377147399
0.8961618377147399
0.8961618377147399
0.8961618377147399
0.8961618377147399
0.8961618377147399
0.8961618377147399
0.8961618377147399
0.9011058173836769
0.9015842862831984
0.9021053910252516
0.9021053910252516
0.9021053910252516
0.9021053910252516
0.9021053910252516
0.9028466808695808
0.9028466808695808
0.9028466808695808
0.9028466808695808
0.9028466808695808
0.9028466808695808
0.9071327824820588
0.9071327824820588
0.9071327824820588
0.9071327824820588
0.9077593488980988
0.9077593488980988
0.9077593488980988
0.9077593488980988
0.9077593488980988
0.9077593488980988
0.9077593488980988
0.9082378177976205
0.9082378177976205
0.9082378177976205
0.9082378177976205
0.9082378177976205
0.9082378177976205
0.9088719332066248
0.9088719332066248
0.9088719332066248
0.9088719332066248
0.9167110759685095
0.9167110759685095
0.9167110759685095
0.9167110759685095
0.9167110759685095
0.9167110759685095
0.9167110759685095
0.9167110759685095
0.9167110759685095
0.9167110759685095
0.9167110759685095
0.9167110759685095
0.9179568374309893
0.9179568374309893
0.9179568374309893
0.9179568374309893
0.9179568374309893
0.9199399304771361
0.9199399304771361
0.9204610352191892
0.9204610352191892
0.9204610352191892
0.9204610352191892
0.9204610352191892
0.9204610352191892
0.9204610352191892
0.9204610352191892
0.9204610352191892
0.9204610352191892
0.9204610352191892
0.9204610352191892
0.9204610352191892
0.9204610352191892
0.9204610352191892
0.9232738114456136
0.9238930064920532
0.9238930064920532
0.9238930064920532
0.9238930064920532
0.9238930064920532
0.9238930064920532
0.9238930064920532
0.9238930064920532
0.9238930064920532
0.9238930064920532
0.9256135606671535
0.9256135606671535
0.9256135606671535
0.9262633332467507
0.926897448655755
0.926897448655755
0.92824369917764
0.92824369917764
0.92824369917764
0.92824369917764
0.92824369917764
0.92824369917764
0.92824369917764
0.92824369917764
0.92824369917764
0.92824369917764
0.92824369917764
0.92824369917764
0.92824369917764
0.92824369917764
0.92824369917764
0.92824369917764
0.9297059695554949
0.9319936194431012
0.9319936194431012
0.9319936194431012
0.9319936194431012
0.9319936194431012
0.9319936194431012
0.9319936194431012
0.9319936194431012
0.9319936194431012
0.9319936194431012
0.9349475381917065
0.9349475381917065
0.9349475381917065
0.9349475381917065
0.9349475381917065
0.9349475381917065
0.9349475381917065
0.9374763738276086
0.9374763738276086
0.938151137660267
0.9394044481157112
0.9394044481157112
0.9394044481157112
0.9394044481157112
0.9394044481157112
0.9394044481157112
0.9394044481157112
0.9394044481157112
0.9394044481157112
0.9394044481157112
0.9394044481157112
0.9394044481157112
0.94221110918118
0.94221110918118
0.94221110918118
0.94221110918118
0.94221110918118
0.94221110918118
0.9446969112283855
0.9446969112283855
0.9446969112283855
0.9446969112283855
0.9446969112283855
0.9471869015330213
0.9471869015330213
0.9471869015330213
0.9471869015330213
0.9471869015330213
0.9471869015330213
0.9471869015330213
0.9471869015330213
0.9489418111047467
0.9489418111047467
0.9489418111047467
0.9489418111047467
0.9489418111047467
0.9489418111047467
0.9510685496229776
0.9510685496229776
0.9510685496229776
0.9510685496229776
0.9510685496229776
0.9510685496229776
0.9510685496229776
0.9510685496229776
0.9527099717883007
0.9542934760033838
0.9542934760033838
0.9549682398360425
0.9549682398360425
0.9549682398360425
0.9549682398360425
0.9549682398360425
0.9549682398360425
0.9549682398360425
0.9549682398360425
0.9563490065676862
0.9563490065676862
0.9563490065676862
0.9563490065676862
0.9563490065676862
0.9563490065676862
0.9563490065676862
0.9563490065676862
0.9563490065676862
0.9569755729837264
0.9569755729837264
0.9569755729837264
0.9569755729837264
0.9569755729837264
0.9569755729837264
0.9569755729837264
0.9569755729837264
0.9569755729837264
0.9569755729837264
0.9582921853401334
0.9582921853401334
0.9587382156701958
0.9611316889769325
0.9611316889769325
0.9611316889769325
0.9611316889769325
0.9616101578764539
0.9616101578764539
0.9616101578764539
0.9616101578764539
0.9616101578764539
0.9616101578764539
0.9616101578764539
0.9627771687400419
0.9627771687400419
0.9627771687400419
0.9627771687400419
0.9627771687400419
0.9627771687400419
0.9627771687400419
0.9627771687400419
0.9627771687400419
0.9627771687400419
0.9634519325727006
0.9634519325727006
0.9634519325727006
0.9634519325727006
0.9634519325727006
0.9634519325727006
0.9634519325727006
0.9634519325727006
0.9634519325727006
0.9634519325727006
0.9634519325727006
0.9634519325727006
0.9640784989887408
0.9640784989887408
0.9640784989887408
0.9640784989887408
0.9640784989887408
0.9654030354009964
0.9654030354009964
0.9654030354009964
0.9654030354009964
0.9654030354009964
0.9654030354009964
0.9654030354009964
0.9654030354009964
0.9654030354009964
0.9654030354009964
0.9654030354009964
0.9654030354009964
0.9654030354009964
0.9654030354009964
0.9654030354009964
0.9654030354009964
0.9654030354009964
0.9672041616735889
0.9672041616735889
0.9672041616735889
0.9672041616735889
0.9672041616735889
0.9672041616735889
0.9672041616735889
0.9672041616735889
0.9672041616735889
0.9676501920036514
0.9676501920036514
0.9676501920036514
0.9676501920036514
0.9676501920036514
0.9676501920036514
0.9676501920036514
0.9676501920036514
0.9676501920036514
0.9687380708574622
0.9687380708574622
0.9687380708574622
0.9687380708574622
0.9702000591615558
0.9702000591615558
0.9702000591615558
0.9702000591615558
0.9702000591615558
0.9702000591615558
0.9702000591615558
0.9702000591615558
0.9702000591615558
0.9702000591615558
0.9702000591615558
0.9702000591615558
0.9709210396950814
0.9709210396950814
0.9709210396950814
0.9709210396950814
0.9709210396950814
0.9709210396950814
0.9709210396950814
0.9709210396950814
0.9709210396950814
0.9709210396950814
0.9709210396950814
0.9709210396950814
0.9709210396950814
0.9709210396950814
0.9709210396950814
0.9709210396950814
0.9709210396950814
0.9715958035277401
0.9715958035277401
0.9715958035277401
0.9715958035277401
0.9715958035277401
0.9715958035277401
0.9715958035277401
0.9715958035277401
0.9715958035277401
0.9715958035277401
0.9715958035277401
0.9715958035277401
0.9715958035277401
0.9715958035277401
0.9715958035277401
0.9715958035277401
0.9715958035277401
0.9727916721024517
0.9727916721024517
0.9727916721024517
0.9727916721024517
0.9727916721024517
0.9727916721024517
0.9727916721024517
0.9727916721024517
0.9727916721024517
0.9727916721024517
0.9727916721024517
0.9727916721024517
0.9727916721024517
0.9727916721024517
0.9727916721024517
0.9727916721024517
0.9727916721024517
0.9745778780124793
0.9745778780124793
0.9745778780124793
0.9745778780124793
0.9745778780124793
0.9745778780124793
0.9745778780124793
0.9745778780124793
0.9745778780124793
0.9759180535924445
0.9759180535924445
0.9759180535924445
0.9759180535924445
0.9759180535924445
0.9759180535924445
0.9759180535924445
0.9759180535924445
0.9771977781026591
0.9771977781026591
0.9771977781026591
0.9771977781026591
0.9771977781026591
0.9771977781026591
0.9771977781026591
0.9771977781026591
0.9771977781026591
0.9771977781026591
0.9771977781026591
0.9771977781026591
0.9771977781026591
0.9771977781026591
0.9771977781026591
0.9771977781026591
0.9771977781026591
0.9784024098440287
0.9784024098440287
0.9784024098440287
0.9784024098440287
0.9784024098440287
0.9784024098440287
0.9784024098440287
0.9784024098440287
0.9784024098440287
0.9784024098440287
0.9784024098440287
0.9784024098440287
0.9784024098440287
0.9790771736766873
0.9790771736766873
0.9790771736766873
0.9790771736766873
0.9790771736766873
0.9790771736766873
0.9790771736766873
0.9790771736766873
0.9790771736766873
0.9790771736766873
0.9790771736766873
0.9795556425762089
0.9795556425762089
0.9795556425762089
0.9795556425762089
0.9795556425762089
0.9795556425762089
0.9800016729062713
0.9800016729062713
0.980620867952711
0.980620867952711
0.980620867952711
0.980620867952711
0.980620867952711
0.980620867952711
0.980620867952711
0.980620867952711
0.980620867952711
0.980620867952711
0.980620867952711
0.980620867952711
0.980620867952711
0.980620867952711
0.9812474343687511
0.9812474343687511
0.9812474343687511
0.9812474343687511
0.9812474343687511
0.9817051002726412
0.9817051002726412
0.9817051002726412
0.9817051002726412
0.9817051002726412
0.9817051002726412
0.9817051002726412
0.9817051002726412
0.9817051002726412
0.9817051002726412
0.9817051002726412
0.9817051002726412
0.9817051002726412
0.9817051002726412
0.9817051002726412
0.9817051002726412
0.9817051002726412
0.9817051002726412
0.9817051002726412
0.9817051002726412
0.9817051002726412
0.9817051002726412
0.9817051002726412
0.9817051002726412
0.9817051002726412
0.9817051002726412
0.9817051002726412
0.9817051002726412
0.9817051002726412
0.9817051002726412
0.9817051002726412
0.9817051002726412
0.9817051002726412
0.9817051002726412
0.9817051002726412
0.9817051002726412
0.9817051002726412
0.9817051002726412
0.9835210570085063
0.9835210570085063
0.9835210570085063
0.9835210570085063
0.9835210570085063
0.9835210570085063
0.9835210570085063
0.9835210570085063
0.9835210570085063
0.9835210570085063
0.9835210570085063
0.9835210570085063
0.9835210570085063
0.9835210570085063
0.9835210570085063
0.9835210570085063
0.9835210570085063
0.9835210570085063
0.9835210570085063
0.9835210570085063
0.9835210570085063
0.9835210570085063
0.9835210570085063
0.9841629055322546
0.9841629055322546
0.9841629055322546
0.9841629055322546
0.9846840102743079
0.9846840102743079
0.9846840102743079
0.9846840102743079
0.9846840102743079
0.9846840102743079
0.9846840102743079
0.9846840102743079
0.9846840102743079
0.9846840102743079
0.9846840102743079
0.9846840102743079
0.9846840102743079
0.9846840102743079
0.9846840102743079
0.9846840102743079
0.9846840102743079
0.9846840102743079
0.9846840102743079
0.9846840102743079
0.9878059657182447
0.9878059657182447
0.9878059657182447
0.9878059657182447
0.9878059657182447
0.9878059657182447
0.9878059657182447
0.9878059657182447
0.9878059657182447
0.9878059657182447
0.9878059657182447
0.9878059657182447
0.9878059657182447
0.9878059657182447
0.9878059657182447
0.9878059657182447
0.9878059657182447
0.9878059657182447
0.9878059657182447
0.9878059657182447
0.9878059657182447
0.9878059657182447
0.9878059657182447
0.9878059657182447
0.9878059657182447
0.9878059657182447
0.9878059657182447
0.9878059657182447
0.9878059657182447
0.9878059657182447
0.9878059657182447
0.9878059657182447
0.9878059657182447
0.9878059657182447
0.9878059657182447
0.9878059657182447
0.9878059657182447
0.9878059657182447
0.9878059657182447
0.9878059657182447
0.9878059657182447
0.9878059657182447
0.9882519960483073
0.9882519960483073
0.9882519960483073
0.9882519960483073
0.9882519960483073
0.9882519960483073
0.9882519960483073
0.9882519960483073
0.9882519960483073
0.9882519960483073
0.9882519960483073
0.9882519960483073
0.9882519960483073
0.9882519960483073
0.9882519960483073
0.9882519960483073
0.9882519960483073
0.9882519960483073
0.9882519960483073
0.9882519960483073
0.9882519960483073
0.9882519960483073
0.9882519960483073
0.9882519960483073
0.9882519960483073
0.9882519960483073
0.9882519960483073
0.9882519960483073
0.9882519960483073
0.9882519960483073
0.9882519960483073
0.9882519960483073
0.9882519960483073
0.9882519960483073
0.9882519960483073
0.9882519960483073
0.9882519960483073
0.9882519960483073
0.9882519960483073
0.9882519960483073
0.9882519960483073
0.9882519960483073
0.9882519960483073
0.9882519960483073
0.9905239830253523
0.9905239830253523
0.9905239830253523
0.9905239830253523
0.9905239830253523
0.9905239830253523
0.9905239830253523
0.9905239830253523
0.9905239830253523
0.9905239830253523
0.9905239830253523
0.9905239830253523
0.9905239830253523
0.9905239830253523
0.9905239830253523
0.9905239830253523
0.9905239830253523
0.9905239830253523
0.9905239830253523
0.9905239830253523
0.9905239830253523
0.9905239830253523
0.9905239830253523
0.9905239830253523
0.9905239830253523
0.9905239830253523
0.9905239830253523
0.9905239830253523
0.9905239830253523
0.9905239830253523
0.9905239830253523
0.9905239830253523
0.9905239830253523
0.9905239830253523
0.9905239830253523
0.9905239830253523
0.9905239830253523
0.9905239830253523
0.9911987468580108
0.9911987468580108
0.9911987468580108
0.9911987468580108
0.9911987468580108
0.9911987468580108
0.9911987468580108
0.9916447771880733
0.9916447771880733
0.9916447771880733
0.9916447771880733
0.9916447771880733
0.9916447771880733
0.9916447771880733
0.9916447771880733
0.9916447771880733
0.9916447771880733
0.9925692764176572
0.9925692764176572
0.9925692764176572
0.9925692764176572
0.9925692764176572
0.9925692764176572
0.9925692764176572
0.9925692764176572
0.9925692764176572
0.9925692764176572
0.9925692764176572
0.9925692764176572
0.9925692764176572
0.9925692764176572
0.9925692764176572
0.9925692764176572
0.9925692764176572
0.9925692764176572
0.9925692764176572
0.9925692764176572
0.9925692764176572
0.9932440402503157
0.9932440402503157
0.9932440402503157
0.9932440402503157
0.9932440402503157
0.9932440402503157
0.9932440402503157
0.9932440402503157
0.9932440402503157
0.9932440402503157
0.9932440402503157
0.9932440402503157
0.9932440402503157
0.9932440402503157
0.9932440402503157
0.9932440402503157
0.9932440402503157
0.9932440402503157
0.9932440402503157
0.9936900705803783
0.9936900705803783
0.9936900705803783
0.9936900705803783
0.9936900705803783
0.9936900705803783
0.9936900705803783
0.9936900705803783
0.9936900705803783
0.9936900705803783
0.9936900705803783
0.9936900705803783
0.9936900705803783
0.9936900705803783
0.9936900705803783
0.9936900705803783
0.9936900705803783
0.9936900705803783
0.9936900705803783
0.9936900705803783
0.9936900705803783
0.9936900705803783
0.9936900705803783
0.9936900705803783
0.9936900705803783
0.9936900705803783
0.9936900705803783
0.9936900705803783
0.9936900705803783
0.9936900705803783
0.9936900705803783
0.9936900705803783
0.9936900705803783
0.9936900705803783
0.9936900705803783
0.9936900705803783
0.9936900705803783
0.9936900705803783
0.9936900705803783
0.9936900705803783
0.9936900705803783
0.9936900705803783
0.9936900705803783
0.9936900705803783
0.9936900705803783
0.9936900705803783
0.9936900705803783
0.9936900705803783
0.9936900705803783
0.9936900705803783
0.9936900705803783
0.9936900705803783
0.9936900705803783
0.9936900705803783
0.9936900705803783
0.9936900705803783
0.9936900705803783
0.9936900705803783
0.9936900705803783
0.9936900705803783
0.9936900705803783
0.9936900705803783
0.9936900705803783
0.9936900705803783
0.9936900705803783
0.9936900705803783
0.9936900705803783
0.9936900705803783
0.9936900705803783
0.9936900705803783
0.9943648344130368
0.9943648344130368
0.9943648344130368
0.9943648344130368
0.9943648344130368
0.9943648344130368
0.9943648344130368
0.9943648344130368
0.9943648344130368
0.9943648344130368
0.9943648344130368
0.9943648344130368
0.9943648344130368
0.9943648344130368
0.9943648344130368
0.9943648344130368
0.9943648344130368
0.9943648344130368
0.9943648344130368
0.9943648344130368
0.9943648344130368
0.9950066829367852
0.9961117182523468
0.9961117182523468
0.9961117182523468
0.9961117182523468
0.9961117182523468
0.9961117182523468
0.9961117182523468
0.9961117182523468
0.9961117182523468
0.9961117182523468
0.9961117182523468
0.9961117182523468
0.9961117182523468
0.9961117182523468
0.9961117182523468
0.9961117182523468
0.9961117182523468
0.9961117182523468
0.9961117182523468
0.9961117182523468
0.9961117182523468
0.9961117182523468
0.9973585274536512
0.9973585274536512
0.9973585274536512
0.9973585274536512
0.9973585274536512
0.9973585274536512
0.9973585274536512
0.9973585274536512
0.9973585274536512
0.9973585274536512
0.9973585274536512
0.9973585274536512
0.9973585274536512
0.9973585274536512
0.9973585274536512
0.9973585274536512
0.9973585274536512
0.9973585274536512
0.9973585274536512
0.9973585274536512
0.9973585274536512
0.9973585274536512
0.9978796321957045
0.9978796321957045
0.9978796321957045
0.9978796321957045
0.9978796321957045
0.9978796321957045
0.9978796321957045
0.9978796321957045
0.9978796321957045
0.9978796321957045
0.9978796321957045
0.9978796321957045
0.9978796321957045
0.9978796321957045
0.9978796321957045
0.9978796321957045
0.9978796321957045
0.9978796321957045
0.9978796321957045
0.9978796321957045
0.9978796321957045
0.9978796321957045
0.9978796321957045
0.9978796321957045
0.9978796321957045
0.9978796321957045
0.9978796321957045
0.9978796321957045
0.9978796321957045
0.9978796321957045
0.9978796321957045
0.9978796321957045
0.9978796321957045
0.9978796321957045
0.9978796321957045
0.9978796321957045
0.9978796321957045
0.9978796321957045
0.9978796321957045
0.9978796321957045
0.9978796321957045
0.9978796321957045
0.9978796321957045
0.9978796321957045
0.9978796321957045
0.9978796321957045
0.9978796321957045
0.9978796321957045
0.9978796321957045
0.9978796321957045
0.9978796321957045
0.9978796321957045
0.9978796321957045
0.9978796321957045
0.9978796321957045
0.9978796321957045
0.9978796321957045
0.9978796321957045
0.9978796321957045
0.9978796321957045
0.9978796321957045
0.9978796321957045
0.9978796321957045
0.9978796321957045
0.9978796321957045
0.9978796321957045
0.9978796321957045
0.9978796321957045
0.9978796321957045
0.9978796321957045
0.9978796321957045
0.9978796321957045
0.9978796321957045
0.9978796321957045
0.9978796321957045
0.9978796321957045
0.9978796321957045
0.9978796321957045
0.9978796321957045
0.9978796321957045
0.9978796321957045
0.9978796321957045
0.9978796321957045
0.9978796321957045
0.9978796321957045
0.9978796321957045
0.9978796321957045
0.9978796321957045
0.9978796321957045
0.9978796321957045
0.9978796321957045
0.9978796321957045
0.9978796321957045
0.9978796321957045
0.9978796321957045
0.9978796321957045
0.9978796321957045
0.9978796321957045
0.9978796321957045
0.9978796321957045
0.9978796321957045
0.9978796321957045
0.9978796321957045
0.9978796321957045
0.9978796321957045
0.9978796321957045
0.9978796321957045
0.9978796321957045
0.9978796321957045
0.9978796321957045
0.9978796321957045
0.9978796321957045
0.9978796321957045
0.9978796321957045
0.9978796321957045
0.9978796321957045
0.9978796321957045
0.9978796321957045
0.9978796321957045
0.9978796321957045
0.9978796321957045
0.9978796321957045
0.9978796321957045
0.9978796321957045
0.9978796321957045
0.9978796321957045
0.9978796321957045
0.9978796321957045
0.9978796321957045
0.9978796321957045
0.9978796321957045
0.9978796321957045
0.9978796321957045
0.9978796321957045
0.9978796321957045
0.9978796321957045
0.9978796321957045
0.9978796321957045
0.9978796321957045
0.9978796321957045
0.9978796321957045
0.9978796321957045
0.9978796321957045
0.9978796321957045
0.9978796321957045
0.9978796321957045
0.9978796321957045
0.9978796321957045
0.9978796321957045
0.9978796321957045
0.9978796321957045
0.9978796321957045
0.9978796321957045
0.9978796321957045
0.9978796321957045
0.9978796321957045
0.9978796321957045
0.9978796321957045
0.9978796321957045
0.9978796321957045
0.9978796321957045
0.9978796321957045
0.9978796321957045
0.9978796321957045
0.9978796321957045
0.9978796321957045
0.9978796321957045
0.9978796321957045
0.9978796321957045
0.9978796321957045
0.9978796321957045
0.9978796321957045
0.9978796321957045
0.9978796321957045
0.9978796321957045
0.9978796321957045
0.9978796321957045
0.9978796321957045
0.9978796321957045
0.9978796321957045
0.9978796321957045
0.9978796321957045
0.9978796321957045
0.9978796321957045
0.9978796321957045
0.9978796321957045
0.9978796321957045
0.9978796321957045
0.9978796321957045
0.9978796321957045
0.9978796321957045
0.9978796321957045
0.9978796321957045
0.9978796321957045
0.9978796321957045
0.9978796321957045
0.9978796321957045
0.9978796321957045
0.9978796321957045
0.9978796321957045
0.9978796321957045
0.9978796321957045
0.9978796321957045
0.9978796321957045
0.9978796321957045
0.9978796321957045
0.9978796321957045
0.9978796321957045
0.9978796321957045
0.9978796321957045
0.9978796321957045
0.9978796321957045
0.9978796321957045
0.9978796321957045
0.9978796321957045
0.9978796321957045
0.9978796321957045
0.9978796321957045
0.9978796321957045
0.9978796321957045
0.9978796321957045
0.9978796321957045
0.9978796321957045
0.9978796321957045
0.9978796321957045
0.9978796321957045
0.9978796321957045
0.9978796321957045
0.9978796321957045
0.9978796321957045
0.9978796321957045
0.9978796321957045
0.9978796321957045
0.9978796321957045
0.9978796321957045
0.9978796321957045
0.9978796321957045
0.9978796321957045
0.9978796321957045
0.9978796321957045
0.9978796321957045
0.9978796321957045
0.9978796321957045
0.9978796321957045
0.9978796321957045
0.9978796321957045
0.9978796321957045
0.9978796321957045
0.9978796321957045
0.9978796321957045
0.9978796321957045
0.9978796321957045
0.9978796321957045
0.9978796321957045
0.9978796321957045
0.9978796321957045
0.9978796321957045
0.9978796321957045
0.9978796321957045
0.9978796321957045
0.9978796321957045
0.9978796321957045
0.9978796321957045
0.9978796321957045
0.9978796321957045
0.9978796321957045
0.9978796321957045
0.9978796321957045
0.9978796321957045
0.9978796321957045
0.9978796321957045
0.9978796321957045
0.9978796321957045
0.9978796321957045
0.9978796321957045
0.9978796321957045
0.9978796321957045
0.9978796321957045
0.9978796321957045
0.9978796321957045
0.9978796321957045
0.9978796321957045
0.9978796321957045
0.9978796321957045
0.9978796321957045
0.9978796321957045
0.9978796321957045
0.9978796321957045
0.9978796321957045
0.9978796321957045
0.9978796321957045
0.9978796321957045
0.9978796321957045
0.9978796321957045
0.9978796321957045
0.9978796321957045
0.9978796321957045
0.9978796321957045
0.9978796321957045
0.9978796321957045
0.9978796321957045
0.9985543960283629
0.9985543960283629
0.9985543960283629
0.9985543960283629
0.9985543960283629
0.9985543960283629
0.9985543960283629
0.9985543960283629
0.9985543960283629
0.9985543960283629
0.9985543960283629
0.9985543960283629
0.9985543960283629
0.9985543960283629
0.9985543960283629
0.9985543960283629
0.9985543960283629
0.9985543960283629
0.9985543960283629
0.9985543960283629
0.9985543960283629
0.9985543960283629
0.9985543960283629
0.9985543960283629
0.9985543960283629
0.9985543960283629
0.9985543960283629
0.9985543960283629
0.9985543960283629
0.9985543960283629
0.9985543960283629
0.9985543960283629
0.9985543960283629
0.9985543960283629
0.9985543960283629
0.9985543960283629
0.9985543960283629
0.9985543960283629
0.9985543960283629
0.9985543960283629
0.9985543960283629
0.9985543960283629
0.9985543960283629
0.9985543960283629
0.9985543960283629
0.9985543960283629
0.9985543960283629
0.9985543960283629
0.9985543960283629
0.9985543960283629
0.9985543960283629
0.9985543960283629
0.9985543960283629
0.9985543960283629
0.9985543960283629
0.9985543960283629
0.9985543960283629
0.9985543960283629
0.9985543960283629
0.9985543960283629
0.9985543960283629
0.9985543960283629
0.9985543960283629
0.9985543960283629
0.9985543960283629
0.9985543960283629
0.9985543960283629
0.9985543960283629
0.9985543960283629
0.9985543960283629
0.9985543960283629
0.9985543960283629
0.9985543960283629
0.9985543960283629
0.9985543960283629
0.9985543960283629
0.9985543960283629
0.9985543960283629
0.9985543960283629
0.9985543960283629
0.9985543960283629
0.9985543960283629
0.9985543960283629
0.9985543960283629
0.9985543960283629
0.9985543960283629
0.9985543960283629
0.9985543960283629
0.9985543960283629
0.9985543960283629
0.9985543960283629
0.9985543960283629
0.9985543960283629
0.9985543960283629
0.9985543960283629
0.9985543960283629
0.9985543960283629
0.9985543960283629
0.9985543960283629
0.9985543960283629
0.9985543960283629
0.9985543960283629
0.9985543960283629
0.9985543960283629
0.9985543960283629
0.9985543960283629
0.9985543960283629
0.9985543960283629
0.9985543960283629
0.9985543960283629
0.9985543960283629
0.9985543960283629
0.9985543960283629
0.9985543960283629
0.9985543960283629
0.9985543960283629
0.9985543960283629
0.9985543960283629
0.9985543960283629
0.9985543960283629
0.9985543960283629
0.9985543960283629
0.9985543960283629
0.9985543960283629
0.9985543960283629
0.9985543960283629
0.9985543960283629
0.9985543960283629
0.9985543960283629
0.9985543960283629
0.9985543960283629
0.9985543960283629
0.9985543960283629
0.9985543960283629
0.9985543960283629
0.9985543960283629
0.9985543960283629
0.9985543960283629
0.9985543960283629
0.9985543960283629
0.9985543960283629
0.9985543960283629
0.9985543960283629
0.9985543960283629
0.9985543960283629
0.9985543960283629
0.9985543960283629
0.9985543960283629
0.9985543960283629
0.9985543960283629
0.9985543960283629
0.9985543960283629
0.9985543960283629
0.9985543960283629
0.9985543960283629
0.9985543960283629
0.9985543960283629
0.9985543960283629
0.9985543960283629
0.9985543960283629
0.9985543960283629
0.9985543960283629
0.9985543960283629
0.9985543960283629
0.9985543960283629
0.9985543960283629
0.9985543960283629
0.9985543960283629
0.9985543960283629
0.9985543960283629
0.9985543960283629
0.9985543960283629
0.9985543960283629
0.9985543960283629
0.9985543960283629
0.9985543960283629
0.9985543960283629
0.9985543960283629
0.9985543960283629
0.9985543960283629
0.9985543960283629
0.9985543960283629
0.9985543960283629
0.9985543960283629
0.9985543960283629
0.9985543960283629
0.9985543960283629
0.9985543960283629
0.9985543960283629
0.9985543960283629
0.9985543960283629
0.9985543960283629
0.9985543960283629
0.9985543960283629
0.9985543960283629
0.9985543960283629
0.9985543960283629
0.9985543960283629
0.9985543960283629
0.9985543960283629
0.9985543960283629
0.9985543960283629
0.9985543960283629
0.9985543960283629
0.9985543960283629
0.9985543960283629
0.9985543960283629
0.9985543960283629
0.9985543960283629
0.9985543960283629
0.9985543960283629
0.9985543960283629
0.9985543960283629
0.9985543960283629
0.9985543960283629
0.9985543960283629
0.9985543960283629
0.9985543960283629
0.9985543960283629
0.9985543960283629
0.9985543960283629
0.9985543960283629
0.9985543960283629
0.9985543960283629
0.9985543960283629
0.9985543960283629
0.9985543960283629
0.9985543960283629
0.9985543960283629
0.9985543960283629
0.9985543960283629
0.9985543960283629
0.9985543960283629
0.9985543960283629
0.9985543960283629
0.9985543960283629
0.9985543960283629
0.9985543960283629
0.9985543960283629
0.9985543960283629
0.9985543960283629
0.9985543960283629
0.9985543960283629
0.9985543960283629
0.9985543960283629
0.9985543960283629
0.9985543960283629
0.9985543960283629
0.9985543960283629
0.9985543960283629
0.9985543960283629
0.9985543960283629
0.9985543960283629
0.9985543960283629
0.9985543960283629
0.9985543960283629
0.9985543960283629
0.9985543960283629
0.9985543960283629
0.9985543960283629
0.9985543960283629
0.9985543960283629
0.9985543960283629
0.9985543960283629
0.9985543960283629
0.9985543960283629
0.9985543960283629
0.9985543960283629
0.9985543960283629
0.9985543960283629
0.9985543960283629
0.9985543960283629
0.9985543960283629
0.9985543960283629
0.9985543960283629
0.9985543960283629
0.9985543960283629
0.9985543960283629
0.9985543960283629
0.9985543960283629
0.9985543960283629
0.9985543960283629
0.9985543960283629
0.9985543960283629
0.9985543960283629
0.9985543960283629
0.9985543960283629
0.9985543960283629
0.9985543960283629
0.9985543960283629
0.9985543960283629
0.9985543960283629
0.9985543960283629
0.9985543960283629
0.9985543960283629
0.9985543960283629
0.9985543960283629
0.9985543960283629
0.9985543960283629
0.9985543960283629
0.9985543960283629
0.9985543960283629
0.9985543960283629
0.9985543960283629
0.9985543960283629
0.9985543960283629
0.9985543960283629
0.9985543960283629
0.9985543960283629
0.9985543960283629
0.9985543960283629
0.9985543960283629
0.9985543960283629
0.9985543960283629
0.9985543960283629
0.9985543960283629
0.9985543960283629
0.9985543960283629
0.9985543960283629
0.9985543960283629
0.9985543960283629
0.9985543960283629
0.9985543960283629
0.9985543960283629
0.9985543960283629
0.9985543960283629
0.9985543960283629
0.9985543960283629
0.9985543960283629
0.9985543960283629
0.9985543960283629
0.9985543960283629
0.9985543960283629
0.9985543960283629
0.9985543960283629
0.9985543960283629
0.9985543960283629
0.9985543960283629
0.9985543960283629
0.9985543960283629
0.9985543960283629
0.9985543960283629
0.9985543960283629
0.9985543960283629
0.9985543960283629
0.9985543960283629
0.9985543960283629
0.9985543960283629
0.9985543960283629
0.9985543960283629
0.9985543960283629
0.9985543960283629
0.9985543960283629
0.9985543960283629
0.9985543960283629
0.9985543960283629
0.9985543960283629
0.9985543960283629
0.9985543960283629
0.9985543960283629
0.9985543960283629
0.9985543960283629
0.9985543960283629
0.9985543960283629
0.9985543960283629
0.9985543960283629
0.9985543960283629
0.9985543960283629
0.9985543960283629
0.9985543960283629
0.9985543960283629
0.9985543960283629
0.9985543960283629
0.9985543960283629
0.9985543960283629
0.9985543960283629
0.9985543960283629
0.9985543960283629
0.9985543960283629
0.9985543960283629
0.9985543960283629
0.9985543960283629
0.9985543960283629
0.9985543960283629
0.9985543960283629
0.9985543960283629
0.9985543960283629
0.9985543960283629
0.9985543960283629
0.9985543960283629
0.9985543960283629
0.9985543960283629
0.9985543960283629
0.9985543960283629
0.9985543960283629
0.9985543960283629
0.9985543960283629
0.9985543960283629
0.9985543960283629
0.9985543960283629
0.9985543960283629
0.9985543960283629
0.9985543960283629
0.9985543960283629
0.9985543960283629
0.9985543960283629
0.9985543960283629
0.9985543960283629
0.9985543960283629
0.9985543960283629
0.9985543960283629
0.9985543960283629
0.9990755007704161
0.9990755007704161
0.9990755007704161
0.9990755007704161
0.9990755007704161
0.9990755007704161
0.9990755007704161
0.9990755007704161
0.9990755007704161
0.9990755007704161
0.9990755007704161
0.9990755007704161
0.9990755007704161
0.9990755007704161
0.9990755007704161
0.9990755007704161
0.9990755007704161
0.9990755007704161
0.9990755007704161
0.9990755007704161
0.9990755007704161
0.9990755007704161
0.9990755007704161
0.9990755007704161
0.9990755007704161
0.9990755007704161
0.9990755007704161
0.9990755007704161
0.9990755007704161
0.9990755007704161
0.9990755007704161
0.9990755007704161
0.9990755007704161
0.9990755007704161
0.9990755007704161
0.9990755007704161
0.9990755007704161
0.9990755007704161
0.9990755007704161
0.9990755007704161
0.9990755007704161
0.9990755007704161
0.9990755007704161
0.9990755007704161
0.9990755007704161
0.9990755007704161
0.9990755007704161
0.9990755007704161
0.9990755007704161
0.9990755007704161
0.9990755007704161
0.9990755007704161
0.9990755007704161
0.9990755007704161
0.9990755007704161
0.9990755007704161
0.9990755007704161
0.9990755007704161
0.9990755007704161
0.9990755007704161
0.9990755007704161
0.9990755007704161
0.9990755007704161
0.9990755007704161
0.9990755007704161
0.9990755007704161
0.9990755007704161
0.9990755007704161
0.9990755007704161
0.9990755007704161
0.9990755007704161
0.9990755007704161
0.9990755007704161
0.9990755007704161
0.9990755007704161
0.9990755007704161
0.9990755007704161
0.9990755007704161
0.9990755007704161
0.9990755007704161
0.9990755007704161
0.9990755007704161
0.9990755007704161
0.9990755007704161
0.9990755007704161
0.9990755007704161
0.9990755007704161
0.9990755007704161
0.9990755007704161
0.9990755007704161
0.9990755007704161
0.9990755007704161
0.9990755007704161
0.9990755007704161
0.9990755007704161
0.9990755007704161
0.9990755007704161
0.9990755007704161
0.9990755007704161
0.9990755007704161
0.9990755007704161
0.9990755007704161
0.9990755007704161
0.9990755007704161
0.9990755007704161
0.9990755007704161
0.9990755007704161
0.9990755007704161
0.9990755007704161
0.9990755007704161
0.9990755007704161
0.9990755007704161
0.9990755007704161
0.9990755007704161
0.9990755007704161
0.9990755007704161
0.9990755007704161
0.9990755007704161
0.9990755007704161
0.9990755007704161
0.9990755007704161
0.9990755007704161
0.9990755007704161
0.9990755007704161
0.9990755007704161
0.9990755007704161
0.9990755007704161
0.9990755007704161
0.9990755007704161
0.9990755007704161
0.9990755007704161
0.9990755007704161
0.9990755007704161
0.9990755007704161
0.9990755007704161
0.9990755007704161
0.9990755007704161
0.9990755007704161
0.9990755007704161
0.9990755007704161
0.9990755007704161
0.9990755007704161
0.9990755007704161
0.9990755007704161
0.9990755007704161
0.9990755007704161
0.9990755007704161
0.9990755007704161
0.9990755007704161
0.9990755007704161
0.9990755007704161
0.9990755007704161
0.9990755007704161
0.9990755007704161
0.9990755007704161
0.9990755007704161
0.9990755007704161
0.9990755007704161
0.9990755007704161
0.9990755007704161
0.9990755007704161
0.9990755007704161
0.9990755007704161
0.9990755007704161
0.9990755007704161
0.9990755007704161
0.9990755007704161
0.9990755007704161
0.9990755007704161
0.9990755007704161
0.9990755007704161
0.9990755007704161
0.9990755007704161
0.9990755007704161
0.9990755007704161
0.9990755007704161
0.9990755007704161
0.9990755007704161
0.9990755007704161
0.9990755007704161
0.9990755007704161
0.9990755007704161
0.9990755007704161
0.9990755007704161
0.9990755007704161
0.9990755007704161
0.9990755007704161
0.9990755007704161
0.9990755007704161
0.9990755007704161
0.9990755007704161
0.9990755007704161
0.9990755007704161
0.9990755007704161
0.9990755007704161
0.9990755007704161
0.9990755007704161
0.9990755007704161
0.9990755007704161
0.9990755007704161
0.9990755007704161
0.9990755007704161
0.9990755007704161
0.9990755007704161
0.9990755007704161
0.9990755007704161
0.9990755007704161
0.9990755007704161
0.9990755007704161
0.9990755007704161
0.9990755007704161
0.9990755007704161
0.9990755007704161
0.9990755007704161
0.9990755007704161
0.9990755007704161
0.9990755007704161
0.9990755007704161
0.9990755007704161
0.9990755007704161
0.9990755007704161
0.9990755007704161
0.9990755007704161
0.9990755007704161
0.9990755007704161
0.9990755007704161
0.9990755007704161
0.9990755007704161
0.9990755007704161
0.9990755007704161
0.9990755007704161
0.9990755007704161
0.9990755007704161
0.9990755007704161
0.9990755007704161
0.9990755007704161
0.9990755007704161
0.9990755007704161
0.9990755007704161
0.9990755007704161
0.9990755007704161
0.9990755007704161
0.9990755007704161
0.9990755007704161
0.9990755007704161
0.9990755007704161
0.9990755007704161
0.9990755007704161
0.9990755007704161
0.9990755007704161
0.9990755007704161
0.9990755007704161
0.9990755007704161
1.0
1.0
