0.0
0.0
0.0
0.0
0.0
0.0
0.0
0.0
0.0
0.0
0.0
0.0
0.0
0.0
0.0
0.0
0.0025252525252525255
0.0025252525252525255
0.0046717171717171714
0.0046717171717171714
0.0046717171717171714
0.0046717171717171714
0.0046717171717171714
0.0046717171717171714
0.0046717171717171714
0.012840820795366251
0.012840820795366251
0.012840820795366251
0.012840820795366251
0.012840820795366251
0.012840820795366251
0.012840820795366251
0.012840820795366251
0.018146009433888218
0.018146009433888218
0.018146009433888218
0.018146009433888218
0.02245836374624253
0.029730216472640725
0.029730216472640725
0.029730216472640725
0.029730216472640725
0.029730216472640725
0.029730216472640725
0.029730216472640725
0.031180617923042175
0.031180617923042175
0.031180617923042175
0.031180617923042175
0.031180617923042175
0.0352024798994496
0.035833793030762735
0.035833793030762735
0.035833793030762735
0.035833793030762735
0.035833793030762735
0.03667554387251358
0.03720717598309306
0.03720717598309306
0.03720717598309306
0.03720717598309306
0.03720717598309306
0.03720717598309306
0.03720717598309306
0.04365768394875254
0.04365768394875254
0.04365768394875254
0.05224540655162666
0.05224540655162666
0.05224540655162666
0.05224540655162666
0.05224540655162666
0.05224540655162666
0.05224540655162666
0.05224540655162666
0.053928908235128345
0.053928908235128345
0.06016162052844668
0.06016162052844668
0.06016162052844668
0.06016162052844668
0.06016162052844668
0.06016162052844668
0.06016162052844668
0.06557560889698051
0.06557560889698051
0.06557560889698051
0.06557560889698051
0.06557560889698051
0.06557560889698051
0.07012106344243506
0.07168431500568662
0.07168431500568662
0.07168431500568662
0.07592586470178175
0.07592586470178175
0.07592586470178175
0.07592586470178175
0.07592586470178175
0.07592586470178175
0.07592586470178175
0.07771296648888355
0.07771296648888355
0.08227882711535023
0.08227882711535023
0.08227882711535023
0.08227882711535023
0.08227882711535023
0.08227882711535023
0.08227882711535023
0.08227882711535023
0.08227882711535023
0.08227882711535023
0.08539166545546131
0.08674447930827518
0.08674447930827518
0.09101248963689154
0.09101248963689154
0.0997345424378917
0.0997345424378917
0.0997345424378917
0.0997345424378917
0.0997345424378917
0.0997345424378917
0.0997345424378917
0.0997345424378917
0.0997345424378917
0.0997345424378917
0.0997345424378917
0.10258119073908548
0.10258119073908548
0.10258119073908548
0.10513923875167895
0.10513923875167895
0.10513923875167895
0.11373019885779058
0.11373019885779058
0.11373019885779058
0.11373019885779058
0.11373019885779058
0.11373019885779058
0.11373019885779058
0.11790699848913566
0.11790699848913566
0.11790699848913566
0.11790699848913566
0.11790699848913566
0.11790699848913566
0.11790699848913566
0.11790699848913566
0.11790699848913566
0.12120925179138893
0.12512701796992065
0.12512701796992065
0.12512701796992065
0.1311062239491266
0.1311062239491266
0.1311062239491266
0.1311062239491266
0.1311062239491266
0.1311062239491266
0.1311062239491266
0.1311062239491266
0.1311062239491266
0.1311062239491266
0.1311062239491266
0.1311062239491266
0.1311062239491266
0.13840453730804603
0.1458798341772823
0.15189923565122926
0.15189923565122926
0.15189923565122926
0.15189923565122926
0.15189923565122926
0.15189923565122926
0.15189923565122926
0.15189923565122926
0.15189923565122926
0.15189923565122926
0.15189923565122926
0.1555592120384784
0.1555592120384784
0.1555592120384784
0.1555592120384784
0.1555592120384784
0.15975131623058259
0.15975131623058259
0.15975131623058259
0.16101394249320886
0.16101394249320886
0.16101394249320886
0.16101394249320886
0.16101394249320886
0.16277396698050606
0.16277396698050606
0.16277396698050606
0.16277396698050606
0.16277396698050606
0.16277396698050606
0.16277396698050606
0.16277396698050606
0.16277396698050606
0.16770674464055643
0.16770674464055643
0.16770674464055643
0.16770674464055643
0.17212924826092105
0.17540745153912432
0.17540745153912432
0.17540745153912432
0.17540745153912432
0.17540745153912432
0.17540745153912432
0.17540745153912432
0.17540745153912432
0.17540745153912432
0.17540745153912432
0.17540745153912432
0.17540745153912432
0.1846981608298336
0.1846981608298336
0.1846981608298336
0.1846981608298336
0.1846981608298336
0.1846981608298336
0.1846981608298336
0.18648526261693535
0.18648526261693535
0.18711657574824847
0.18711657574824847
0.18711657574824847
0.18711657574824847
0.18880007743175017
0.18880007743175017
0.18880007743175017
0.18880007743175017
0.19272824802658745
0.19272824802658745
0.19272824802658745
0.19272824802658745
0.19272824802658745
0.19272824802658745
0.19272824802658745
0.19272824802658745
0.19272824802658745
0.1987808374125101
0.1987808374125101
0.1987808374125101
0.1987808374125101
0.1987808374125101
0.1987808374125101
0.1987808374125101
0.1987808374125101
0.20225094518883802
0.20225094518883802
0.20225094518883802
0.20225094518883802
0.20225094518883802
0.20877343504466117
0.20877343504466117
0.20877343504466117
0.20877343504466117
0.20877343504466117
0.20877343504466117
0.21425936325786213
0.21425936325786213
0.21425936325786213
0.21425936325786213
0.21425936325786213
0.21425936325786213
0.22271903341539323
0.22839892162647576
0.22839892162647576
0.22839892162647576
0.2292406724682266
0.2292406724682266
0.2292406724682266
0.2292406724682266
0.2292406724682266
0.2292406724682266
0.2292406724682266
0.2292406724682266
0.2292406724682266
0.2308594240869782
0.23629411285500035
0.23629411285500035
0.23629411285500035
0.23952720131536154
0.23952720131536154
0.23952720131536154
0.23952720131536154
0.23952720131536154
0.23952720131536154
0.23952720131536154
0.23952720131536154
0.23952720131536154
0.23952720131536154
0.24591059065329623
0.24591059065329623
0.24591059065329623
0.24591059065329623
0.24591059065329623
0.24933771908042465
0.24933771908042465
0.2540829738256794
0.2540829738256794
0.2540829738256794
0.2540829738256794
0.2540829738256794
0.2540829738256794
0.25722423492148594
0.25722423492148594
0.25722423492148594
0.25722423492148594
0.25722423492148594
0.25722423492148594
0.25722423492148594
0.25722423492148594
0.25722423492148594
0.25722423492148594
0.2587393864366374
0.2659498516966383
0.2659498516966383
0.26925210499889163
0.26925210499889163
0.26925210499889163
0.26925210499889163
0.26925210499889163
0.26925210499889163
0.26925210499889163
0.26925210499889163
0.26925210499889163
0.26925210499889163
0.26925210499889163
0.26925210499889163
0.26925210499889163
0.27499641680380954
0.27499641680380954
0.2793314336388264
0.2793314336388264
0.282541859576525
0.282541859576525
0.282541859576525
0.282541859576525
0.282541859576525
0.282541859576525
0.282541859576525
0.282541859576525
0.282541859576525
0.28794083770277584
0.28794083770277584
0.28794083770277584
0.28794083770277584
0.28794083770277584
0.28794083770277584
0.28885911134832226
0.28885911134832226
0.28885911134832226
0.28885911134832226
0.28885911134832226
0.28885911134832226
0.28885911134832226
0.29863916426563003
0.29863916426563003
0.29863916426563003
0.29863916426563003
0.29863916426563003
0.29863916426563003
0.29863916426563003
0.29863916426563003
0.29863916426563003
0.29863916426563003
0.30424220320200235
0.30424220320200235
0.30424220320200235
0.30778131280171805
0.30778131280171805
0.30778131280171805
0.3092172407082342
0.3092172407082342
0.3092172407082342
0.3092172407082342
0.3092172407082342
0.3092172407082342
0.3092172407082342
0.3092172407082342
0.3092172407082342
0.3092172407082342
0.31520956488237656
0.31885715186329683
0.31885715186329683
0.31885715186329683
0.31885715186329683
0.31885715186329683
0.31885715186329683
0.31885715186329683
0.31885715186329683
0.32054065354679856
0.32054065354679856
0.32054065354679856
0.32054065354679856
0.3252495809829987
0.3252495809829987
0.3252495809829987
0.3252495809829987
0.3252495809829987
0.3293227805107437
0.3293227805107437
0.3293227805107437
0.3293227805107437
0.3293227805107437
0.3293227805107437
0.3293227805107437
0.3293227805107437
0.33620345595202517
0.33620345595202517
0.33620345595202517
0.33620345595202517
0.33620345595202517
0.33620345595202517
0.33620345595202517
0.33620345595202517
0.33620345595202517
0.34338151919069443
0.34338151919069443
0.34338151919069443
0.34338151919069443
0.34692864546509333
0.34692864546509333
0.34692864546509333
0.34692864546509333
0.34692864546509333
0.34692864546509333
0.34692864546509333
0.34692864546509333
0.34829982330685944
0.34829982330685944
0.34829982330685944
0.34829982330685944
0.34829982330685944
0.3606713042389464
0.3606713042389464
0.3606713042389464
0.3606713042389464
0.3606713042389464
0.3606713042389464
0.3606713042389464
0.3606713042389464
0.3606713042389464
0.3606713042389464
0.3606713042389464
0.3606713042389464
0.3606713042389464
0.3643306639589121
0.3643306639589121
0.3643306639589121
0.3643306639589121
0.3702056531672347
0.37083696629854784
0.37083696629854784
0.37083696629854784
0.37083696629854784
0.37083696629854784
0.37083696629854784
0.37083696629854784
0.37083696629854784
0.378917774379356
0.378917774379356
0.378917774379356
0.378917774379356
0.378917774379356
0.378917774379356
0.378917774379356
0.378917774379356
0.3864365083686782
0.3864365083686782
0.3864365083686782
0.3864365083686782
0.3864365083686782
0.3905594477188903
0.3905594477188903
0.39119076085020343
0.39119076085020343
0.39119076085020343
0.39119076085020343
0.39119076085020343
0.39119076085020343
0.39119076085020343
0.39119076085020343
0.39119076085020343
0.39119076085020343
0.39508322080326946
0.4018079775280262
0.4018079775280262
0.4018079775280262
0.4018079775280262
0.4018079775280262
0.4018079775280262
0.4018079775280262
0.4018079775280262
0.4018079775280262
0.4018079775280262
0.4018079775280262
0.4018079775280262
0.40243929065933937
0.40511562666900874
0.40511562666900874
0.40511562666900874
0.41109483264821467
0.41109483264821467
0.41109483264821467
0.4119365834899656
0.4119365834899656
0.4119365834899656
0.4119365834899656
0.4119365834899656
0.4119365834899656
0.4119365834899656
0.41534243689581896
0.41534243689581896
0.41534243689581896
0.41534243689581896
0.41534243689581896
0.41534243689581896
0.41534243689581896
0.42106146534212013
0.42106146534212013
0.421903216183871
0.421903216183871
0.421903216183871
0.426921766656967
0.4395721914286038
0.4395721914286038
0.4395721914286038
0.4395721914286038
0.4395721914286038
0.4395721914286038
0.4395721914286038
0.4395721914286038
0.4395721914286038
0.4395721914286038
0.4395721914286038
0.4434289407398986
0.4434289407398986
0.448239674338511
0.448239674338511
0.448239674338511
0.448239674338511
0.448239674338511
0.44949767559651227
0.44949767559651227
0.44949767559651227
0.44949767559651227
0.44949767559651227
0.44949767559651227
0.44949767559651227
0.44949767559651227
0.4553726648048349
0.4553726648048349
0.4639114786021158
0.4639114786021158
0.4639114786021158
0.4639114786021158
0.4639114786021158
0.4639114786021158
0.4639114786021158
0.4639114786021158
0.4639114786021158
0.4653063799970172
0.4653063799970172
0.4722141327381032
0.4722141327381032
0.4722141327381032
0.47351884654281706
0.47351884654281706
0.47351884654281706
0.4759788533090439
0.4759788533090439
0.4765104854196234
0.4765104854196234
0.4765104854196234
0.4765104854196234
0.4765104854196234
0.47977928452175583
0.47977928452175583
0.47977928452175583
0.47977928452175583
0.48125234849481985
0.48125234849481985
0.48125234849481985
0.48125234849481985
0.48125234849481985
0.48125234849481985
0.48578552575526973
0.48578552575526973
0.48578552575526973
0.4942283403982437
0.4942283403982437
0.4942283403982437
0.4942283403982437
0.4942283403982437
0.4942283403982437
0.4942283403982437
0.4942283403982437
0.4942283403982437
0.4942283403982437
0.4961567150538912
0.4961567150538912
0.4961567150538912
0.4998431520736616
0.5057698432276255
0.5057698432276255
0.5057698432276255
0.5057698432276255
0.5057698432276255
0.5057698432276255
0.5057698432276255
0.5057698432276255
0.5057698432276255
0.506995333423704
0.506995333423704
0.506995333423704
0.5091277688894728
0.5091277688894728
0.5091277688894728
0.5113223335840374
0.5113223335840374
0.5174514457737557
0.5174514457737557
0.5174514457737557
0.5174514457737557
0.5174514457737557
0.5174514457737557
0.5174514457737557
0.5174514457737557
0.5174514457737557
0.5174514457737557
0.5174514457737557
0.5174514457737557
0.5174514457737557
0.5174514457737557
0.5174514457737557
0.5174514457737557
0.5174514457737557
0.5250296840338122
0.5250296840338122
0.5250296840338122
0.5250296840338122
0.5250296840338122
0.5250296840338122
0.5250296840338122
0.5250296840338122
0.5250296840338122
0.5250296840338122
0.5250296840338122
0.5250296840338122
0.5250296840338122
0.5250296840338122
0.5250296840338122
0.5250296840338122
0.5250296840338122
0.5291796207149431
0.5291796207149431
0.5300213715566939
0.5300213715566939
0.531494435529758
0.531494435529758
0.531494435529758
0.531494435529758
0.531494435529758
0.531494435529758
0.531494435529758
0.531494435529758
0.531494435529758
0.531494435529758
0.531494435529758
0.531494435529758
0.531494435529758
0.5338272878626104
0.5338272878626104
0.5338272878626104
0.5338272878626104
0.5350527780586888
0.5350527780586888
0.5350527780586888
0.5350527780586888
0.5350527780586888
0.5350527780586888
0.5350527780586888
0.5350527780586888
0.5350527780586888
0.5350527780586888
0.5350527780586888
0.5350527780586888
0.5350527780586888
0.5419398304002867
0.5419398304002867
0.5419398304002867
0.5419398304002867
0.5419398304002867
0.5419398304002867
0.5445416057293346
0.5445416057293346
0.5445416057293346
0.5445416057293346
0.5445416057293346
0.5445416057293346
0.5445416057293346
0.5445416057293346
0.5445416057293346
0.5445416057293346
0.5450226062103352
0.5483366322516339
0.5483366322516339
0.5483366322516339
0.5483366322516339
0.5483366322516339
0.5483366322516339
0.5483366322516339
0.5483366322516339
0.5491136330286347
0.5491136330286347
0.5491136330286347
0.5491136330286347
0.5491136330286347
0.5491136330286347
0.5491136330286347
0.5491136330286347
0.5491136330286347
0.5568921760344504
0.5568921760344504
0.5568921760344504
0.5568921760344504
0.5568921760344504
0.5576691768114511
0.5576691768114511
0.5576691768114511
0.5576691768114511
0.5576691768114511
0.5576691768114511
0.5576691768114511
0.5576691768114511
0.5576691768114511
0.5576691768114511
0.5576691768114511
0.5576691768114511
0.5630952322375066
0.5630952322375066
0.5630952322375066
0.5630952322375066
0.5630952322375066
0.5630952322375066
0.5630952322375066
0.5630952322375066
0.5630952322375066
0.5630952322375066
0.5630952322375066
0.5630952322375066
0.565490984633259
0.565490984633259
0.565490984633259
0.565490984633259
0.565490984633259
0.5704447850416048
0.5704447850416048
0.5704447850416048
0.5704447850416048
0.5704447850416048
0.5704447850416048
0.5704447850416048
0.5704447850416048
0.5704447850416048
0.5704447850416048
0.5704447850416048
0.5704447850416048
0.5704447850416048
0.5704447850416048
0.5712865358833555
0.5712865358833555
0.5712865358833555
0.5814625920322984
0.5814625920322984
0.5814625920322984
0.5814625920322984
0.5814625920322984
0.5814625920322984
0.5814625920322984
0.5814625920322984
0.5814625920322984
0.5814625920322984
0.5814625920322984
0.5814625920322984
0.5814625920322984
0.5814625920322984
0.5814625920322984
0.5814625920322984
0.5843305574002639
0.5885781616478681
0.5885781616478681
0.5885781616478681
0.5885781616478681
0.5885781616478681
0.5885781616478681
0.5885781616478681
0.5885781616478681
0.5885781616478681
0.5885781616478681
0.5885781616478681
0.5885781616478681
0.5885781616478681
0.5885781616478681
0.5885781616478681
0.5885781616478681
0.5885781616478681
0.5975950286192805
0.5990309565257966
0.5990309565257966
0.5990309565257966
0.5990309565257966
0.5990309565257966
0.5990309565257966
0.5990309565257966
0.5990309565257966
0.5990309565257966
0.5990309565257966
0.5990309565257966
0.600339589413377
0.600339589413377
0.600339589413377
0.600339589413377
0.600339589413377
0.6054946756290693
0.6054946756290693
0.6054946756290693
0.607178177312571
0.607178177312571
0.607178177312571
0.607178177312571
0.607178177312571
0.607178177312571
0.607178177312571
0.607178177312571
0.607178177312571
0.607178177312571
0.607178177312571
0.607178177312571
0.607178177312571
0.607178177312571
0.6165104275539118
0.617141740685225
0.617141740685225
0.617141740685225
0.617141740685225
0.6187604923039766
0.6187604923039766
0.6187604923039766
0.6187604923039766
0.6187604923039766
0.6187604923039766
0.6187604923039766
0.6187604923039766
0.6187604923039766
0.6187604923039766
0.6187604923039766
0.6187604923039766
0.6239904615490972
0.6239904615490972
0.6239904615490972
0.6239904615490972
0.6239904615490972
0.6239904615490972
0.6239904615490972
0.6246638622224979
0.6246638622224979
0.6246638622224979
0.6246638622224979
0.6246638622224979
0.6246638622224979
0.6246638622224979
0.6246638622224979
0.6246638622224979
0.6246638622224979
0.6270596146182503
0.6270596146182503
0.6270596146182503
0.6270596146182503
0.6270596146182503
0.6270596146182503
0.6270596146182503
0.6270596146182503
0.6270596146182503
0.6285326785913143
0.6285326785913143
0.6285326785913143
0.6285326785913143
0.6290643107018937
0.6290643107018937
0.6290643107018937
0.6290643107018937
0.6349122226104116
0.6349122226104116
0.6349122226104116
0.6349122226104116
0.6349122226104116
0.6349122226104116
0.6349122226104116
0.6349122226104116
0.6349122226104116
0.6349122226104116
0.6349122226104116
0.6364273741255632
0.6364273741255632
0.6364273741255632
0.6364273741255632
0.6364273741255632
0.6364273741255632
0.6436842166096783
0.6436842166096783
0.6436842166096783
0.6436842166096783
0.6436842166096783
0.6436842166096783
0.6436842166096783
0.6436842166096783
0.6436842166096783
0.6436842166096783
0.6436842166096783
0.6436842166096783
0.6436842166096783
0.6444612173866792
0.6444612173866792
0.6444612173866792
0.6444612173866792
0.6508025191825263
0.6508025191825263
0.6508025191825263
0.6508025191825263
0.6508025191825263
0.6508025191825263
0.6508025191825263
0.6508025191825263
0.6530391714191787
0.6530391714191787
0.6530391714191787
0.6530391714191787
0.6530391714191787
0.6530391714191787
0.6530391714191787
0.6553539862339933
0.6553539862339933
0.6569954003754076
0.6569954003754076
0.6569954003754076
0.6569954003754076
0.6569954003754076
0.6569954003754076
0.6569954003754076
0.6569954003754076
0.6569954003754076
0.6569954003754076
0.6569954003754076
0.6569954003754076
0.6569954003754076
0.6569954003754076
0.6575895774401729
0.6575895774401729
0.6575895774401729
0.661613331463927
0.661613331463927
0.661613331463927
0.661613331463927
0.661613331463927
0.661613331463927
0.661613331463927
0.661613331463927
0.661613331463927
0.661613331463927
0.661613331463927
0.661613331463927
0.661613331463927
0.661613331463927
0.661613331463927
0.661613331463927
0.661613331463927
0.6636539395651412
0.6636539395651412
0.6684757171141915
0.668956717595192
0.668956717595192
0.668956717595192
0.668956717595192
0.668956717595192
0.668956717595192
0.668956717595192
0.668956717595192
0.668956717595192
0.668956717595192
0.668956717595192
0.668956717595192
0.668956717595192
0.668956717595192
0.6746683460340931
0.6746683460340931
0.6746683460340931
0.6746683460340931
0.6810712024369495
0.6810712024369495
0.6810712024369495
0.6810712024369495
0.6810712024369495
0.6810712024369495
0.6810712024369495
0.6810712024369495
0.6810712024369495
0.6810712024369495
0.6810712024369495
0.6810712024369495
0.6810712024369495
0.6836353050010522
0.6836353050010522
0.6836353050010522
0.6836353050010522
0.6836353050010522
0.6836353050010522
0.6861452529655456
0.6861452529655456
0.6861452529655456
0.6861452529655456
0.6861452529655456
0.6861452529655456
0.6861452529655456
0.6861452529655456
0.6861452529655456
0.6861452529655456
0.6861452529655456
0.6917406396215383
0.6917406396215383
0.6917406396215383
0.6917406396215383
0.6917406396215383
0.6917406396215383
0.6917406396215383
0.6917406396215383
0.6917406396215383
0.6917406396215383
0.6917406396215383
0.6917406396215383
0.6917406396215383
0.6917406396215383
0.6917406396215383
0.6917406396215383
0.6917406396215383
0.697958958339857
0.697958958339857
0.697958958339857
0.697958958339857
0.6987359591168578
0.6987359591168578
0.6987359591168578
0.6987359591168578
0.6987359591168578
0.6987359591168578
0.7001442730251718
0.7001442730251718
0.7001442730251718
0.7001442730251718
0.7001442730251718
0.7001442730251718
0.7001442730251718
0.7121697615658118
0.7121697615658118
0.7121697615658118
0.7121697615658118
0.7121697615658118
0.7121697615658118
0.7121697615658118
0.7121697615658118
0.712801074697125
0.712801074697125
0.712801074697125
0.712801074697125
0.7134744753705256
0.7134744753705256
0.7134744753705256
0.7134744753705256
0.7134744753705256
0.7195025101864391
0.7195025101864391
0.7195025101864391
0.7195025101864391
0.7195025101864391
0.7195025101864391
0.7195025101864391
0.7195025101864391
0.7195025101864391
0.7195025101864391
0.7195025101864391
0.7195025101864391
0.7195025101864391
0.7195025101864391
0.7216744123583414
0.7216744123583414
0.7216744123583414
0.7233158264997556
0.7233158264997556
0.7233158264997556
0.7233158264997556
0.7233158264997556
0.7233158264997556
0.7233158264997556
0.7233158264997556
0.7233158264997556
0.7233158264997556
0.7233158264997556
0.7233158264997556
0.7233158264997556
0.7233158264997556
0.7233158264997556
0.7233158264997556
0.7271922531034548
0.7324391666837017
0.7324391666837017
0.7324391666837017
0.7324391666837017
0.7324391666837017
0.7324391666837017
0.7324391666837017
0.7324391666837017
0.7324391666837017
0.7324391666837017
0.7324391666837017
0.7324391666837017
0.7324391666837017
0.7324391666837017
0.7324391666837017
0.7324391666837017
0.7324391666837017
0.7385662747047493
0.7415544901929648
0.7415544901929648
0.7415544901929648
0.7415544901929648
0.7415544901929648
0.7415544901929648
0.7415544901929648
0.7415544901929648
0.7415544901929648
0.7415544901929648
0.7415544901929648
0.7415544901929648
0.7415544901929648
0.7415544901929648
0.7415544901929648
0.7415544901929648
0.7429974916359662
0.7429974916359662
0.7429974916359662
0.7457676171333644
0.7457676171333644
0.7457676171333644
0.7457676171333644
0.7457676171333644
0.7457676171333644
0.7457676171333644
0.7457676171333644
0.7457676171333644
0.7457676171333644
0.7457676171333644
0.7457676171333644
0.7457676171333644
0.7457676171333644
0.7526836616889624
0.7526836616889624
0.7526836616889624
0.7526836616889624
0.7526836616889624
0.754198813204114
0.754198813204114
0.754198813204114
0.754198813204114
0.754198813204114
0.754198813204114
0.754198813204114
0.754198813204114
0.754198813204114
0.754198813204114
0.754198813204114
0.754198813204114
0.7601311524697865
0.7601311524697865
0.7601311524697865
0.7601311524697865
0.7601311524697865
0.7601311524697865
0.7601311524697865
0.7601311524697865
0.7601311524697865
0.7601311524697865
0.7601311524697865
0.7601311524697865
0.7601311524697865
0.7601311524697865
0.7601311524697865
0.7601311524697865
0.7601311524697865
0.7646204902924576
0.7646204902924576
0.7646204902924576
0.7646204902924576
0.7646204902924576
0.7646204902924576
0.7646204902924576
0.7646204902924576
0.7646204902924576
0.7663039919759592
0.7663039919759592
0.7663039919759592
0.7663039919759592
0.7663039919759592
0.7663039919759592
0.7663039919759592
0.7663039919759592
0.7689328446048119
0.7689328446048119
0.7689328446048119
0.7689328446048119
0.7689328446048119
0.7689328446048119
0.7689328446048119
0.7689328446048119
0.7689328446048119
0.7689328446048119
0.7689328446048119
0.7696062452782125
0.7696062452782125
0.7696062452782125
0.7696062452782125
0.7696062452782125
0.7696062452782125
0.773775443526358
0.773775443526358
0.773775443526358
0.773775443526358
0.773775443526358
0.773775443526358
0.773775443526358
0.773775443526358
0.773775443526358
0.773775443526358
0.773775443526358
0.773775443526358
0.773775443526358
0.773775443526358
0.773775443526358
0.773775443526358
0.773775443526358
0.783131127124466
0.783131127124466
0.783131127124466
0.783131127124466
0.783131127124466
0.783131127124466
0.783131127124466
0.783131127124466
0.783131127124466
0.783131127124466
0.783131127124466
0.783131127124466
0.783131127124466
0.783131127124466
0.783131127124466
0.7838045277978666
0.7838045277978666
0.7847228014434129
0.7847228014434129
0.7847228014434129
0.7847228014434129
0.7847228014434129
0.7847228014434129
0.7847228014434129
0.7847228014434129
0.7847228014434129
0.7847228014434129
0.7847228014434129
0.7847228014434129
0.7847228014434129
0.7847228014434129
0.7847228014434129
0.7847228014434129
0.7847228014434129
0.7921496338702453
0.7921496338702453
0.7921496338702453
0.7921496338702453
0.7921496338702453
0.7921496338702453
0.7921496338702453
0.7921496338702453
0.7921496338702453
0.7921496338702453
0.7921496338702453
0.7921496338702453
0.7921496338702453
0.7921496338702453
0.7921496338702453
0.7921496338702453
0.7921496338702453
0.7953595641136684
0.7953595641136684
0.7987383402197172
0.7987383402197172
0.7987383402197172
0.7987383402197172
0.7987383402197172
0.7987383402197172
0.7987383402197172
0.7987383402197172
0.7987383402197172
0.7987383402197172
0.7987383402197172
0.7987383402197172
0.7987383402197172
0.7987383402197172
0.7987383402197172
0.8017890493310323
0.8017890493310323
0.8017890493310323
0.8017890493310323
0.8027991503411334
0.8027991503411334
0.8027991503411334
0.8027991503411334
0.8027991503411334
0.8027991503411334
0.8027991503411334
0.8027991503411334
0.8027991503411334
0.8027991503411334
0.8027991503411334
0.8027991503411334
0.8027991503411334
0.8077354177774009
0.8077354177774009
0.8077354177774009
0.8077354177774009
0.8077354177774009
0.8077354177774009
0.8086536914229471
0.8086536914229471
0.8086536914229471
0.8086536914229471
0.8086536914229471
0.8086536914229471
0.8086536914229471
0.8086536914229471
0.8086536914229471
0.8086536914229471
0.8086536914229471
0.8204317562313149
0.8204317562313149
0.8204317562313149
0.8204317562313149
0.8204317562313149
0.8204317562313149
0.8204317562313149
0.8204317562313149
0.8212087570083157
0.8212087570083157
0.8212087570083157
0.8212087570083157
0.8212087570083157
0.8212087570083157
0.8212087570083157
0.8212087570083157
0.8212087570083157
0.8237821095816683
0.8237821095816683
0.8237821095816683
0.8237821095816683
0.8237821095816683
0.8237821095816683
0.8237821095816683
0.8237821095816683
0.8237821095816683
0.8237821095816683
0.824503610303169
0.824503610303169
0.824503610303169
0.824503610303169
0.824503610303169
0.824503610303169
0.824503610303169
0.8302392887661202
0.8302392887661202
0.8302392887661202
0.8302392887661202
0.8302392887661202
0.8302392887661202
0.8302392887661202
0.8302392887661202
0.8302392887661202
0.8302392887661202
0.8302392887661202
0.8302392887661202
0.8302392887661202
0.8302392887661202
0.8302392887661202
0.8302392887661202
0.8302392887661202
0.8336407273948315
0.8336407273948315
0.8336407273948315
0.8336407273948315
0.8336407273948315
0.8336407273948315
0.8336407273948315
0.8336407273948315
0.8336407273948315
0.8336407273948315
0.8336407273948315
0.8336407273948315
0.8336407273948315
0.8336407273948315
0.8358292795833838
0.8358292795833838
0.8358292795833838
0.8417450809537306
0.8417450809537306
0.8417450809537306
0.8417450809537306
0.8417450809537306
0.8417450809537306
0.8417450809537306
0.8417450809537306
0.8417450809537306
0.8417450809537306
0.8417450809537306
0.8417450809537306
0.8417450809537306
0.8417450809537306
0.8417450809537306
0.8417450809537306
0.8432602324688822
0.8483672928344097
0.8483672928344097
0.8483672928344097
0.8483672928344097
0.8483672928344097
0.8483672928344097
0.8483672928344097
0.8483672928344097
0.8483672928344097
0.8483672928344097
0.8483672928344097
0.8483672928344097
0.8483672928344097
0.8483672928344097
0.8483672928344097
0.8483672928344097
0.8483672928344097
0.8518853796858297
0.8540739318743821
0.8540739318743821
0.8540739318743821
0.8540739318743821
0.8540739318743821
0.8540739318743821
0.8540739318743821
0.8540739318743821
0.8540739318743821
0.8540739318743821
0.8540739318743821
0.8540739318743821
0.8540739318743821
0.8540739318743821
0.8540739318743821
0.8540739318743821
0.8548509326513827
0.8548509326513827
0.8548509326513827
0.8566109571386799
0.8566109571386799
0.8566109571386799
0.8566109571386799
0.8566109571386799
0.8566109571386799
0.8566109571386799
0.8566109571386799
0.8566109571386799
0.8566109571386799
0.8566109571386799
0.8566109571386799
0.8566109571386799
0.8566109571386799
0.857242270269993
0.857242270269993
0.857242270269993
0.857242270269993
0.857242270269993
0.858650584178307
0.858650584178307
0.858650584178307
0.858650584178307
0.858650584178307
0.858650584178307
0.858650584178307
0.858650584178307
0.858650584178307
0.858650584178307
0.858650584178307
0.858650584178307
0.8681300497183785
0.8681300497183785
0.8681300497183785
0.8681300497183785
0.8681300497183785
0.8681300497183785
0.8681300497183785
0.8697698240854256
0.8697698240854256
0.8697698240854256
0.8697698240854256
0.8697698240854256
0.8697698240854256
0.8697698240854256
0.8697698240854256
0.8697698240854256
0.8697698240854256
0.8705468248624264
0.8705468248624264
0.8705468248624264
0.8705468248624264
0.8705468248624264
0.8705468248624264
0.8705468248624264
0.8705468248624264
0.8705468248624264
0.8714650985079727
0.8714650985079727
0.8714650985079727
0.8714650985079727
0.8714650985079727
0.8714650985079727
0.8714650985079727
0.8714650985079727
0.8722420992849735
0.8722420992849735
0.8722420992849735
0.8722420992849735
0.8722420992849735
0.8722420992849735
0.8722420992849735
0.8722420992849735
0.8722420992849735
0.8722420992849735
0.8722420992849735
0.8730838501267244
0.8730838501267244
0.8730838501267244
0.8730838501267244
0.8730838501267244
0.8730838501267244
0.8787006239253162
0.8787006239253162
0.8787006239253162
0.8787006239253162
0.8787006239253162
0.8787006239253162
0.8787006239253162
0.8787006239253162
0.8787006239253162
0.8787006239253162
0.8787006239253162
0.8787006239253162
0.8787006239253162
0.8810919615439268
0.8810919615439268
0.8810919615439268
0.8810919615439268
0.8819337123856775
0.8819337123856775
0.8819337123856775
0.8819337123856775
0.8819337123856775
0.8819337123856775
0.8819337123856775
0.8819337123856775
0.8819337123856775
0.8819337123856775
0.8819337123856775
0.8819337123856775
0.8819337123856775
0.8819337123856775
0.8819337123856775
0.8827754632274283
0.8827754632274283
0.8827754632274283
0.8827754632274283
0.8827754632274283
0.8827754632274283
0.8827754632274283
0.8827754632274283
0.8827754632274283
0.8827754632274283
0.8827754632274283
0.8827754632274283
0.8827754632274283
0.8827754632274283
0.8827754632274283
0.8827754632274283
0.8827754632274283
0.8827754632274283
0.8827754632274283
0.8869625359751072
0.8869625359751072
0.8869625359751072
0.8869625359751072
0.8869625359751072
0.8869625359751072
0.8869625359751072
0.8869625359751072
0.8869625359751072
0.8869625359751072
0.8869625359751072
0.8869625359751072
0.8869625359751072
0.8869625359751072
0.8869625359751072
0.8869625359751072
0.8869625359751072
0.8898719722178767
0.8898719722178767
0.8928301251760297
0.8928301251760297
0.8928301251760297
0.8928301251760297
0.8928301251760297
0.8928301251760297
0.8928301251760297
0.8928301251760297
0.8928301251760297
0.8928301251760297
0.8928301251760297
0.8928301251760297
0.8928301251760297
0.8928301251760297
0.8928301251760297
0.8943933767392812
0.8943933767392812
0.8943933767392812
0.8943933767392812
0.8964931288390333
0.8964931288390333
0.8964931288390333
0.8964931288390333
0.8964931288390333
0.8964931288390333
0.8964931288390333
0.8964931288390333
0.8964931288390333
0.8964931288390333
0.8964931288390333
0.8964931288390333
0.8964931288390333
0.8983449806908852
0.8983449806908852
0.8983449806908852
0.8983449806908852
0.8983449806908852
0.8983449806908852
0.8992632543364316
0.8992632543364316
0.8992632543364316
0.8992632543364316
0.8992632543364316
0.8992632543364316
0.8992632543364316
0.8992632543364316
0.8992632543364316
0.8992632543364316
0.8997948864470111
0.9030416396937643
0.9030416396937643
0.9030416396937643
0.9030416396937643
0.9030416396937643
0.9030416396937643
0.9030416396937643
0.9030416396937643
0.9030416396937643
0.9030416396937643
0.9030416396937643
0.9030416396937643
0.9030416396937643
0.9030416396937643
0.9030416396937643
0.9030416396937643
0.9030416396937643
0.9044365410886657
0.9044365410886657
0.9044365410886657
0.9044365410886657
0.9044365410886657
0.9044365410886657
0.9044365410886657
0.9044365410886657
0.9044365410886657
0.9044365410886657
0.9044365410886657
0.9044365410886657
0.9044365410886657
0.9044365410886657
0.9044365410886657
0.9044365410886657
0.9044365410886657
0.9067142198369327
0.9067142198369327
0.9067142198369327
0.9067142198369327
0.9067142198369327
0.9067142198369327
0.9067142198369327
0.9067142198369327
0.9067142198369327
0.9067142198369327
0.9067142198369327
0.9067142198369327
0.9067142198369327
0.9067142198369327
0.9067142198369327
0.9067142198369327
0.9067142198369327
0.9111235030340945
0.9111235030340945
0.9111235030340945
0.9111235030340945
0.9111235030340945
0.9111235030340945
0.9111235030340945
0.9111235030340945
0.9111235030340945
0.9111235030340945
0.9111235030340945
0.9111235030340945
0.9111235030340945
0.9111235030340945
0.912665236154775
0.912665236154775
0.912665236154775
0.9138702689387552
0.9138702689387552
0.9138702689387552
0.9138702689387552
0.9138702689387552
0.9138702689387552
0.9138702689387552
0.9138702689387552
0.9138702689387552
0.9138702689387552
0.9138702689387552
0.9138702689387552
0.9138702689387552
0.9138702689387552
0.9138702689387552
0.9138702689387552
0.9145436696121559
0.9167155717840582
0.9167155717840582
0.9167155717840582
0.9167155717840582
0.9167155717840582
0.9167155717840582
0.9167155717840582
0.9167155717840582
0.9167155717840582
0.9167155717840582
0.9167155717840582
0.9167155717840582
0.9167155717840582
0.9167155717840582
0.9167155717840582
0.9167155717840582
0.9167155717840582
0.9244913626539479
0.9261748643374498
0.9261748643374498
0.9261748643374498
0.9261748643374498
0.9261748643374498
0.9261748643374498
0.9261748643374498
0.9261748643374498
0.9261748643374498
0.9261748643374498
0.9261748643374498
0.9261748643374498
0.9261748643374498
0.9261748643374498
0.9261748643374498
0.9261748643374498
0.9261748643374498
0.9261748643374498
0.9261748643374498
0.9287329123500433
0.9287329123500433
0.9287329123500433
0.9287329123500433
0.9287329123500433
0.9287329123500433
0.9287329123500433
0.9287329123500433
0.9287329123500433
0.9287329123500433
0.9287329123500433
0.9287329123500433
0.9287329123500433
0.9287329123500433
0.933356066973198
0.933356066973198
0.933356066973198
0.933356066973198
0.933356066973198
0.9349748185919496
0.9349748185919496
0.9349748185919496
0.9349748185919496
0.9349748185919496
0.9349748185919496
0.9349748185919496
0.9349748185919496
0.9349748185919496
0.9349748185919496
0.9349748185919496
0.9349748185919496
0.9406653822370586
0.9406653822370586
0.9406653822370586
0.9406653822370586
0.9406653822370586
0.9406653822370586
0.9406653822370586
0.9406653822370586
0.9406653822370586
0.9406653822370586
0.9406653822370586
0.9406653822370586
0.9406653822370586
0.9406653822370586
0.9406653822370586
0.9406653822370586
0.9406653822370586
0.9406653822370586
0.9406653822370586
0.9406653822370586
0.9406653822370586
0.9406653822370586
0.9406653822370586
0.9406653822370586
0.9406653822370586
0.9406653822370586
0.9439602355319117
0.9439602355319117
0.9439602355319117
0.9439602355319117
0.9439602355319117
0.9439602355319117
0.9439602355319117
0.9439602355319117
0.9439602355319117
0.9439602355319117
0.9439602355319117
0.9439602355319117
0.9439602355319117
0.9439602355319117
0.9439602355319117
0.9439602355319117
0.9439602355319117
0.9439602355319117
0.9439602355319117
0.9458886101875593
0.9458886101875593
0.9458886101875593
0.9458886101875593
0.9458886101875593
0.9458886101875593
0.9548149251744804
0.9548149251744804
0.9548149251744804
0.9548149251744804
0.9548149251744804
0.9548149251744804
0.9548149251744804
0.9548149251744804
0.9548149251744804
0.9548149251744804
0.9548149251744804
0.9548149251744804
0.9548149251744804
0.9578696046997481
0.9578696046997481
0.9578696046997481
0.9578696046997481
0.9612847081148513
0.9612847081148513
0.9612847081148513
0.9612847081148513
0.9612847081148513
0.9612847081148513
0.9612847081148513
0.9612847081148513
0.9612847081148513
0.9612847081148513
0.9612847081148513
0.9612847081148513
0.9612847081148513
0.9612847081148513
0.9612847081148513
0.9634492102793535
0.9634492102793535
0.9634492102793535
0.9634492102793535
0.9634492102793535
0.9634492102793535
0.9634492102793535
0.9634492102793535
0.9634492102793535
0.9634492102793535
0.9634492102793535
0.9634492102793535
0.9634492102793535
0.9634492102793535
0.9634492102793535
0.9634492102793535
0.9634492102793535
0.9634492102793535
0.9634492102793535
0.9673827767129201
0.9673827767129201
0.9673827767129201
0.9673827767129201
0.9673827767129201
0.9673827767129201
0.9673827767129201
0.9673827767129201
0.9673827767129201
0.9673827767129201
0.9673827767129201
0.9673827767129201
0.9673827767129201
0.9673827767129201
0.9673827767129201
0.9673827767129201
0.9673827767129201
0.9701529022103182
0.9701529022103182
0.97183640389382
0.97183640389382
0.97183640389382
0.97183640389382
0.97183640389382
0.97183640389382
0.97183640389382
0.97183640389382
0.97183640389382
0.97183640389382
0.97183640389382
0.97183640389382
0.97183640389382
0.97183640389382
0.97183640389382
0.97183640389382
0.97183640389382
0.97183640389382
0.97183640389382
0.9731832052406214
0.9731832052406214
0.9731832052406214
0.9731832052406214
0.9731832052406214
0.9731832052406214
0.9731832052406214
0.9731832052406214
0.9731832052406214
0.9731832052406214
0.9731832052406214
0.9731832052406214
0.9731832052406214
0.9731832052406214
0.9731832052406214
0.9731832052406214
0.9731832052406214
0.9731832052406214
0.9731832052406214
0.9741933062507223
0.9741933062507223
0.9741933062507223
0.9741933062507223
0.9741933062507223
0.9741933062507223
0.9741933062507223
0.9741933062507223
0.9741933062507223
0.9741933062507223
0.9741933062507223
0.9771977092551254
0.9771977092551254
0.9771977092551254
0.9771977092551254
0.9771977092551254
0.9771977092551254
0.9771977092551254
0.9771977092551254
0.9780394600968761
0.9780394600968761
0.9780394600968761
0.9780394600968761
0.9780394600968761
0.9780394600968761
0.9780394600968761
0.9780394600968761
0.9780394600968761
0.9780394600968761
0.9780394600968761
0.9780394600968761
0.9780394600968761
0.9780394600968761
0.9780394600968761
0.9780394600968761
0.9780394600968761
0.9780394600968761
0.9780394600968761
0.981482986267675
0.981482986267675
0.981482986267675
0.981482986267675
0.981482986267675
0.981482986267675
0.981482986267675
0.981482986267675
0.981482986267675
0.981482986267675
0.981482986267675
0.981482986267675
0.981482986267675
0.981482986267675
0.981482986267675
0.981482986267675
0.981482986267675
0.981482986267675
0.981482986267675
0.9845748018594908
0.9845748018594908
0.9845748018594908
0.9845748018594908
0.9845748018594908
0.9845748018594908
0.9845748018594908
0.9845748018594908
0.9845748018594908
0.9845748018594908
0.9845748018594908
0.9845748018594908
0.9845748018594908
0.9845748018594908
0.9845748018594908
0.9845748018594908
0.9845748018594908
0.9845748018594908
0.9845748018594908
0.9879265006657352
0.9879265006657352
0.9879265006657352
0.9879265006657352
0.9879265006657352
0.9879265006657352
0.9879265006657352
0.9879265006657352
0.9879265006657352
0.9879265006657352
0.9879265006657352
0.9879265006657352
0.9879265006657352
0.9879265006657352
0.9879265006657352
0.9879265006657352
0.9879265006657352
0.9879265006657352
0.9879265006657352
0.9879265006657352
0.9879265006657352
0.9879265006657352
0.9879265006657352
0.9879265006657352
0.9879265006657352
0.9879265006657352
0.9879265006657352
0.9879265006657352
0.9879265006657352
0.9879265006657352
0.9879265006657352
0.9879265006657352
0.9879265006657352
0.9879265006657352
0.9879265006657352
0.9879265006657352
0.9879265006657352
0.9879265006657352
0.9888447743112815
0.9888447743112815
0.9888447743112815
0.9888447743112815
0.9888447743112815
0.9888447743112815
0.9888447743112815
0.9888447743112815
0.9888447743112815
0.9888447743112815
0.9888447743112815
0.9888447743112815
0.9888447743112815
0.9888447743112815
0.9888447743112815
0.9888447743112815
0.9888447743112815
0.9888447743112815
0.9888447743112815
0.9888447743112815
0.9888447743112815
0.9888447743112815
0.9888447743112815
0.9888447743112815
0.9888447743112815
0.9888447743112815
0.9888447743112815
0.9888447743112815
0.9888447743112815
0.9888447743112815
0.9888447743112815
0.9888447743112815
0.9888447743112815
0.9888447743112815
0.9888447743112815
0.9888447743112815
0.9888447743112815
0.9888447743112815
0.990295175761683
0.990295175761683
0.990295175761683
0.990295175761683
0.990295175761683
0.990295175761683
0.990295175761683
0.990295175761683
0.990295175761683
0.990295175761683
0.990295175761683
0.990295175761683
0.990295175761683
0.990295175761683
0.990295175761683
0.990295175761683
0.990295175761683
0.990295175761683
0.990295175761683
0.990295175761683
0.990295175761683
0.990295175761683
0.990295175761683
0.990295175761683
0.990295175761683
0.990295175761683
0.990295175761683
0.990295175761683
0.990295175761683
0.990295175761683
0.990295175761683
0.990295175761683
0.990295175761683
0.990295175761683
0.990295175761683
0.990295175761683
0.990295175761683
0.990295175761683
0.9909685764350836
0.9909685764350836
0.9909685764350836
0.9909685764350836
0.9909685764350836
0.9909685764350836
0.9909685764350836
0.9909685764350836
0.9909685764350836
0.9909685764350836
0.9909685764350836
0.9909685764350836
0.9909685764350836
0.9909685764350836
0.9909685764350836
0.9909685764350836
0.9909685764350836
0.9909685764350836
0.9909685764350836
0.9909685764350836
0.9909685764350836
0.9909685764350836
0.9909685764350836
0.9909685764350836
0.9909685764350836
0.9909685764350836
0.9909685764350836
0.9909685764350836
0.9909685764350836
0.9909685764350836
0.9909685764350836
0.9909685764350836
0.9909685764350836
0.9909685764350836
0.9909685764350836
0.9909685764350836
0.9909685764350836
0.9909685764350836
0.9915998895663968
0.9915998895663968
0.9915998895663968
0.9915998895663968
0.9915998895663968
0.9915998895663968
0.9915998895663968
0.9915998895663968
0.9915998895663968
0.9915998895663968
0.9915998895663968
0.9915998895663968
0.9915998895663968
0.9915998895663968
0.9915998895663968
0.9915998895663968
0.9915998895663968
0.9915998895663968
0.9915998895663968
0.9915998895663968
0.9915998895663968
0.9915998895663968
0.9915998895663968
0.9915998895663968
0.9915998895663968
0.9915998895663968
0.9915998895663968
0.9915998895663968
0.9915998895663968
0.9915998895663968
0.9915998895663968
0.9915998895663968
0.9915998895663968
0.9915998895663968
0.9915998895663968
0.9915998895663968
0.9915998895663968
0.9915998895663968
0.9915998895663968
0.9915998895663968
0.9915998895663968
0.9915998895663968
0.9915998895663968
0.9915998895663968
0.9915998895663968
0.9915998895663968
0.9915998895663968
0.9915998895663968
0.9915998895663968
0.9915998895663968
0.9915998895663968
0.9915998895663968
0.9915998895663968
0.9915998895663968
0.9915998895663968
0.9915998895663968
0.9915998895663968
0.9915998895663968
0.9915998895663968
0.9915998895663968
0.9915998895663968
0.9915998895663968
0.9915998895663968
0.9915998895663968
0.9915998895663968
0.9915998895663968
0.9915998895663968
0.9915998895663968
0.9915998895663968
0.9915998895663968
0.9915998895663968
0.9915998895663968
0.9915998895663968
0.9915998895663968
0.9915998895663968
0.9915998895663968
0.9915998895663968
0.9915998895663968
0.9915998895663968
0.9915998895663968
0.9915998895663968
0.9915998895663968
0.9915998895663968
0.9915998895663968
0.9915998895663968
0.9915998895663968
0.9915998895663968
0.9915998895663968
0.9915998895663968
0.9915998895663968
0.9915998895663968
0.9915998895663968
0.9915998895663968
0.9915998895663968
0.9915998895663968
0.9930729535394607
0.9930729535394607
0.9930729535394607
0.9930729535394607
0.9930729535394607
0.9930729535394607
0.9930729535394607
0.9930729535394607
0.9930729535394607
0.9930729535394607
0.9930729535394607
0.9930729535394607
0.9930729535394607
0.9930729535394607
0.9930729535394607
0.9930729535394607
0.9930729535394607
0.9930729535394607
0.9930729535394607
0.9936045856500402
0.9936045856500402
0.9936045856500402
0.9936045856500402
0.9936045856500402
0.9936045856500402
0.9936045856500402
0.9936045856500402
0.9936045856500402
0.9936045856500402
0.9936045856500402
0.9936045856500402
0.9936045856500402
0.9936045856500402
0.9936045856500402
0.9936045856500402
0.9936045856500402
0.9936045856500402
0.9936045856500402
0.9936045856500402
0.9936045856500402
0.9936045856500402
0.9936045856500402
0.9936045856500402
0.9936045856500402
0.9936045856500402
0.9936045856500402
0.9936045856500402
0.9936045856500402
0.9936045856500402
0.9936045856500402
0.9936045856500402
0.9936045856500402
0.9936045856500402
0.9936045856500402
0.9936045856500402
0.9936045856500402
0.9936045856500402
0.9936045856500402
0.9936045856500402
0.9936045856500402
0.9936045856500402
0.9936045856500402
0.9936045856500402
0.9936045856500402
0.9936045856500402
0.9936045856500402
0.9936045856500402
0.9936045856500402
0.9936045856500402
0.9936045856500402
0.9936045856500402
0.9936045856500402
0.9936045856500402
0.9936045856500402
0.9936045856500402
0.9936045856500402
0.995973260745988
0.995973260745988
0.995973260745988
0.995973260745988
0.995973260745988
0.995973260745988
0.995973260745988
0.995973260745988
0.995973260745988
0.995973260745988
0.995973260745988
0.995973260745988
0.995973260745988
0.995973260745988
0.995973260745988
0.995973260745988
0.995973260745988
0.995973260745988
0.995973260745988
0.995973260745988
0.995973260745988
0.995973260745988
0.995973260745988
0.995973260745988
0.995973260745988
0.995973260745988
0.995973260745988
0.995973260745988
0.995973260745988
0.995973260745988
0.995973260745988
0.995973260745988
0.995973260745988
0.995973260745988
0.995973260745988
0.995973260745988
0.995973260745988
0.995973260745988
0.997372534872535
0.997372534872535
0.997372534872535
0.997372534872535
0.997372534872535
0.997372534872535
0.997372534872535
0.997372534872535
0.997372534872535
0.997372534872535
0.997372534872535
0.997372534872535
0.997372534872535
0.997372534872535
0.997372534872535
0.997372534872535
0.997372534872535
0.997372534872535
0.997372534872535
0.997372534872535
0.997372534872535
0.997372534872535
0.997372534872535
0.997372534872535
0.997372534872535
0.997372534872535
0.997372534872535
0.997372534872535
0.997372534872535
0.997372534872535
0.997372534872535
0.997372534872535
0.997372534872535
0.997372534872535
0.997372534872535
0.997372534872535
0.997372534872535
0.997372534872535
0.997372534872535
0.997372534872535
0.997372534872535
0.997372534872535
0.997372534872535
0.997372534872535
0.997372534872535
0.997372534872535
0.997372534872535
0.997372534872535
0.997372534872535
0.997372534872535
0.997372534872535
0.997372534872535
0.997372534872535
0.997372534872535
0.997372534872535
0.997372534872535
0.997372534872535
0.997372534872535
0.997372534872535
0.997372534872535
0.997372534872535
0.997372534872535
0.997372534872535
0.997372534872535
0.997372534872535
0.997372534872535
0.997372534872535
0.997372534872535
0.997372534872535
0.997372534872535
0.997372534872535
0.997372534872535
0.997372534872535
0.997372534872535
0.997372534872535
0.997372534872535
0.997372534872535
0.997372534872535
0.997372534872535
0.997372534872535
0.997372534872535
0.997372534872535
0.997372534872535
0.997372534872535
0.997372534872535
0.997372534872535
0.997372534872535
0.997372534872535
0.997372534872535
0.997372534872535
0.997372534872535
0.997372534872535
0.997372534872535
0.997372534872535
0.997372534872535
0.997372534872535
0.997372534872535
0.997372534872535
0.997372534872535
0.997372534872535
0.997372534872535
0.997372534872535
0.997372534872535
0.997372534872535
0.997372534872535
0.997372534872535
0.997372534872535
0.997372534872535
0.997372534872535
0.997372534872535
0.997372534872535
0.997372534872535
0.997372534872535
0.997372534872535
0.997372534872535
0.997372534872535
0.997372534872535
0.997372534872535
0.997372534872535
0.997372534872535
0.997372534872535
0.997372534872535
0.997372534872535
0.997372534872535
0.997372534872535
0.997372534872535
0.997372534872535
0.997372534872535
0.997372534872535
0.997372534872535
0.997372534872535
0.997372534872535
0.997372534872535
0.997372534872535
0.997372534872535
0.997372534872535
0.997372534872535
0.997372534872535
0.997372534872535
0.997372534872535
0.997372534872535
0.997372534872535
0.997372534872535
0.997372534872535
0.997372534872535
0.997372534872535
0.997372534872535
0.997372534872535
0.997372534872535
0.997372534872535
0.997372534872535
0.997372534872535
0.997372534872535
0.997372534872535
0.997372534872535
0.997372534872535
0.997372534872535
0.997372534872535
0.997372534872535
0.997372534872535
0.997372534872535
0.997372534872535
0.997372534872535
0.997372534872535
0.997372534872535
0.997372534872535
0.997372534872535
0.997372534872535
0.997372534872535
0.997372534872535
0.997372534872535
0.997372534872535
0.997372534872535
0.997372534872535
0.997372534872535
0.997372534872535
0.997372534872535
0.997372534872535
0.997372534872535
0.997372534872535
0.997372534872535
0.997372534872535
0.997372534872535
0.997372534872535
0.997372534872535
0.997372534872535
0.997372534872535
0.997372534872535
0.997372534872535
0.997372534872535
0.997372534872535
0.997372534872535
0.997372534872535
0.997372534872535
0.997372534872535
0.997372534872535
0.997372534872535
0.997372534872535
0.997372534872535
0.997372534872535
0.997372534872535
0.997372534872535
0.997372534872535
0.9980459355459356
0.9980459355459356
0.9980459355459356
0.9980459355459356
0.9980459355459356
0.9980459355459356
0.9980459355459356
0.9980459355459356
0.9980459355459356
0.9980459355459356
0.9980459355459356
0.9980459355459356
0.9980459355459356
0.9980459355459356
0.9980459355459356
0.9980459355459356
0.9980459355459356
0.9980459355459356
0.9980459355459356
0.9980459355459356
0.9980459355459356
0.9980459355459356
0.9980459355459356
0.9980459355459356
0.9980459355459356
0.9980459355459356
0.9980459355459356
0.9980459355459356
0.9980459355459356
0.9980459355459356
0.9980459355459356
0.9980459355459356
0.9980459355459356
0.9980459355459356
0.9980459355459356
0.9980459355459356
0.9980459355459356
0.9980459355459356
0.9980459355459356
0.9980459355459356
0.9980459355459356
0.9980459355459356
0.9980459355459356
0.9980459355459356
0.9980459355459356
0.9980459355459356
0.9980459355459356
0.9980459355459356
0.9980459355459356
0.9980459355459356
0.9980459355459356
0.9985269360269361
0.9985269360269361
0.9985269360269361
0.9985269360269361
0.9985269360269361
0.9985269360269361
0.9985269360269361
0.9985269360269361
0.9985269360269361
0.9985269360269361
0.9985269360269361
0.9985269360269361
0.9985269360269361
0.9985269360269361
0.9985269360269361
0.9985269360269361
0.9985269360269361
0.9985269360269361
0.9985269360269361
0.9985269360269361
0.9985269360269361
0.9985269360269361
0.9985269360269361
0.9985269360269361
0.9985269360269361
0.9985269360269361
0.9985269360269361
0.9985269360269361
0.9985269360269361
0.9985269360269361
0.9985269360269361
0.9985269360269361
0.9985269360269361
0.9985269360269361
0.9985269360269361
0.9985269360269361
0.9985269360269361
0.9985269360269361
0.9985269360269361
0.9985269360269361
0.9985269360269361
0.9985269360269361
0.9985269360269361
0.9985269360269361
0.9985269360269361
0.9985269360269361
0.9985269360269361
0.9985269360269361
0.9985269360269361
0.9985269360269361
0.9985269360269361
0.9985269360269361
0.9985269360269361
0.9985269360269361
0.9985269360269361
0.9985269360269361
0.9985269360269361
0.9985269360269361
0.9985269360269361
0.9985269360269361
0.9985269360269361
0.9985269360269361
0.9985269360269361
0.9985269360269361
0.9985269360269361
0.9985269360269361
0.9985269360269361
0.9985269360269361
0.9985269360269361
0.9985269360269361
0.9985269360269361
0.9985269360269361
0.9985269360269361
0.9985269360269361
0.9985269360269361
0.9985269360269361
0.9985269360269361
0.9985269360269361
0.9985269360269361
0.9985269360269361
0.9985269360269361
0.9985269360269361
0.9985269360269361
0.9985269360269361
0.9985269360269361
0.9985269360269361
0.9985269360269361
0.9985269360269361
0.9985269360269361
0.9985269360269361
0.9985269360269361
0.9985269360269361
0.9985269360269361
0.9985269360269361
0.9985269360269361
0.9985269360269361
0.9985269360269361
0.9985269360269361
0.9985269360269361
0.9985269360269361
0.9985269360269361
0.9985269360269361
0.9985269360269361
0.9985269360269361
0.9985269360269361
0.9985269360269361
0.9985269360269361
0.9985269360269361
0.9985269360269361
0.9985269360269361
0.9985269360269361
0.9985269360269361
0.9985269360269361
0.9985269360269361
0.9985269360269361
0.9985269360269361
0.9985269360269361
0.9985269360269361
0.9985269360269361
0.9985269360269361
0.9985269360269361
0.9985269360269361
0.9985269360269361
0.9985269360269361
0.9985269360269361
0.9985269360269361
0.9985269360269361
0.9985269360269361
0.9985269360269361
0.9985269360269361
0.9985269360269361
0.9985269360269361
0.9985269360269361
0.9985269360269361
0.9985269360269361
0.9985269360269361
0.9991582491582492
0.9991582491582492
0.9991582491582492
0.9991582491582492
0.9991582491582492
0.9991582491582492
0.9991582491582492
0.9991582491582492
0.9991582491582492
0.9991582491582492
0.9991582491582492
0.9991582491582492
0.9991582491582492
0.9991582491582492
0.9991582491582492
0.9991582491582492
0.9991582491582492
0.9991582491582492
0.9991582491582492
0.9991582491582492
0.9991582491582492
0.9991582491582492
0.9991582491582492
0.9991582491582492
0.9991582491582492
0.9991582491582492
0.9991582491582492
0.9991582491582492
0.9991582491582492
0.9991582491582492
0.9991582491582492
0.9991582491582492
0.9991582491582492
0.9991582491582492
0.9991582491582492
0.9991582491582492
0.9991582491582492
0.9991582491582492
0.9991582491582492
0.9991582491582492
0.9991582491582492
0.9991582491582492
0.9991582491582492
0.9991582491582492
0.9991582491582492
0.9991582491582492
0.9991582491582492
0.9991582491582492
0.9991582491582492
0.9991582491582492
0.9991582491582492
0.9991582491582492
0.9991582491582492
0.9991582491582492
0.9991582491582492
0.9991582491582492
0.9991582491582492
0.9991582491582492
0.9991582491582492
0.9991582491582492
0.9991582491582492
0.9991582491582492
0.9991582491582492
0.9991582491582492
0.9991582491582492
0.9991582491582492
0.9991582491582492
0.9991582491582492
0.9991582491582492
0.9991582491582492
0.9991582491582492
0.9991582491582492
0.9991582491582492
0.9991582491582492
0.9991582491582492
0.9991582491582492
0.9991582491582492
0.9991582491582492
0.9991582491582492
0.9991582491582492
0.9991582491582492
0.9991582491582492
0.9991582491582492
0.9991582491582492
0.9991582491582492
0.9991582491582492
0.9991582491582492
0.9991582491582492
0.9991582491582492
0.9991582491582492
0.9991582491582492
0.9991582491582492
0.9991582491582492
0.9991582491582492
0.9991582491582492
0.9991582491582492
0.9991582491582492
0.9991582491582492
0.9991582491582492
0.9991582491582492
0.9991582491582492
0.9991582491582492
0.9991582491582492
0.9991582491582492
0.9991582491582492
0.9991582491582492
0.9991582491582492
0.9991582491582492
0.9991582491582492
0.9991582491582492
0.9991582491582492
0.9991582491582492
0.9991582491582492
0.9991582491582492
0.9991582491582492
0.9991582491582492
0.9991582491582492
0.9991582491582492
0.9991582491582492
0.9991582491582492
0.9991582491582492
0.9991582491582492
0.9991582491582492
0.9991582491582492
0.9991582491582492
0.9991582491582492
0.9991582491582492
0.9991582491582492
0.9991582491582492
0.9991582491582492
0.9991582491582492
0.9991582491582492
0.9991582491582492
0.9991582491582492
0.9991582491582492
0.9991582491582492
1.0
1.0
