0.0
0.0
0.0
0.0
0.03057480983538055
0.06104046311000989
0.0966013891461092
0.0966013891461092
0.14041944089816644
0.18651309921811557
0.21236079836191193
0.2807933515923879
0.29325294561452164
0.33956007966661134
0.46088584758933804
0.46088584758933804
0.46318334453059246
0.5188182183930996
0.5192642487231621
0.5456267387687636
0.5963382740488675
0.630068718196306
0.630068718196306
0.6589933369896691
0.6966187344465522
0.705950712289734
0.7287815263147609
0.7407804490218024
0.7407804490218024
0.7867994215159033
0.7867994215159033
0.7867994215159033
0.8145738052076972
0.8211864341787277
0.8541406151086496
0.8695038290221545
0.8695038290221545
0.8714603404627722
0.8902857873435108
0.9041762154203945
0.9041762154203945
0.9241926333215679
0.9241926333215679
0.9272399685074717
0.9543755375698226
0.9543755375698226
0.9543755375698226
0.9543755375698226
0.9596909665725065
0.9596909665725065
0.9647229594174163
0.9667993940093208
0.9667993940093208
0.9672454243393832
0.971226364768038
0.9779423247837323
0.9808565486194023
0.9808565486194023
0.9808565486194023
0.9817926834228139
0.9817926834228139
0.9817926834228139
0.9823976441003699
0.9823976441003699
0.9833647791724855
0.9848103831441225
0.9848103831441225
0.9853314878861759
0.9853314878861759
0.9853314878861759
0.9853314878861759
0.9853314878861759
0.9853314878861759
0.9853314878861759
0.9853314878861759
0.9853314878861759
0.9897944021258902
0.990793975767465
0.990793975767465
0.990793975767465
0.990793975767465
0.990793975767465
0.990793975767465
0.990793975767465
0.990793975767465
0.990793975767465
0.990793975767465
0.9967588259747714
0.9967588259747714
0.9967588259747714
0.9974085985543686
0.9974085985543686
0.9974085985543686
0.9974085985543686
0.9974085985543686
0.9974085985543686
0.9974085985543686
0.9974085985543686
0.9995539696699375
0.9995539696699375
0.9995539696699375
0.9995539696699375
0.9995539696699375
0.9995539696699375
0.9995539696699375
0.9995539696699375
0.9995539696699375
0.9995539696699375
0.9995539696699375
0.9995539696699375
0.9995539696699375
0.9995539696699375
0.9995539696699375
0.9995539696699375
0.9995539696699375
0.9995539696699375
0.9995539696699375
0.9995539696699375
0.9995539696699375
0.9995539696699375
0.9995539696699375
0.9995539696699375
0.9995539696699375
0.9995539696699375
0.9995539696699375
0.9995539696699375
0.9995539696699375
0.9995539696699375
0.9995539696699375
0.9995539696699375
0.9995539696699375
0.9995539696699375
0.9995539696699375
0.9995539696699375
0.9995539696699375
0.9995539696699375
0.9995539696699375
0.9995539696699375
0.9995539696699375
0.9995539696699375
0.9995539696699375
0.9995539696699375
0.9995539696699375
0.9995539696699375
0.9995539696699375
0.9995539696699375
0.9995539696699375
0.9995539696699375
0.9995539696699375
0.9995539696699375
0.9995539696699375
0.9995539696699375
0.9995539696699375
0.9995539696699375
0.9995539696699375
0.9995539696699375
0.9995539696699375
0.9995539696699375
0.9995539696699375
0.9995539696699375
0.9995539696699375
0.9995539696699375
0.9995539696699375
0.9995539696699375
0.9995539696699375
0.9995539696699375
0.9995539696699375
0.9995539696699375
0.9995539696699375
0.9995539696699375
0.9995539696699375
0.9995539696699375
0.9995539696699375
0.9995539696699375
0.9995539696699375
0.9995539696699375
0.9995539696699375
0.9995539696699375
0.9995539696699375
0.9995539696699375
0.9995539696699375
0.9995539696699375
0.9995539696699375
0.9995539696699375
0.9995539696699375
0.9995539696699375
1.0
1.0
