0.0
0.0
0.0
0.0
0.06687931951089846
0.12482342219184325
0.1435634540897699
0.1435634540897699
0.2442393863446495
0.3396521607047923
0.3431609326346169
0.411923748765854
0.411923748765854
0.45259360522518416
0.6387407913723703
0.6387407913723703
0.6387407913723703
0.728225867699552
0.728225867699552
0.7480253664464191
0.7800030378977748
0.7957925115819853
0.7957925115819853
0.8162185767448925
0.8563416116047694
0.8563416116047694
0.8738057264373054
0.8773144983671299
0.8773144983671299
0.9646616541353383
0.9646616541353383
0.9646616541353383
0.9725563909774436
0.9725563909774436
0.9769423558897242
0.9804511278195488
0.9804511278195488
0.9804511278195488
0.9883458646616541
0.9962406015037595
0.9962406015037595
0.9962406015037595
0.9962406015037595
0.9962406015037595
1.0
1.0
