0.0
0.0
0.0
0.0
0.0
0.0
0.0
0.0
0.0
0.0
0.00900735294117647
0.00900735294117647
0.015703781512605042
0.023879286563110093
0.023879286563110093
0.023879286563110093
0.032470715558950855
0.032470715558950855
0.03499596808420338
0.03499596808420338
0.05028382565147271
0.06203075927340633
0.06203075927340633
0.06203075927340633
0.06203075927340633
0.07419361684067567
0.07419361684067567
0.08695622188269247
0.08695622188269247
0.08695622188269247
0.08695622188269247
0.08695622188269247
0.10521576054664289
0.11086601307189542
0.12031979458450047
0.12031979458450047
0.12031979458450047
0.12578622358034122
0.13882841015193959
0.13882841015193959
0.13882841015193959
0.15474651982004922
0.15474651982004922
0.15831794839147778
0.15831794839147778
0.15831794839147778
0.15831794839147778
0.15831794839147778
0.17762366310160427
0.17762366310160427
0.1801489156268568
0.19023294924030218
0.19023294924030218
0.19023294924030218
0.19380437781173077
0.21789799253034547
0.21789799253034547
0.21789799253034547
0.21789799253034547
0.21789799253034547
0.21789799253034547
0.21789799253034547
0.22399467362702657
0.22399467362702657
0.2330325311942959
0.23868278371954843
0.23868278371954843
0.2529549698667346
0.2529549698667346
0.2655337513793396
0.2655337513793396
0.2655337513793396
0.2655337513793396
0.2655337513793396
0.2655337513793396
0.27118400390459213
0.29618824802648336
0.30537942449707156
0.30537942449707156
0.30537942449707156
0.30537942449707156
0.30537942449707156
0.30537942449707156
0.31042992954757664
0.3166799295475766
0.3166799295475766
0.3166799295475766
0.32233018207282915
0.32233018207282915
0.32233018207282915
0.34305396400984633
0.34305396400984633
0.34305396400984633
0.34305396400984633
0.34305396400984633
0.34305396400984633
0.34305396400984633
0.3455792165350989
0.3520918215771157
0.3520918215771157
0.3520918215771157
0.3776475362872422
0.3776475362872422
0.38077253628724217
0.38077253628724217
0.38077253628724217
0.38077253628724217
0.38077253628724217
0.38077253628724217
0.3893639652830829
0.3893639652830829
0.39818749469484765
0.39818749469484765
0.4011286711654359
0.4011286711654359
0.4011286711654359
0.40659510016127665
0.40659510016127665
0.4214670337832102
0.4214670337832102
0.42459203378321025
0.42459203378321025
0.42459203378321025
0.42459203378321025
0.42459203378321025
0.42459203378321025
0.42459203378321025
0.42459203378321025
0.42459203378321025
0.433183462779051
0.433183462779051
0.4485018249724132
0.46884018759018764
0.46884018759018764
0.46884018759018764
0.4713654401154401
0.4713654401154401
0.4713654401154401
0.4713654401154401
0.4713654401154401
0.4713654401154401
0.4713654401154401
0.5009127514642221
0.5009127514642221
0.5009127514642221
0.5009127514642221
0.5090882565147271
0.5090882565147271
0.5090882565147271
0.5090882565147271
0.5090882565147271
0.5120294329853153
0.5200211145064086
0.530105148119854
0.530105148119854
0.5355715771156948
0.5355715771156948
0.5355715771156948
0.5355715771156948
0.5355715771156948
0.5452091821577115
0.5452091821577115
0.5452091821577115
0.5452091821577115
0.5569561157796452
0.5569561157796452
0.5569561157796452
0.5598972922502334
0.5659939733469146
0.5689351498175028
0.5689351498175028
0.5689351498175028
0.5689351498175028
0.5689351498175028
0.5754477548595196
0.5850853599015363
0.5850853599015363
0.5850853599015363
0.5850853599015363
0.5850853599015363
0.5850853599015363
0.5974320409982175
0.5974320409982175
0.5974320409982175
0.5974320409982175
0.5974320409982175
0.6066537220948985
0.6066537220948985
0.6066537220948985
0.6171706561412443
0.6171706561412443
0.6171706561412443
0.6171706561412443
0.6171706561412443
0.6230530090824209
0.6389711187505306
0.6389711187505306
0.6500878002716238
0.6500878002716238
0.6500878002716238
0.6500878002716238
0.6500878002716238
0.6500878002716238
0.6500878002716238
0.6500878002716238
0.6500878002716238
0.6526130527968763
0.6555542292674645
0.6650080107800695
0.6725837683558271
0.6725837683558271
0.6725837683558271
0.6725837683558271
0.6725837683558271
0.6725837683558271
0.6725837683558271
0.6809913738222562
0.6809913738222562
0.6809913738222562
0.6876878023936847
0.6933380549189372
0.6933380549189372
0.6933380549189372
0.6933380549189372
0.6933380549189372
0.6933380549189372
0.6933380549189372
0.6958633074441898
0.6958633074441898
0.6958633074441898
0.7086259124862067
0.7086259124862067
0.7086259124862067
0.7170335179526357
0.7170335179526357
0.7170335179526357
0.7170335179526357
0.7319054515745693
0.7319054515745693
0.7319054515745693
0.7319054515745693
0.7319054515745693
0.7319054515745693
0.7319054515745693
0.7390483087174264
0.7390483087174264
0.7537364188099482
0.7537364188099482
0.7537364188099482
0.7537364188099482
0.7537364188099482
0.7537364188099482
0.7621440242763772
0.7621440242763772
0.7688404528478058
0.7688404528478058
0.7688404528478058
0.7688404528478058
0.771781629318394
0.771781629318394
0.771781629318394
0.771781629318394
0.771781629318394
0.7747228057889822
0.7747228057889822
0.7747228057889822
0.7747228057889822
0.7747228057889822
0.7747228057889822
0.7747228057889822
0.7747228057889822
0.7747228057889822
0.784360410830999
0.784360410830999
0.7879318394024276
0.7879318394024276
0.7879318394024276
0.7879318394024276
0.7879318394024276
0.7879318394024276
0.7879318394024276
0.7879318394024276
0.7879318394024276
0.7879318394024276
0.7879318394024276
0.7977532679738562
0.7977532679738562
0.7977532679738562
0.807390873015873
0.807390873015873
0.807390873015873
0.807390873015873
0.807390873015873
0.807390873015873
0.807390873015873
0.807390873015873
0.8201839826839827
0.8201839826839827
0.8283594877344879
0.8283594877344879
0.8283594877344879
0.8283594877344879
0.8283594877344879
0.8283594877344879
0.8283594877344879
0.8283594877344879
0.8283594877344879
0.8283594877344879
0.8283594877344879
0.8283594877344879
0.8283594877344879
0.8314844877344878
0.8314844877344878
0.8314844877344878
0.8350559163059164
0.8350559163059164
0.8350559163059164
0.8350559163059164
0.8375811688311688
0.8375811688311688
0.8375811688311688
0.8375811688311688
0.8461725978270096
0.8461725978270096
0.8528690263984382
0.8528690263984382
0.8528690263984382
0.8528690263984382
0.8528690263984382
0.8625371360665478
0.8625371360665478
0.8625371360665478
0.8625371360665478
0.8625371360665478
0.8625371360665478
0.8801664226296579
0.8801664226296579
0.8801664226296579
0.8801664226296579
0.8801664226296579
0.8856328516254987
0.8881581041507511
0.8881581041507511
0.8881581041507511
0.8881581041507511
0.8881581041507511
0.8881581041507511
0.8881581041507511
0.8881581041507511
0.8881581041507511
0.8976118856633564
0.9005530621339446
0.9005530621339446
0.9005530621339446
0.9005530621339446
0.9005530621339446
0.9068030621339445
0.9068030621339445
0.9068030621339445
0.9068030621339445
0.9093283146591971
0.9093283146591971
0.9153944911297853
0.9153944911297853
0.9153944911297853
0.9153944911297853
0.9153944911297853
0.9153944911297853
0.9153944911297853
0.9153944911297853
0.9153944911297853
0.9153944911297853
0.9153944911297853
0.9244323486970547
0.9244323486970547
0.9244323486970547
0.9273735251676429
0.9273735251676429
0.9273735251676429
0.9273735251676429
0.9273735251676429
0.9273735251676429
0.9273735251676429
0.9273735251676429
0.9359649541634836
0.9359649541634836
0.9359649541634836
0.9359649541634836
0.9359649541634836
0.9359649541634836
0.9359649541634836
0.9384902066887362
0.9384902066887362
0.9384902066887362
0.9384902066887362
0.9384902066887362
0.9384902066887362
0.9384902066887362
0.9410154592139885
0.9410154592139885
0.9410154592139885
0.9410154592139885
0.9475280642560054
0.9475280642560054
0.9475280642560054
0.9475280642560054
0.9561194932518462
0.9561194932518462
0.9561194932518462
0.9561194932518462
0.9561194932518462
0.9561194932518462
0.9561194932518462
0.9561194932518462
0.9561194932518462
0.9586447457770988
0.9586447457770988
0.9617697457770988
0.9617697457770988
0.9617697457770988
0.9617697457770988
0.9617697457770988
0.9617697457770988
0.9617697457770988
0.9617697457770988
0.9617697457770988
0.9617697457770988
0.9617697457770988
0.9653411743485274
0.9653411743485274
0.9653411743485274
0.9653411743485274
0.9653411743485274
0.9653411743485274
0.9653411743485274
0.9653411743485274
0.9653411743485274
0.9653411743485274
0.9653411743485274
0.9653411743485274
0.9653411743485274
0.9747949558611324
0.9747949558611324
0.9747949558611324
0.9747949558611324
0.9747949558611324
0.9747949558611324
0.9747949558611324
0.9747949558611324
0.9747949558611324
0.9747949558611324
0.9747949558611324
0.9747949558611324
0.9747949558611324
0.9779199558611323
0.9779199558611323
0.9779199558611323
0.9779199558611323
0.9779199558611323
0.9779199558611323
0.9779199558611323
0.9779199558611323
0.9779199558611323
0.9779199558611323
0.9779199558611323
0.9779199558611323
0.9779199558611323
0.9779199558611323
0.9779199558611323
0.9779199558611323
0.9779199558611323
0.9779199558611323
0.9804452083863848
0.9804452083863848
0.9804452083863848
0.9829704609116374
0.9829704609116374
0.9829704609116374
0.9829704609116374
0.9829704609116374
0.9829704609116374
0.9829704609116374
0.9829704609116374
0.9829704609116374
0.9829704609116374
0.9829704609116374
0.9829704609116374
0.9829704609116374
0.9829704609116374
0.9829704609116374
0.9829704609116374
0.9829704609116374
0.9854957134368899
0.9854957134368899
0.9854957134368899
0.9854957134368899
0.9854957134368899
0.9854957134368899
0.9854957134368899
0.9854957134368899
0.9854957134368899
0.9854957134368899
0.9854957134368899
0.9854957134368899
0.9854957134368899
0.9854957134368899
0.9854957134368899
0.9854957134368899
0.9854957134368899
0.9854957134368899
0.9854957134368899
0.9854957134368899
0.9854957134368899
0.9854957134368899
0.9854957134368899
0.9854957134368899
0.9854957134368899
0.9854957134368899
0.9854957134368899
0.9854957134368899
0.9854957134368899
0.9854957134368899
0.9854957134368899
0.9854957134368899
0.9854957134368899
0.9854957134368899
0.9854957134368899
0.9854957134368899
0.9854957134368899
0.9854957134368899
0.9854957134368899
0.9854957134368899
0.9854957134368899
0.9854957134368899
0.9854957134368899
0.9854957134368899
0.9854957134368899
0.9854957134368899
0.9854957134368899
0.9854957134368899
0.9854957134368899
0.9854957134368899
0.9854957134368899
0.9854957134368899
0.9854957134368899
0.9854957134368899
0.9854957134368899
0.9854957134368899
0.9854957134368899
0.9854957134368899
0.9854957134368899
0.9854957134368899
0.9854957134368899
0.9854957134368899
0.9854957134368899
0.9854957134368899
0.9854957134368899
0.9854957134368899
0.9854957134368899
0.9854957134368899
0.9854957134368899
0.9854957134368899
0.9854957134368899
0.9854957134368899
0.9854957134368899
0.9854957134368899
0.9854957134368899
0.9854957134368899
0.9854957134368899
0.9854957134368899
0.9854957134368899
0.9890671420083185
0.9890671420083185
0.9890671420083185
0.9890671420083185
0.9890671420083185
0.9890671420083185
0.9890671420083185
0.9890671420083185
0.9890671420083185
0.9890671420083185
0.9890671420083185
0.9890671420083185
0.9890671420083185
0.9890671420083185
0.9890671420083185
0.9890671420083185
0.9890671420083185
0.9890671420083185
0.9890671420083185
0.9890671420083185
0.9890671420083185
0.9890671420083185
0.991592394533571
0.991592394533571
0.991592394533571
0.991592394533571
0.991592394533571
0.991592394533571
0.991592394533571
0.991592394533571
0.991592394533571
0.991592394533571
0.991592394533571
0.9945335710041593
0.9945335710041593
0.9945335710041593
0.9945335710041593
0.9945335710041593
0.9945335710041593
0.9945335710041593
0.9945335710041593
0.9945335710041593
0.9945335710041593
0.9945335710041593
0.9945335710041593
0.9945335710041593
0.9945335710041593
0.9945335710041593
0.9945335710041593
0.9945335710041593
0.9945335710041593
0.9945335710041593
0.9945335710041593
0.9945335710041593
0.9945335710041593
0.9945335710041593
0.9945335710041593
0.9945335710041593
0.9945335710041593
0.9945335710041593
0.9945335710041593
0.9945335710041593
0.9945335710041593
0.9945335710041593
0.9945335710041593
0.9945335710041593
0.9945335710041593
0.9945335710041593
0.9945335710041593
0.9945335710041593
0.9945335710041593
0.9945335710041593
0.9945335710041593
0.9945335710041593
0.9970588235294118
0.9970588235294118
0.9970588235294118
0.9970588235294118
0.9970588235294118
0.9970588235294118
0.9970588235294118
0.9970588235294118
0.9970588235294118
0.9970588235294118
0.9970588235294118
0.9970588235294118
0.9970588235294118
0.9970588235294118
0.9970588235294118
0.9970588235294118
0.9970588235294118
0.9970588235294118
0.9970588235294118
0.9970588235294118
0.9970588235294118
0.9970588235294118
0.9970588235294118
0.9970588235294118
0.9970588235294118
0.9970588235294118
0.9970588235294118
0.9970588235294118
0.9970588235294118
0.9970588235294118
0.9970588235294118
0.9970588235294118
0.9970588235294118
0.9970588235294118
0.9970588235294118
0.9970588235294118
0.9970588235294118
0.9970588235294118
0.9970588235294118
0.9970588235294118
0.9970588235294118
0.9970588235294118
0.9970588235294118
0.9970588235294118
0.9970588235294118
0.9970588235294118
0.9970588235294118
0.9970588235294118
0.9970588235294118
0.9970588235294118
0.9970588235294118
0.9970588235294118
0.9970588235294118
0.9970588235294118
0.9970588235294118
0.9970588235294118
0.9970588235294118
0.9970588235294118
0.9970588235294118
0.9970588235294118
0.9970588235294118
0.9970588235294118
0.9970588235294118
0.9970588235294118
0.9970588235294118
0.9970588235294118
0.9970588235294118
0.9970588235294118
0.9970588235294118
0.9970588235294118
0.9970588235294118
0.9970588235294118
0.9970588235294118
0.9970588235294118
0.9970588235294118
0.9970588235294118
0.9970588235294118
0.9970588235294118
0.9970588235294118
0.9970588235294118
0.9970588235294118
0.9970588235294118
0.9970588235294118
0.9970588235294118
0.9970588235294118
0.9970588235294118
0.9970588235294118
0.9970588235294118
0.9970588235294118
0.9970588235294118
0.9970588235294118
0.9970588235294118
0.9970588235294118
0.9970588235294118
0.9970588235294118
0.9970588235294118
0.9970588235294118
0.9970588235294118
0.9970588235294118
0.9970588235294118
0.9970588235294118
0.9970588235294118
0.9970588235294118
0.9970588235294118
0.9970588235294118
0.9970588235294118
0.9970588235294118
0.9970588235294118
0.9970588235294118
0.9970588235294118
0.9970588235294118
0.9970588235294118
0.9970588235294118
0.9970588235294118
0.9970588235294118
0.9970588235294118
0.9970588235294118
0.9970588235294118
0.9970588235294118
0.9970588235294118
0.9970588235294118
0.9970588235294118
0.9970588235294118
0.9970588235294118
0.9970588235294118
0.9970588235294118
0.9970588235294118
0.9970588235294118
0.9970588235294118
0.9970588235294118
0.9970588235294118
0.9970588235294118
0.9970588235294118
0.9970588235294118
0.9970588235294118
0.9970588235294118
0.9970588235294118
0.9970588235294118
0.9970588235294118
0.9970588235294118
0.9970588235294118
0.9970588235294118
0.9970588235294118
0.9970588235294118
0.9970588235294118
0.9970588235294118
0.9970588235294118
0.9970588235294118
0.9970588235294118
0.9970588235294118
0.9970588235294118
0.9970588235294118
0.9970588235294118
0.9970588235294118
0.9970588235294118
0.9970588235294118
0.9970588235294118
0.9970588235294118
0.9970588235294118
0.9970588235294118
0.9970588235294118
0.9970588235294118
0.9970588235294118
0.9970588235294118
0.9970588235294118
0.9970588235294118
0.9970588235294118
0.9970588235294118
0.9970588235294118
0.9970588235294118
0.9970588235294118
0.9970588235294118
0.9970588235294118
0.9970588235294118
0.9970588235294118
0.9970588235294118
0.9970588235294118
0.9970588235294118
0.9970588235294118
0.9970588235294118
0.9970588235294118
0.9970588235294118
0.9970588235294118
0.9970588235294118
0.9970588235294118
0.9970588235294118
0.9970588235294118
1.0
1.0
