0.11107321837538409
0.22221848314025588
0.3326857765614364
0.5011784492340242
0.5568618652706838
0.5826372985495211
0.7243565127432972
0.7568886907608305
0.7757249338955519
0.8312936555803454
0.8387308113147455
0.8526362477805475
0.8799450139976996
0.8852504586677991
0.8868649026387626
0.8997235272296857
0.9112728385399271
0.9187631124042082
0.9314787793059092
0.9345348050952947
0.9387900233100175
0.9487687489439756
0.9520205184767523
0.9531797321113221
0.960554007929926
0.9644222078991505
0.9664786537220754
0.9721752860433888
0.9736745200689846
0.9753571827374106
0.9793108004481236
0.9804121366462516
0.9811700707524822
0.9836989565242237
0.9849662164515378
0.9856099654647807
0.9881864179977027
0.9888048188603923
0.9891767195387801
0.9907878893808989
0.9915780130574079
0.9918931892243059
0.9930745574332168
0.993598809591201
0.9938424254822071
0.9948124749424172
0.995117431006552
0.9953516809175101
0.9959657853336258
0.9962467243646705
0.9964865682360734
0.9968817764137543
0.9970676224403459
0.9971985998953474
0.997698559736383
0.997865213016728
0.9979643537201087
0.9982676624695487
0.9983549527550002
0.9984399267098677
0.9987584645602752
0.9988276244519345
0.9989143297751453
0.9990634376239391
0.9992028868138314
0.9992459049674922
0.9993275002393216
0.9993728347235664
0.9994443109458098
0.9995157871680531
0.9995157871680531
0.9995339175618454
0.9996410696094323
0.9996609313715679
0.99967906176536
0.99967906176536
0.9997170539212877
0.9997170539212877
0.999797001878422
0.9998151322722142
0.9998151322722142
0.9998151322722142
0.9998366413490446
0.9998366413490446
0.9998565031111801
0.9998746335049723
0.9998746335049723
0.9998746335049723
0.9998746335049723
0.9998746335049723
0.9998944952671078
0.9998944952671078
0.9998944952671078
0.9999183206745224
0.9999183206745224
0.9999183206745224
0.9999183206745224
0.9999183206745224
0.9999183206745224
0.9999364510683144
0.9999761745925855
1.0
1.0
