0.0
0.0
0.0
0.0
0.0
0.0
0.014165207703326438
0.014165207703326438
0.014165207703326438
0.03601109851325209
0.056848978288109565
0.056848978288109565
0.07363074854801015
0.09951360596121207
0.1338970100412776
0.1338970100412776
0.14380592806750117
0.14380592806750117
0.1472423541843397
0.1749530861928741
0.2178370369398032
0.2398831079118748
0.2398831079118748
0.2398831079118748
0.2742665119919403
0.2930763370093193
0.2930763370093193
0.3395968940352328
0.3395968940352328
0.38470907970178625
0.38470907970178625
0.38470907970178625
0.4002826587644727
0.4069553308360037
0.4466030356282403
0.4466030356282403
0.4466030356282403
0.44983928158293285
0.4567121338166098
0.5036330511668151
0.5036330511668151
0.5244709309416726
0.5244709309416726
0.5535900343095671
0.5839364717863563
0.5839364717863563
0.5839364717863563
0.5839364717863563
0.5972818159294184
0.6312648596851921
0.6480466299450927
0.6668564549624717
0.6668564549624717
0.6668564549624717
0.7073240233149726
0.7263340284944976
0.7360427663585752
0.7360427663585752
0.7360427663585752
0.7427154384301063
0.7427154384301063
0.7427154384301063
0.7461518645469448
0.7461518645469448
0.7584891976549386
0.7738625965554791
0.7738625965554791
0.780735448789156
0.780735448789156
0.7908445469775257
0.7908445469775257
0.7908445469775257
0.7908445469775257
0.7908445469775257
0.8066183062023581
0.8100547323191966
0.8284641970122838
0.8317004429669762
0.8317004429669762
0.8317004429669762
0.8317004429669762
0.8317004429669762
0.8317004429669762
0.8317004429669762
0.8547665576614581
0.8547665576614581
0.8547665576614581
0.8735763826788371
0.8735763826788371
0.8735763826788371
0.8946144426158406
0.8946144426158406
0.8946144426158406
0.8946144426158406
0.9010869345252256
0.9010869345252256
0.9010869345252256
0.9010869345252256
0.9010869345252256
0.9010869345252256
0.9010869345252256
0.9045233606420641
0.9045233606420641
0.9144322786682878
0.9144322786682878
0.9144322786682878
0.9144322786682878
0.9144322786682878
0.9144322786682878
0.9211049507398189
0.9211049507398189
0.9211049507398189
0.9211049507398189
0.9245413768566574
0.9245413768566574
0.9245413768566574
0.9366785298025054
0.9366785298025054
0.9366785298025054
0.9366785298025054
0.9366785298025054
0.9366785298025054
0.9366785298025054
0.9366785298025054
0.9366785298025054
0.939914775757198
0.939914775757198
0.939914775757198
0.939914775757198
0.9453792566315148
0.9453792566315148
0.9453792566315148
0.9486155025862074
0.9486155025862074
0.9486155025862074
0.9520519287030459
0.9520519287030459
0.9520519287030459
0.9520519287030459
0.9520519287030459
0.9520519287030459
0.9520519287030459
0.9641890816488937
0.9641890816488937
0.9641890816488937
0.9641890816488937
0.9641890816488937
0.9641890816488937
0.9641890816488937
0.9641890816488937
0.9641890816488937
0.9674253276035865
0.9674253276035865
0.9761260544325959
0.9761260544325959
0.9761260544325959
0.9761260544325959
0.9761260544325959
0.9761260544325959
0.9761260544325959
0.9761260544325959
0.9761260544325959
0.9761260544325959
0.9761260544325959
0.9848267812616053
0.9848267812616053
0.9848267812616053
0.9848267812616053
0.9848267812616053
0.9848267812616053
0.9848267812616053
0.9848267812616053
0.9848267812616053
0.9848267812616053
0.9848267812616053
0.9902912621359223
0.9902912621359223
0.9902912621359223
0.9902912621359223
0.9902912621359223
0.9902912621359223
0.9902912621359223
0.9902912621359223
0.9902912621359223
0.9902912621359223
0.9902912621359223
0.9902912621359223
0.9902912621359223
0.9902912621359223
0.9902912621359223
0.9902912621359223
0.9902912621359223
0.9902912621359223
0.9902912621359223
0.9902912621359223
0.9902912621359223
0.9902912621359223
0.9902912621359223
0.9902912621359223
0.9902912621359223
0.9902912621359223
0.9902912621359223
0.9902912621359223
0.9935275080906149
0.9935275080906149
0.9935275080906149
0.9935275080906149
0.9967637540453075
0.9967637540453075
0.9967637540453075
0.9967637540453075
0.9967637540453075
0.9967637540453075
0.9967637540453075
0.9967637540453075
0.9967637540453075
0.9967637540453075
0.9967637540453075
0.9967637540453075
0.9967637540453075
0.9967637540453075
0.9967637540453075
0.9967637540453075
0.9967637540453075
0.9967637540453075
0.9967637540453075
0.9967637540453075
0.9967637540453075
0.9967637540453075
0.9967637540453075
0.9967637540453075
0.9967637540453075
0.9967637540453075
0.9967637540453075
0.9967637540453075
0.9967637540453075
0.9967637540453075
0.9967637540453075
0.9967637540453075
0.9967637540453075
0.9967637540453075
0.9967637540453075
0.9967637540453075
0.9967637540453075
0.9967637540453075
0.9967637540453075
0.9967637540453075
0.9967637540453075
0.9967637540453075
0.9967637540453075
0.9967637540453075
0.9967637540453075
0.9967637540453075
0.9967637540453075
0.9967637540453075
0.9967637540453075
0.9967637540453075
0.9967637540453075
0.9967637540453075
0.9967637540453075
0.9967637540453075
0.9967637540453075
0.9967637540453075
0.9967637540453075
0.9967637540453075
0.9967637540453075
0.9967637540453075
0.9967637540453075
0.9967637540453075
0.9967637540453075
0.9967637540453075
0.9967637540453075
0.9967637540453075
0.9967637540453075
0.9967637540453075
0.9967637540453075
0.9967637540453075
0.9967637540453075
0.9967637540453075
0.9967637540453075
0.9967637540453075
0.9967637540453075
0.9967637540453075
0.9967637540453075
0.9967637540453075
0.9967637540453075
0.9967637540453075
0.9967637540453075
0.9967637540453075
0.9967637540453075
0.9967637540453075
0.9967637540453075
0.9967637540453075
0.9967637540453075
0.9967637540453075
0.9967637540453075
0.9967637540453075
0.9967637540453075
0.9967637540453075
0.9967637540453075
0.9967637540453075
0.9967637540453075
0.9967637540453075
0.9967637540453075
0.9967637540453075
0.9967637540453075
0.9967637540453075
0.9967637540453075
0.9967637540453075
0.9967637540453075
0.9967637540453075
0.9967637540453075
0.9967637540453075
0.9967637540453075
0.9967637540453075
0.9967637540453075
0.9967637540453075
0.9967637540453075
0.9967637540453075
0.9967637540453075
0.9967637540453075
0.9967637540453075
0.9967637540453075
0.9967637540453075
0.9967637540453075
0.9967637540453075
0.9967637540453075
0.9967637540453075
0.9967637540453075
0.9967637540453075
0.9967637540453075
0.9967637540453075
0.9967637540453075
0.9967637540453075
0.9967637540453075
0.9967637540453075
0.9967637540453075
0.9967637540453075
0.9967637540453075
0.9967637540453075
0.9967637540453075
0.9967637540453075
0.9967637540453075
0.9967637540453075
0.9967637540453075
0.9967637540453075
0.9967637540453075
0.9967637540453075
0.9967637540453075
0.9967637540453075
0.9967637540453075
0.9967637540453075
0.9967637540453075
0.9967637540453075
0.9967637540453075
0.9967637540453075
1.0
1.0
