0.0572138014296087
0.1213258455255975
0.18208242784271872
0.25598288058697855
0.34435790200535715
0.386163538418232
0.41760938911471945
0.4329237242907394
0.512865664230246
0.5454812012430482
0.5854620881998285
0.6029074144601059
0.686218860414112
0.7001275345692771
0.7257983454937352
0.7370777977114397
0.7632826159523619
0.7650682534034182
0.778212819057938
0.7819853524128678
0.8002382411307537
0.8022813924874062
0.80822514262634
0.8148854402843124
0.83427263956355
0.8464264334527293
0.8506381007945871
0.8506381007945871
0.8536805956403606
0.8595556487290739
0.8681891548013833
0.8701292298956692
0.8805514047204244
0.8816301533719886
0.8842276968961023
0.8871849151984955
0.902656599636948
0.9052676013867293
0.9061424920253995
0.9078922733027398
0.9162496117350337
0.9171109381777556
0.9218863299715666
0.9218863299715666
0.9309199455059888
0.9330951906040279
0.9362924155365773
0.9409398395301776
0.9465797226151373
0.9478007238361386
0.9508935508296784
0.951761606385234
0.9595836708900697
0.9606624195416339
0.9618701490102328
0.9629488976617969
0.9638596444741832
0.9687381089187794
0.9687381089187794
0.9687381089187794
0.9706917482090138
0.9706917482090138
0.9733454412156257
0.9750557537423492
0.9788486863763423
0.9801558759188259
0.9810172023615478
0.9823243919040314
0.9852750675668561
0.9852750675668561
0.9861858143792424
0.9861858143792424
0.9861858143792424
0.9870965611916284
0.9870965611916284
0.9880073080040146
0.990103199863686
0.990103199863686
0.990103199863686
0.990103199863686
0.9922349478970732
0.9922349478970732
0.9922349478970732
0.9922349478970732
0.9922349478970732
0.9934559491180744
0.9943172755607963
0.9943172755607963
0.9955382767817975
0.9955382767817975
0.9955382767817975
0.9955382767817975
0.9955382767817975
0.9955382767817975
0.9955382767817975
0.9955382767817975
0.9977135218798368
0.9977135218798368
0.9977135218798368
0.9977135218798368
0.9977135218798368
0.9977135218798368
0.9977135218798368
0.9977135218798368
0.9977135218798368
0.9977135218798368
0.9977135218798368
0.9987922705314011
0.9987922705314011
0.9987922705314011
0.9987922705314011
0.9987922705314011
0.9987922705314011
0.9987922705314011
0.9987922705314011
0.9987922705314011
0.9987922705314011
0.9987922705314011
0.9987922705314011
0.9987922705314011
0.9987922705314011
0.9987922705314011
0.9987922705314011
0.9987922705314011
0.9987922705314011
0.9987922705314011
0.9987922705314011
0.9987922705314011
0.9987922705314011
0.9987922705314011
0.9987922705314011
0.9987922705314011
0.9987922705314011
0.9987922705314011
1.0
1.0
