0.01950619928426238
0.03883881045093604
0.06570456456062995
0.093627055416589
0.11099070721237077
0.13722378341486643
0.1565062885649431
0.18690470558734631
0.1988580261897225
0.20927243277984445
0.22117416664305298
0.2263142175011249
0.23545661026958317
0.24170435019303843
0.27625898922015724
0.2824548105488933
0.2914923592516385
0.30179980969200365
0.3121024666014104
0.3214934665397238
0.3278795000909539
0.34954046750905987
0.35589816399967117
0.3675676024069411
0.3779698214481917
0.3805095869189916
0.39365251559920983
0.4012517387623822
0.42097652700574506
0.43383413735222226
0.4444303949466383
0.4534676061390219
0.4675283435176809
0.47746226947325027
0.47993629223425965
0.5004958197211385
0.5215501135696312
0.526520714284913
0.5331828351582056
0.5438237358723471
0.5547804606092092
0.5575582383869869
0.5863739486063259
0.5947643259208885
0.605221263546692
0.6105955189209474
0.6147977981232267
0.6249240669252107
0.6315879809120626
0.6454062499631469
0.6454062499631469
0.6478654222682474
0.651832151643021
0.6557158253726229
0.6607147631485232
0.6645776747984216
0.6754994563655841
0.6754994563655841
0.6767620826282104
0.6830928781968374
0.6842749112937642
0.690603244382919
0.694339555896193
0.702449402753163
0.7050559372745911
0.7062379703715178
0.7087119931325272
0.7150845400790474
0.721524954704469
0.7227069878013958
0.7305051348006903
0.7317822740088641
0.738450644016313
0.7411547471284603
0.7466348349048262
0.753296955778119
0.7545740949862927
0.7647217952338934
0.7724396865778502
0.7820839914264774
0.7820839914264774
0.7820839914264774
0.7860337453762314
0.7873257350403141
0.7952422183648417
0.800351112707898
0.8058329935978232
0.8084021224700796
0.8097910113589685
0.8110830010230512
0.8110830010230512
0.8122650341199779
0.8135570237840606
0.816016196089161
0.820351656417772
0.8258404558077663
0.8282851151673194
0.8295477414299457
0.8295477414299457
0.8295477414299457
0.8295477414299457
0.8308248806381193
0.8322137695270082
0.8347390220522607
0.8372936379789696
0.8421317269338324
0.8436537969490532
0.8448358300459798
0.8473755955167799
0.8510973940845066
0.8575145841507523
0.8587917233589261
0.8655362305114774
0.8670583005266981
0.8670583005266981
0.8698723602060014
0.8710543933029282
0.8737560339356034
0.8776171524719424
0.8826751545611172
0.8852294329774646
0.888043492656768
0.8905981085834769
0.8905981085834769
0.8945935319937939
0.8945935319937939
0.8958706712019677
0.897133297464594
0.902324578086909
0.9050286811990564
0.9062107142959831
0.9062107142959831
0.9075996031848721
0.9075996031848721
0.9075996031848721
0.9091216732000927
0.9118025517530643
0.9118025517530643
0.9118025517530643
0.9118025517530643
0.9118025517530643
0.912984584849991
0.9179177799161007
0.9190998130130273
0.9229333612614694
0.9270238907830333
0.9270238907830333
0.9282059238799601
0.9282059238799601
0.9282059238799601
0.9294830630881338
0.9294830630881338
0.9294830630881338
0.9294830630881338
0.9322971227674373
0.9322971227674373
0.9334791558643639
0.9334791558643639
0.9347711455284465
0.9347711455284465
0.9347711455284465
0.9387665689387636
0.9387665689387636
0.9387665689387636
0.9387665689387636
0.9387665689387636
0.9400437081469373
0.9426502426683654
0.9426502426683654
0.9441723126835861
0.9453543457805128
0.9478135180856133
0.9478135180856133
0.9478135180856133
0.9489955511825401
0.9502726903907137
0.9515646800547963
0.9515646800547963
0.9541338089270527
0.9541338089270527
0.9541338089270527
0.9541338089270527
0.9554257985911353
0.9568146874800243
0.9593838163522808
0.96185783911329
0.963246728002179
0.9659483686348541
0.9671304017317808
0.9671304017317808
0.9685549031562822
0.9685549031562822
0.9685549031562822
0.9685549031562822
0.9685549031562822
0.9685549031562822
0.9685549031562822
0.9685549031562822
0.9685549031562822
0.9685549031562822
0.9685549031562822
0.9699794045807837
0.9699794045807837
0.9715014745960046
0.9715014745960046
0.9727934642600871
0.9727934642600871
0.9727934642600871
0.9727934642600871
0.9727934642600871
0.9757044231641968
0.9757044231641968
0.9757044231641968
0.9757044231641968
0.9757044231641968
0.9757044231641968
0.9757044231641968
0.9757044231641968
0.9768864562611235
0.9768864562611235
0.9768864562611235
0.9768864562611235
0.9768864562611235
0.9768864562611235
0.9768864562611235
0.9768864562611235
0.9768864562611235
0.9768864562611235
0.9768864562611235
0.9768864562611235
0.9768864562611235
0.9781635954692971
0.9781635954692971
0.9781635954692971
0.9781635954692971
0.9781635954692971
0.9781635954692971
0.9781635954692971
0.9806227677743975
0.9806227677743975
0.9806227677743975
0.9820116566632865
0.983436158087788
0.983436158087788
0.983436158087788
0.983436158087788
0.983436158087788
0.983436158087788
0.983436158087788
0.983436158087788
0.983436158087788
0.983436158087788
0.983436158087788
0.983436158087788
0.983436158087788
0.983436158087788
0.983436158087788
0.983436158087788
0.983436158087788
0.983436158087788
0.983436158087788
0.983436158087788
0.983436158087788
0.983436158087788
0.983436158087788
0.983436158087788
0.984698784350414
0.984698784350414
0.984698784350414
0.984698784350414
0.984698784350414
0.984698784350414
0.984698784350414
0.984698784350414
0.984698784350414
0.984698784350414
0.984698784350414
0.984698784350414
0.984698784350414
0.984698784350414
0.984698784350414
0.984698784350414
0.984698784350414
0.984698784350414
0.9862208543656347
0.9862208543656347
0.9862208543656347
0.9862208543656347
0.9874979935738083
0.9888868824626973
0.9888868824626973
0.9888868824626973
0.9888868824626973
0.9888868824626973
0.9888868824626973
0.9888868824626973
0.9888868824626973
0.9888868824626973
0.9888868824626973
0.9888868824626973
0.9888868824626973
0.9888868824626973
0.9888868824626973
0.9888868824626973
0.9888868824626973
0.9888868824626973
0.9888868824626973
0.9888868824626973
0.9888868824626973
0.9888868824626973
0.9888868824626973
0.9888868824626973
0.9888868824626973
0.9888868824626973
0.9888868824626973
0.9888868824626973
0.9888868824626973
0.9888868824626973
0.9888868824626973
0.9917002727760875
0.9917002727760875
0.9917002727760875
0.9917002727760875
0.9917002727760875
0.9917002727760875
0.9917002727760875
0.9917002727760875
0.9917002727760875
0.9917002727760875
0.9917002727760875
0.9917002727760875
0.9917002727760875
0.9917002727760875
0.9917002727760875
0.9917002727760875
0.9917002727760875
0.9917002727760875
0.9917002727760875
0.9917002727760875
0.9917002727760875
0.9917002727760875
0.9917002727760875
0.9917002727760875
0.9932223427913082
0.9932223427913082
0.9932223427913082
0.9932223427913082
0.9932223427913082
0.9932223427913082
0.9932223427913082
0.9932223427913082
0.9932223427913082
0.9932223427913082
0.9932223427913082
0.9932223427913082
0.9932223427913082
0.9932223427913082
0.9932223427913082
0.9932223427913082
0.9932223427913082
0.9932223427913082
0.9932223427913082
0.9932223427913082
0.9932223427913082
0.9932223427913082
0.9932223427913082
0.9932223427913082
0.9932223427913082
0.9932223427913082
0.9932223427913082
0.9932223427913082
0.9932223427913082
0.9932223427913082
0.9932223427913082
0.9946468442158096
0.9946468442158096
0.9946468442158096
0.9946468442158096
0.9946468442158096
0.9946468442158096
0.9946468442158096
0.9946468442158096
0.9946468442158096
0.9946468442158096
0.9946468442158096
0.9946468442158096
0.9946468442158096
0.9946468442158096
0.9946468442158096
0.9946468442158096
0.9946468442158096
0.9946468442158096
0.9946468442158096
0.9946468442158096
0.9946468442158096
0.9946468442158096
0.9946468442158096
0.9946468442158096
0.9946468442158096
0.9946468442158096
0.9946468442158096
0.9946468442158096
0.9946468442158096
0.9946468442158096
0.9946468442158096
0.9946468442158096
0.9946468442158096
0.9946468442158096
0.9946468442158096
0.9960357331046986
0.9960357331046986
0.9960357331046986
0.9960357331046986
0.9960357331046986
0.9960357331046986
0.9960357331046986
0.9960357331046986
0.9960357331046986
0.9960357331046986
0.9960357331046986
0.9960357331046986
0.9960357331046986
0.9960357331046986
0.9960357331046986
0.9960357331046986
0.9960357331046986
0.9960357331046986
0.9960357331046986
0.9960357331046986
0.9960357331046986
0.9960357331046986
0.9960357331046986
0.9960357331046986
0.9960357331046986
0.9960357331046986
0.9960357331046986
0.9960357331046986
0.9960357331046986
0.9960357331046986
0.9960357331046986
0.9960357331046986
0.9960357331046986
0.9960357331046986
0.9960357331046986
0.9960357331046986
0.9960357331046986
0.9960357331046986
0.9960357331046986
0.9960357331046986
0.9960357331046986
0.9960357331046986
0.9960357331046986
0.9960357331046986
0.9960357331046986
0.9960357331046986
0.9960357331046986
0.9960357331046986
0.9960357331046986
0.9960357331046986
0.9960357331046986
0.9960357331046986
0.9960357331046986
0.9960357331046986
0.9960357331046986
0.9960357331046986
0.9960357331046986
0.9960357331046986
0.9972983593673249
0.9987228607918264
0.9987228607918264
0.9987228607918264
0.9987228607918264
0.9987228607918264
0.9987228607918264
0.9987228607918264
0.9987228607918264
0.9987228607918264
0.9987228607918264
0.9987228607918264
0.9987228607918264
0.9987228607918264
0.9987228607918264
0.9987228607918264
0.9987228607918264
0.9987228607918264
0.9987228607918264
0.9987228607918264
0.9987228607918264
0.9987228607918264
0.9987228607918264
0.9987228607918264
0.9987228607918264
0.9987228607918264
0.9987228607918264
0.9987228607918264
0.9987228607918264
0.9987228607918264
0.9987228607918264
0.9987228607918264
0.9987228607918264
0.9987228607918264
0.9987228607918264
0.9987228607918264
0.9987228607918264
0.9987228607918264
0.9987228607918264
1.0
1.0
