0.11001318368573697
0.22164462708576757
0.3182248165254927
0.49480423446371496
0.557153356709913
0.5872966345845545
0.7348042923448849
0.7700049420100138
0.7881366567221411
0.8459601429478061
0.8523235591882874
0.8640394773585717
0.8924603517403273
0.8980285717925018
0.8988898982352236
0.9120092631312426
0.9190317619217407
0.9265132043595785
0.9375566289465154
0.9405564325354582
0.9434208186380787
0.9549799178426385
0.958233911592242
0.958233911592242
0.9638415027678925
0.9676276003187705
0.9700696027607729
0.9748918117525904
0.9757598673081459
0.9757598673081459
0.9807401301316747
0.983733204607784
0.9849542058287852
0.9879967006745587
0.988907447486945
0.9897823381256151
0.9906177600136685
0.9923639287141081
0.9923639287141081
0.9948921194775929
0.9957601750331485
0.9957601750331485
0.9957601750331485
0.9957601750331485
0.9957601750331485
0.9968389236847128
0.9968389236847128
0.9968389236847128
0.9968389236847128
0.998059924905714
0.998059924905714
0.998059924905714
0.998059924905714
0.998059924905714
0.9991386735572783
0.9991386735572783
0.9991386735572783
0.9991386735572783
0.9991386735572783
0.9991386735572783
0.9991386735572783
0.9991386735572783
0.9991386735572783
1.0
1.0
