0.0
0.0
0.0
0.0
0.0
0.0
0.0
0.0
0.0
0.0
0.0012755102040816326
0.0012755102040816326
0.004758737619414269
0.012133380287464782
0.012133380287464782
0.012133380287464782
0.01681308091573851
0.01681308091573851
0.0211562429117197
0.0211562429117197
0.024768218431555175
0.032974168269190064
0.03477299917634176
0.03477299917634176
0.03477299917634176
0.038305937705036694
0.038305937705036694
0.04373113851498822
0.04572352148968348
0.04572352148968348
0.04797417981753074
0.04797417981753074
0.05724769340873936
0.06354029726281954
0.07571669934431284
0.07571669934431284
0.07859079906866885
0.0815650194864635
0.08550007432249171
0.08550007432249171
0.08550007432249171
0.09010065728219263
0.09072409867870138
0.09711682322622021
0.09711682322622021
0.09847145109887465
0.09847145109887465
0.09847145109887465
0.11127798389621045
0.11127798389621045
0.11984232978043603
0.12651441338340502
0.12651441338340502
0.12651441338340502
0.13283564464854936
0.1385191208116529
0.1444676423246745
0.1462521595262941
0.1462521595262941
0.1462521595262941
0.1462521595262941
0.14795086974000712
0.15518921516264242
0.15518921516264242
0.16163165082352357
0.16830373442649255
0.16830373442649255
0.1729834350547663
0.17684614221898773
0.18765352204486224
0.18765352204486224
0.18765352204486224
0.18765352204486224
0.19019022874749342
0.19019022874749342
0.19154485662014786
0.20977659022743517
0.21582523243389545
0.21582523243389545
0.21582523243389545
0.21582523243389545
0.21582523243389545
0.21582523243389545
0.22249731603686443
0.22753541271172883
0.22924843663097394
0.23132662659357578
0.23331900956827104
0.23331900956827104
0.23331900956827104
0.24758021025426769
0.25155066249812613
0.254710810597266
0.254710810597266
0.25742006634257486
0.25742006634257486
0.25742006634257486
0.2632751564814916
0.2706640321776419
0.2706640321776419
0.2706640321776419
0.27298618378786366
0.27298618378786366
0.2787411532333417
0.2869613360990764
0.2869613360990764
0.2869613360990764
0.2869613360990764
0.2869613360990764
0.2968803098559564
0.298141506354506
0.3050861790161591
0.3050861790161591
0.3104827524150464
0.3112997458790987
0.3139012565447706
0.32164860896494385
0.32164860896494385
0.3319394380845143
0.3319394380845143
0.33897660705340776
0.33897660705340776
0.3396143621554486
0.34015199656405076
0.34015199656405076
0.34294705929726627
0.34294705929726627
0.34294705929726627
0.343570500693775
0.34492512856642943
0.34492512856642943
0.3528516386711819
0.3662177439688502
0.3662177439688502
0.3662177439688502
0.3707115169157787
0.3707115169157787
0.3733273412869827
0.3733273412869827
0.38099557603858314
0.38099557603858314
0.38099557603858314
0.39511363423711265
0.39511363423711265
0.39720613790524656
0.39720613790524656
0.402910617093216
0.40479525498827423
0.40479525498827423
0.40479525498827423
0.40479525498827423
0.40912410327872334
0.41239199645750024
0.42220322513474323
0.42407354932426944
0.4290401527167593
0.4290401527167593
0.4290401527167593
0.4290401527167593
0.4290401527167593
0.43572646934782816
0.43572646934782816
0.43572646934782816
0.4375253002549799
0.4404708932617103
0.4404708932617103
0.4404708932617103
0.4432659559949258
0.44640510106919984
0.4516081224005436
0.45476158118034976
0.4553850225768585
0.4553850225768585
0.4564602913940628
0.4620503361830614
0.4694105844681476
0.4694105844681476
0.4694105844681476
0.4694105844681476
0.4694105844681476
0.4694105844681476
0.47968032988542
0.47968032988542
0.48113507845151304
0.48239627495006254
0.48301971634657137
0.48997201339442276
0.48997201339442276
0.49124752359850443
0.49675853139636245
0.49675853139636245
0.49675853139636245
0.49675853139636245
0.49675853139636245
0.5001913492316188
0.5068634328345877
0.5068634328345877
0.5120017308803231
0.5120017308803231
0.5120017308803231
0.5120017308803231
0.5120017308803231
0.5168749028987081
0.5200140479729821
0.520651803075023
0.520651803075023
0.5219129995735725
0.5266860508985188
0.5336307235601719
0.537536452518422
0.537536452518422
0.537536452518422
0.537536452518422
0.537536452518422
0.5380740869270241
0.5380740869270241
0.5415927117501869
0.5415927117501869
0.5415927117501869
0.5441942224158588
0.5549872885362013
0.5549872885362013
0.5549872885362013
0.5577823512694167
0.5577823512694167
0.5577823512694167
0.5577823512694167
0.5597604205385798
0.5597604205385798
0.5603838619350885
0.5680378636585892
0.5685754980671914
0.5685754980671914
0.570374328974343
0.570374328974343
0.570374328974343
0.570374328974343
0.5808880360392354
0.5808880360392354
0.5808880360392354
0.5808880360392354
0.5853170050231231
0.5853170050231231
0.5853170050231231
0.5863922738403274
0.5874675426575318
0.5946704906723368
0.5963835145915819
0.5963835145915819
0.5963835145915819
0.5963835145915819
0.5981680317932014
0.6050192730807498
0.6050192730807498
0.6086169348950532
0.6086169348950532
0.6086169348950532
0.6096922037122574
0.6126664241300521
0.6203557425839508
0.6209791839804595
0.6209791839804595
0.6209791839804595
0.6240679194746571
0.6240679194746571
0.6283748296733758
0.6283748296733758
0.6283748296733758
0.6283748296733758
0.6283748296733758
0.6283748296733758
0.6303528989425389
0.637147041330677
0.637147041330677
0.6403005001104831
0.6421136447231669
0.6421136447231669
0.6421136447231669
0.6438981619247865
0.6464348686274177
0.6464348686274177
0.6464348686274177
0.6464348686274177
0.6464348686274177
0.6488647653172764
0.6534729726631757
0.6575081481926426
0.6575081481926426
0.6611134343931443
0.6628121446068573
0.6628121446068573
0.6628121446068573
0.6628121446068573
0.6634498997088981
0.6634498997088981
0.6639875341175002
0.6666033584887043
0.6666033584887043
0.6742067892772641
0.6742067892772641
0.675382178787907
0.675382178787907
0.675382178787907
0.6788006829176312
0.6788006829176312
0.6827854488670217
0.6827854488670217
0.6880170976094296
0.6880170976094296
0.6886405390059384
0.6886405390059384
0.6904393699130901
0.6904393699130901
0.6904393699130901
0.6930551942842941
0.6930551942842941
0.6930551942842941
0.6930551942842941
0.6949398321793523
0.6949398321793523
0.6949398321793523
0.6982935323460358
0.7065995221996771
0.7065995221996771
0.7100323400349333
0.7100323400349333
0.7100323400349333
0.7100323400349333
0.7122686846572486
0.7165899892389316
0.7165899892389316
0.7165899892389316
0.7165899892389316
0.7165899892389316
0.7165899892389316
0.7185823722136269
0.7185823722136269
0.7208398005382401
0.7208398005382401
0.7244231486470114
0.7279350034734082
0.7285584448699169
0.7310741485476823
0.7310741485476823
0.7326870517734887
0.7326870517734887
0.7326870517734887
0.7326870517734887
0.7326870517734887
0.7326870517734887
0.73730957282492
0.7402190699571063
0.7402190699571063
0.7402190699571063
0.7402190699571063
0.7402190699571063
0.7469054672656072
0.7469054672656072
0.7469054672656072
0.7469054672656072
0.7486184911848526
0.7486184911848526
0.7545670126978741
0.7585374649417325
0.7585374649417325
0.7585374649417325
0.7585374649417325
0.7598129751458143
0.760436416542323
0.760436416542323
0.760436416542323
0.7615974923474338
0.7615974923474338
0.769445046138478
0.769445046138478
0.769445046138478
0.7750704883353068
0.7765252369014
0.7765252369014
0.7807750482007084
0.7807750482007084
0.7807750482007084
0.7807750482007084
0.7807750482007084
0.7847455004445669
0.7847455004445669
0.7847455004445669
0.7847455004445669
0.7847455004445669
0.7870676520547887
0.7896977901315246
0.7922278075148221
0.7922278075148221
0.7922278075148221
0.7922278075148221
0.7959542981110606
0.7959542981110606
0.7959542981110606
0.7965777395075693
0.7965777395075693
0.7965777395075693
0.7965777395075693
0.8015586566055913
0.8015586566055913
0.8015586566055913
0.8033718012182751
0.8057940735219355
0.8075070974411807
0.8075070974411807
0.8086824869518235
0.8086824869518235
0.8086824869518235
0.8086824869518235
0.810037114824478
0.810037114824478
0.8170963025625341
0.8170963025625341
0.8207940850702762
0.8207940850702762
0.8207940850702762
0.8207940850702762
0.8207940850702762
0.8207940850702762
0.8207940850702762
0.8245852989521232
0.8245852989521232
0.8251229333607253
0.8251229333607253
0.8300752230476831
0.8306128574562852
0.8306128574562852
0.8306128574562852
0.8306128574562852
0.8318740539548348
0.8324116883634369
0.8324116883634369
0.8341247122826821
0.8341247122826821
0.8341247122826821
0.8366327915742491
0.8366327915742491
0.8408682084905932
0.8408682084905932
0.842667039397745
0.842667039397745
0.842667039397745
0.842667039397745
0.842667039397745
0.842667039397745
0.842667039397745
0.8433047944997858
0.8433047944997858
0.8433047944997858
0.8433047944997858
0.8445659909983353
0.845189432394844
0.845189432394844
0.845189432394844
0.845189432394844
0.8464649425989257
0.8464649425989257
0.8481779665181708
0.8481779665181708
0.8493390423232816
0.8493390423232816
0.8493390423232816
0.8493390423232816
0.8499624837197904
0.8511378732304333
0.8517756283324742
0.8517756283324742
0.8517756283324742
0.8546564980535962
0.8546564980535962
0.8552799394501049
0.8571645773451633
0.8571645773451633
0.8571645773451633
0.8571645773451633
0.8571645773451633
0.8571645773451633
0.8571645773451633
0.8571645773451633
0.8596945947284607
0.8596945947284607
0.8596945947284607
0.8596945947284607
0.8596945947284607
0.8596945947284607
0.8596945947284607
0.8596945947284607
0.8608699842391037
0.8626688151462553
0.863292256542764
0.863292256542764
0.8649051597685704
0.8649051597685704
0.8649051597685704
0.8649051597685704
0.8649051597685704
0.8649051597685704
0.8649051597685704
0.8649051597685704
0.8649051597685704
0.8649051597685704
0.8649051597685704
0.8655286011650791
0.8655286011650791
0.8655286011650791
0.867606791127681
0.867606791127681
0.867606791127681
0.8681444255362832
0.8681444255362832
0.8681444255362832
0.8681444255362832
0.8687821806383241
0.8694199357403648
0.8694199357403648
0.8706811322389144
0.8706811322389144
0.8721358808050076
0.8721358808050076
0.8721358808050076
0.8721358808050076
0.8721358808050076
0.873490508677662
0.873490508677662
0.8740281430862642
0.8740281430862642
0.8740281430862642
0.8779985953301224
0.879890857611379
0.879890857611379
0.879890857611379
0.879890857611379
0.879890857611379
0.879890857611379
0.8816896885185308
0.8816896885185308
0.8816896885185308
0.8816896885185308
0.8816896885185308
0.8828507643236416
0.8828507643236416
0.8866991577823309
0.8866991577823309
0.8866991577823309
0.8866991577823309
0.8873225991788396
0.8892215507794301
0.8892215507794301
0.8892215507794301
0.8892215507794301
0.8897591851880323
0.8897591851880323
0.8897591851880323
0.8897591851880323
0.8922748888657976
0.8922748888657976
0.8960661027476446
0.8960661027476446
0.8960661027476446
0.8967038578496853
0.8967038578496853
0.8967038578496853
0.8967038578496853
0.8967038578496853
0.8967038578496853
0.9001299056881756
0.9001299056881756
0.9018429296074207
0.9018429296074207
0.9024806847094615
0.9036417605145723
0.9036417605145723
0.9036417605145723
0.9036417605145723
0.9036417605145723
0.906092660229297
0.906092660229297
0.906092660229297
0.906092660229297
0.906092660229297
0.906092660229297
0.906092660229297
0.906092660229297
0.906092660229297
0.9066302946378991
0.9066302946378991
0.9066302946378991
0.9078914911364487
0.9078914911364487
0.9085149325329575
0.9102279564522026
0.9102279564522026
0.9102279564522026
0.9120267873593542
0.9120267873593542
0.9120267873593542
0.9120267873593542
0.9120267873593542
0.9120267873593542
0.9120267873593542
0.9120267873593542
0.9120267873593542
0.9120267873593542
0.9120267873593542
0.9126645424613951
0.9126645424613951
0.913839931972038
0.913839931972038
0.913839931972038
0.913839931972038
0.913839931972038
0.9150010077771489
0.9150010077771489
0.9150010077771489
0.9150010077771489
0.9161763972877919
0.916714031696394
0.916714031696394
0.916714031696394
0.9184270556156392
0.9184270556156392
0.9184270556156392
0.9196739384086566
0.9196739384086566
0.9203116935106974
0.9203116935106974
0.9203116935106974
0.9203116935106974
0.9203116935106974
0.9203116935106974
0.9203116935106974
0.9203116935106974
0.9216663213833518
0.9222897627798605
0.9222897627798605
0.9222897627798605
0.9222897627798605
0.9222897627798605
0.9222897627798605
0.9222897627798605
0.9222897627798605
0.9243822664479945
0.9243822664479945
0.9243822664479945
0.9243822664479945
0.9260809766617075
0.9260809766617075
0.9260809766617075
0.9260809766617075
0.9260809766617075
0.9260809766617075
0.9260809766617075
0.9260809766617075
0.9260809766617075
0.9260809766617075
0.9260809766617075
0.9260809766617075
0.9260809766617075
0.9260809766617075
0.9260809766617075
0.927342173160257
0.927342173160257
0.928503248965368
0.928503248965368
0.928503248965368
0.928503248965368
0.928503248965368
0.928503248965368
0.928503248965368
0.928503248965368
0.928503248965368
0.928503248965368
0.928503248965368
0.928503248965368
0.928503248965368
0.9296643247704789
0.9296643247704789
0.9308254005755897
0.9308254005755897
0.9324593875036943
0.9324593875036943
0.9324593875036943
0.9324593875036943
0.9324593875036943
0.9324593875036943
0.9324593875036943
0.9324593875036943
0.9324593875036943
0.9324593875036943
0.9324593875036943
0.9324593875036943
0.9324593875036943
0.9347958528194481
0.9347958528194481
0.9347958528194481
0.9347958528194481
0.9347958528194481
0.9347958528194481
0.9353334872280503
0.9353334872280503
0.9353334872280503
0.9353334872280503
0.9353334872280503
0.9353334872280503
0.9353334872280503
0.9353334872280503
0.9353334872280503
0.9353334872280503
0.9353334872280503
0.9361504806921026
0.9361504806921026
0.9361504806921026
0.9361504806921026
0.9361504806921026
0.9361504806921026
0.9361504806921026
0.9361504806921026
0.9367739220886113
0.9367739220886113
0.9367739220886113
0.93739736348512
0.93739736348512
0.93739736348512
0.93739736348512
0.93739736348512
0.93739736348512
0.93739736348512
0.93739736348512
0.93739736348512
0.93739736348512
0.93739736348512
0.93739736348512
0.93739736348512
0.93739736348512
0.93739736348512
0.9384726323023243
0.9384726323023243
0.9384726323023243
0.9384726323023243
0.939096073698833
0.939096073698833
0.939096073698833
0.939096073698833
0.9402571495039439
0.9402571495039439
0.9402571495039439
0.9402571495039439
0.9402571495039439
0.9402571495039439
0.940794783912546
0.940794783912546
0.940794783912546
0.940794783912546
0.940794783912546
0.940794783912546
0.9435040396578549
0.9435040396578549
0.9435040396578549
0.9435040396578549
0.9435040396578549
0.9435040396578549
0.9435040396578549
0.9435040396578549
0.9435040396578549
0.9435040396578549
0.9435040396578549
0.9435040396578549
0.9435040396578549
0.9435040396578549
0.9435040396578549
0.944041674066457
0.944041674066457
0.944041674066457
0.944041674066457
0.944041674066457
0.944041674066457
0.9446794291684979
0.9453171842705387
0.9465640670635561
0.9465640670635561
0.9465640670635561
0.9465640670635561
0.9465640670635561
0.9465640670635561
0.9465640670635561
0.9465640670635561
0.9465640670635561
0.9465640670635561
0.9465640670635561
0.9465640670635561
0.9465640670635561
0.9465640670635561
0.9465640670635561
0.9471875084600648
0.9471875084600648
0.9471875084600648
0.9471875084600648
0.9471875084600648
0.9471875084600648
0.9471875084600648
0.9471875084600648
0.9482627772772692
0.9482627772772692
0.9482627772772692
0.9482627772772692
0.9482627772772692
0.9482627772772692
0.9482627772772692
0.9482627772772692
0.9488004116858713
0.9488004116858713
0.9488004116858713
0.9488004116858713
0.9488004116858713
0.9494381667879122
0.9505992425930231
0.9505992425930231
0.9505992425930231
0.9505992425930231
0.9505992425930231
0.9511368770016252
0.9511368770016252
0.9511368770016252
0.9511368770016252
0.9511368770016252
0.9511368770016252
0.9511368770016252
0.9511368770016252
0.9519538704656775
0.9519538704656775
0.9519538704656775
0.9519538704656775
0.9519538704656775
0.9519538704656775
0.9519538704656775
0.9519538704656775
0.9519538704656775
0.9519538704656775
0.9519538704656775
0.9519538704656775
0.9519538704656775
0.9519538704656775
0.9542112987902908
0.9542112987902908
0.9542112987902908
0.9555659266629453
0.9555659266629453
0.9555659266629453
0.9555659266629453
0.9555659266629453
0.9555659266629453
0.9555659266629453
0.9555659266629453
0.9555659266629453
0.9555659266629453
0.9555659266629453
0.956203681764986
0.956203681764986
0.956203681764986
0.956203681764986
0.956203681764986
0.956203681764986
0.956203681764986
0.9568414368670269
0.9568414368670269
0.9568414368670269
0.9568414368670269
0.9568414368670269
0.9568414368670269
0.9568414368670269
0.9568414368670269
0.9568414368670269
0.9568414368670269
0.9568414368670269
0.9568414368670269
0.9568414368670269
0.9568414368670269
0.9568414368670269
0.9568414368670269
0.95881950613619
0.95881950613619
0.95881950613619
0.95881950613619
0.95881950613619
0.95881950613619
0.95881950613619
0.9594572612382308
0.9594572612382308
0.9607041440312483
0.9607041440312483
0.9607041440312483
0.9607041440312483
0.9607041440312483
0.9607041440312483
0.9607041440312483
0.9607041440312483
0.9618795335418913
0.9618795335418913
0.9625029749384
0.9625029749384
0.9625029749384
0.9625029749384
0.9625029749384
0.9625029749384
0.9625029749384
0.9625029749384
0.9625029749384
0.9625029749384
0.9625029749384
0.9625029749384
0.9625029749384
0.9625029749384
0.9625029749384
0.9643876128334583
0.9643876128334583
0.9643876128334583
0.9643876128334583
0.9643876128334583
0.9643876128334583
0.9643876128334583
0.965011054229967
0.965011054229967
0.965011054229967
0.9656488093320079
0.9656488093320079
0.9662865644340486
0.9662865644340486
0.9662865644340486
0.9662865644340486
0.9662865644340486
0.9662865644340486
0.9662865644340486
0.9662865644340486
0.9662865644340486
0.9662865644340486
0.9662865644340486
0.9662865644340486
0.9662865644340486
0.9662865644340486
0.9662865644340486
0.9662865644340486
0.9662865644340486
0.9662865644340486
0.9662865644340486
0.9662865644340486
0.9669243195360895
0.9669243195360895
0.9680997090467325
0.9680997090467325
0.9680997090467325
0.9680997090467325
0.9680997090467325
0.9687374641487733
0.9687374641487733
0.9687374641487733
0.9687374641487733
0.969375219250814
0.9700129743528549
0.9700129743528549
0.9700129743528549
0.9700129743528549
0.9700129743528549
0.9700129743528549
0.9700129743528549
0.9700129743528549
0.9700129743528549
0.9700129743528549
0.9700129743528549
0.9700129743528549
0.9700129743528549
0.9700129743528549
0.9700129743528549
0.9700129743528549
0.9700129743528549
0.9700129743528549
0.9700129743528549
0.9700129743528549
0.9700129743528549
0.9700129743528549
0.9700129743528549
0.9700129743528549
0.9706364157493637
0.9706364157493637
0.9706364157493637
0.9711740501579658
0.9711740501579658
0.9711740501579658
0.9711740501579658
0.9711740501579658
0.9711740501579658
0.9711740501579658
0.9711740501579658
0.9711740501579658
0.9711740501579658
0.971711684566568
0.971711684566568
0.971711684566568
0.971711684566568
0.971711684566568
0.971711684566568
0.971711684566568
0.971711684566568
0.971711684566568
0.971711684566568
0.971711684566568
0.971711684566568
0.971711684566568
0.971711684566568
0.971711684566568
0.971711684566568
0.971711684566568
0.971711684566568
0.971711684566568
0.971711684566568
0.971711684566568
0.9722493189751701
0.9722493189751701
0.9722493189751701
0.9740338361767897
0.9740338361767897
0.9740338361767897
0.9740338361767897
0.9740338361767897
0.9740338361767897
0.9740338361767897
0.9740338361767897
0.9740338361767897
0.9740338361767897
0.9740338361767897
0.9746715912788304
0.9746715912788304
0.9746715912788304
0.9746715912788304
0.9746715912788304
0.9746715912788304
0.9746715912788304
0.9746715912788304
0.9746715912788304
0.9746715912788304
0.9752092256874326
0.9752092256874326
0.9752092256874326
0.9752092256874326
0.9752092256874326
0.9752092256874326
0.9752092256874326
0.9752092256874326
0.9752092256874326
0.9752092256874326
0.9752092256874326
0.9752092256874326
0.9752092256874326
0.9752092256874326
0.9752092256874326
0.9752092256874326
0.9752092256874326
0.9752092256874326
0.9752092256874326
0.9752092256874326
0.9758469807894734
0.9758469807894734
0.9758469807894734
0.9758469807894734
0.9758469807894734
0.9758469807894734
0.9758469807894734
0.9758469807894734
0.9758469807894734
0.9763846151980755
0.9763846151980755
0.9775456910031864
0.9775456910031864
0.9775456910031864
0.9781691323996952
0.9781691323996952
0.9781691323996952
0.9781691323996952
0.9781691323996952
0.9781691323996952
0.9781691323996952
0.9781691323996952
0.9781691323996952
0.9781691323996952
0.9781691323996952
0.9781691323996952
0.9781691323996952
0.9781691323996952
0.9781691323996952
0.9781691323996952
0.9781691323996952
0.9781691323996952
0.9781691323996952
0.9781691323996952
0.9781691323996952
0.9781691323996952
0.9781691323996952
0.9781691323996952
0.9781691323996952
0.9781691323996952
0.9781691323996952
0.9781691323996952
0.9781691323996952
0.9788068875017361
0.9788068875017361
0.9788068875017361
0.9788068875017361
0.9788068875017361
0.9788068875017361
0.9788068875017361
0.9788068875017361
0.9788068875017361
0.9793445219103382
0.9793445219103382
0.9799822770123789
0.9799822770123789
0.9799822770123789
0.9799822770123789
0.9799822770123789
0.9799822770123789
0.9799822770123789
0.9799822770123789
0.9799822770123789
0.9799822770123789
0.9799822770123789
0.9799822770123789
0.9799822770123789
0.9799822770123789
0.9799822770123789
0.9799822770123789
0.9799822770123789
0.9799822770123789
0.9799822770123789
0.9799822770123789
0.9799822770123789
0.9799822770123789
0.9799822770123789
0.9799822770123789
0.9799822770123789
0.9799822770123789
0.9806057184088877
0.9806057184088877
0.9806057184088877
0.9811433528174898
0.9811433528174898
0.9811433528174898
0.9811433528174898
0.9811433528174898
0.9811433528174898
0.9811433528174898
0.9811433528174898
0.9811433528174898
0.9811433528174898
0.9811433528174898
0.9811433528174898
0.9811433528174898
0.9811433528174898
0.9811433528174898
0.9811433528174898
0.9811433528174898
0.9811433528174898
0.9811433528174898
0.9811433528174898
0.9811433528174898
0.9811433528174898
0.9811433528174898
0.9811433528174898
0.9811433528174898
0.9811433528174898
0.9811433528174898
0.9811433528174898
0.9811433528174898
0.9811433528174898
0.9811433528174898
0.9811433528174898
0.9811433528174898
0.9811433528174898
0.9811433528174898
0.9811433528174898
0.9811433528174898
0.9811433528174898
0.9811433528174898
0.9811433528174898
0.9811433528174898
0.9811433528174898
0.9811433528174898
0.9811433528174898
0.9811433528174898
0.9811433528174898
0.9811433528174898
0.9811433528174898
0.9811433528174898
0.9811433528174898
0.9811433528174898
0.9811433528174898
0.9811433528174898
0.9811433528174898
0.9811433528174898
0.9811433528174898
0.9811433528174898
0.9817811079195307
0.9817811079195307
0.9817811079195307
0.9817811079195307
0.9817811079195307
0.9817811079195307
0.9817811079195307
0.9817811079195307
0.9817811079195307
0.9817811079195307
0.9817811079195307
0.9817811079195307
0.9823187423281328
0.9823187423281328
0.9823187423281328
0.9823187423281328
0.9823187423281328
0.9823187423281328
0.9823187423281328
0.9823187423281328
0.9823187423281328
0.9823187423281328
0.9823187423281328
0.9823187423281328
0.9823187423281328
0.9823187423281328
0.9823187423281328
0.9823187423281328
0.9823187423281328
0.9823187423281328
0.9823187423281328
0.9823187423281328
0.9823187423281328
0.9823187423281328
0.9823187423281328
0.9823187423281328
0.9823187423281328
0.9823187423281328
0.9823187423281328
0.9823187423281328
0.9823187423281328
0.9823187423281328
0.9823187423281328
0.9823187423281328
0.9823187423281328
0.9823187423281328
0.9823187423281328
0.9823187423281328
0.9823187423281328
0.9823187423281328
0.9829564974301737
0.9829564974301737
0.9829564974301737
0.9829564974301737
0.9829564974301737
0.9829564974301737
0.9829564974301737
0.9829564974301737
0.9829564974301737
0.9829564974301737
0.9829564974301737
0.9829564974301737
0.9829564974301737
0.9829564974301737
0.9829564974301737
0.9829564974301737
0.9829564974301737
0.9829564974301737
0.9829564974301737
0.9829564974301737
0.9829564974301737
0.984031766247378
0.984031766247378
0.984031766247378
0.984031766247378
0.984031766247378
0.984031766247378
0.984031766247378
0.984031766247378
0.984031766247378
0.984031766247378
0.984031766247378
0.984031766247378
0.984031766247378
0.984031766247378
0.984031766247378
0.984031766247378
0.984031766247378
0.984031766247378
0.984031766247378
0.984031766247378
0.984031766247378
0.984031766247378
0.984031766247378
0.984031766247378
0.984031766247378
0.984031766247378
0.984031766247378
0.9845694006559801
0.9845694006559801
0.9845694006559801
0.9845694006559801
0.9845694006559801
0.9845694006559801
0.9845694006559801
0.9845694006559801
0.9845694006559801
0.9845694006559801
0.9845694006559801
0.9845694006559801
0.9845694006559801
0.9845694006559801
0.9845694006559801
0.9845694006559801
0.9845694006559801
0.9845694006559801
0.9845694006559801
0.9845694006559801
0.9845694006559801
0.9845694006559801
0.9845694006559801
0.9845694006559801
0.9845694006559801
0.9845694006559801
0.9845694006559801
0.9845694006559801
0.9845694006559801
0.9845694006559801
0.9845694006559801
0.9845694006559801
0.9845694006559801
0.9845694006559801
0.9845694006559801
0.9845694006559801
0.9845694006559801
0.9845694006559801
0.9845694006559801
0.9845694006559801
0.9845694006559801
0.9845694006559801
0.9845694006559801
0.9845694006559801
0.9845694006559801
0.9845694006559801
0.9845694006559801
0.9845694006559801
0.9845694006559801
0.9845694006559801
0.9845694006559801
0.9845694006559801
0.9845694006559801
0.9845694006559801
0.9845694006559801
0.9845694006559801
0.9845694006559801
0.9845694006559801
0.9845694006559801
0.9845694006559801
0.9845694006559801
0.9845694006559801
0.9845694006559801
0.9845694006559801
0.9845694006559801
0.9845694006559801
0.9845694006559801
0.9845694006559801
0.9845694006559801
0.9845694006559801
0.9845694006559801
0.9845694006559801
0.9845694006559801
0.9845694006559801
0.9845694006559801
0.9845694006559801
0.9845694006559801
0.9845694006559801
0.9845694006559801
0.9845694006559801
0.9845694006559801
0.9845694006559801
0.9845694006559801
0.9845694006559801
0.9845694006559801
0.9845694006559801
0.9845694006559801
0.9845694006559801
0.9845694006559801
0.9845694006559801
0.9845694006559801
0.9845694006559801
0.9845694006559801
0.9845694006559801
0.9845694006559801
0.9845694006559801
0.9845694006559801
0.9845694006559801
0.9845694006559801
0.9845694006559801
0.9845694006559801
0.9845694006559801
0.9845694006559801
0.9845694006559801
0.9845694006559801
0.9845694006559801
0.9845694006559801
0.9845694006559801
0.9845694006559801
0.9845694006559801
0.9845694006559801
0.9845694006559801
0.9845694006559801
0.9845694006559801
0.9845694006559801
0.9845694006559801
0.9845694006559801
0.9845694006559801
0.9845694006559801
0.9845694006559801
0.9845694006559801
0.9845694006559801
0.9845694006559801
0.9845694006559801
0.9845694006559801
0.9845694006559801
0.9845694006559801
0.9845694006559801
0.9845694006559801
0.9845694006559801
0.9845694006559801
0.9845694006559801
0.9845694006559801
0.9845694006559801
0.9845694006559801
0.9845694006559801
0.9845694006559801
0.9845694006559801
0.9845694006559801
0.9845694006559801
0.9845694006559801
0.9845694006559801
0.9860098355165411
0.9860098355165411
0.9860098355165411
0.9860098355165411
0.9860098355165411
0.9860098355165411
0.9860098355165411
0.9860098355165411
0.9860098355165411
0.9860098355165411
0.9860098355165411
0.9860098355165411
0.9860098355165411
0.9860098355165411
0.9860098355165411
0.9860098355165411
0.9860098355165411
0.9860098355165411
0.9860098355165411
0.9865474699251433
0.9865474699251433
0.9865474699251433
0.9865474699251433
0.9865474699251433
0.9865474699251433
0.9865474699251433
0.9865474699251433
0.9865474699251433
0.9865474699251433
0.9865474699251433
0.9865474699251433
0.9865474699251433
0.9865474699251433
0.9865474699251433
0.9865474699251433
0.9865474699251433
0.9865474699251433
0.9865474699251433
0.9865474699251433
0.9865474699251433
0.9865474699251433
0.9865474699251433
0.9865474699251433
0.9865474699251433
0.9865474699251433
0.9865474699251433
0.9865474699251433
0.9865474699251433
0.9865474699251433
0.9865474699251433
0.9865474699251433
0.9865474699251433
0.9865474699251433
0.9865474699251433
0.9865474699251433
0.9865474699251433
0.9865474699251433
0.9865474699251433
0.9865474699251433
0.9865474699251433
0.9865474699251433
0.987170911321652
0.987170911321652
0.987170911321652
0.987170911321652
0.987170911321652
0.987170911321652
0.987170911321652
0.987170911321652
0.987170911321652
0.987170911321652
0.987170911321652
0.987170911321652
0.987170911321652
0.987170911321652
0.9878086664236927
0.9878086664236927
0.9878086664236927
0.9878086664236927
0.9878086664236927
0.9878086664236927
0.9878086664236927
0.9878086664236927
0.9878086664236927
0.9878086664236927
0.9878086664236927
0.9878086664236927
0.9878086664236927
0.9878086664236927
0.9878086664236927
0.9878086664236927
0.9878086664236927
0.9878086664236927
0.9878086664236927
0.9878086664236927
0.9878086664236927
0.9878086664236927
0.9878086664236927
0.9878086664236927
0.9878086664236927
0.9878086664236927
0.9878086664236927
0.9878086664236927
0.9878086664236927
0.9878086664236927
0.9878086664236927
0.9878086664236927
0.9878086664236927
0.9878086664236927
0.9878086664236927
0.9878086664236927
0.9878086664236927
0.9878086664236927
0.9878086664236927
0.9878086664236927
0.9878086664236927
0.9878086664236927
0.9878086664236927
0.9878086664236927
0.9878086664236927
0.9878086664236927
0.9878086664236927
0.9878086664236927
0.9878086664236927
0.9878086664236927
0.9878086664236927
0.9878086664236927
0.9878086664236927
0.9878086664236927
0.9878086664236927
0.9878086664236927
0.9878086664236927
0.9878086664236927
0.9878086664236927
0.9878086664236927
0.9878086664236927
0.9878086664236927
0.9878086664236927
0.9878086664236927
0.9878086664236927
0.9878086664236927
0.9878086664236927
0.9878086664236927
0.9878086664236927
0.9878086664236927
0.9878086664236927
0.9878086664236927
0.988883935240897
0.988883935240897
0.988883935240897
0.988883935240897
0.988883935240897
0.988883935240897
0.988883935240897
0.988883935240897
0.988883935240897
0.988883935240897
0.988883935240897
0.988883935240897
0.988883935240897
0.988883935240897
0.988883935240897
0.988883935240897
0.988883935240897
0.988883935240897
0.988883935240897
0.988883935240897
0.988883935240897
0.988883935240897
0.988883935240897
0.988883935240897
0.988883935240897
0.988883935240897
0.988883935240897
0.988883935240897
0.988883935240897
0.988883935240897
0.988883935240897
0.988883935240897
0.988883935240897
0.988883935240897
0.988883935240897
0.988883935240897
0.988883935240897
0.988883935240897
0.988883935240897
0.988883935240897
0.988883935240897
0.988883935240897
0.988883935240897
0.988883935240897
0.988883935240897
0.988883935240897
0.988883935240897
0.988883935240897
0.988883935240897
0.988883935240897
0.988883935240897
0.988883935240897
0.988883935240897
0.988883935240897
0.988883935240897
0.988883935240897
0.988883935240897
0.988883935240897
0.988883935240897
0.988883935240897
0.988883935240897
0.988883935240897
0.988883935240897
0.988883935240897
0.988883935240897
0.988883935240897
0.988883935240897
0.988883935240897
0.988883935240897
0.988883935240897
0.988883935240897
0.988883935240897
0.988883935240897
0.988883935240897
0.988883935240897
0.988883935240897
0.988883935240897
0.988883935240897
0.988883935240897
0.988883935240897
0.988883935240897
0.988883935240897
0.988883935240897
0.988883935240897
0.988883935240897
0.988883935240897
0.988883935240897
0.988883935240897
0.988883935240897
0.988883935240897
0.988883935240897
0.988883935240897
0.988883935240897
0.988883935240897
0.988883935240897
0.988883935240897
0.988883935240897
0.988883935240897
0.988883935240897
0.988883935240897
0.988883935240897
0.988883935240897
0.988883935240897
0.988883935240897
0.988883935240897
0.988883935240897
0.988883935240897
0.988883935240897
0.988883935240897
0.988883935240897
0.988883935240897
0.988883935240897
0.988883935240897
0.988883935240897
0.988883935240897
0.988883935240897
0.988883935240897
0.988883935240897
0.988883935240897
0.988883935240897
0.988883935240897
0.988883935240897
0.988883935240897
0.988883935240897
0.988883935240897
0.988883935240897
0.988883935240897
0.988883935240897
0.988883935240897
0.988883935240897
0.988883935240897
0.988883935240897
0.988883935240897
0.988883935240897
0.988883935240897
0.988883935240897
0.988883935240897
0.988883935240897
0.988883935240897
0.988883935240897
0.988883935240897
0.988883935240897
0.988883935240897
0.988883935240897
0.988883935240897
0.9895216903429379
0.9895216903429379
0.9895216903429379
0.9901451317394466
0.9901451317394466
0.9901451317394466
0.9901451317394466
0.9901451317394466
0.9901451317394466
0.9901451317394466
0.9901451317394466
0.9901451317394466
0.9901451317394466
0.9901451317394466
0.9901451317394466
0.9901451317394466
0.9901451317394466
0.9901451317394466
0.9901451317394466
0.9901451317394466
0.9901451317394466
0.9901451317394466
0.9901451317394466
0.9901451317394466
0.9901451317394466
0.9901451317394466
0.9901451317394466
0.9901451317394466
0.9901451317394466
0.9901451317394466
0.9901451317394466
0.9901451317394466
0.9901451317394466
0.9901451317394466
0.9901451317394466
0.9901451317394466
0.9901451317394466
0.9901451317394466
0.9901451317394466
0.9901451317394466
0.9901451317394466
0.9901451317394466
0.9901451317394466
0.9901451317394466
0.9901451317394466
0.9901451317394466
0.9901451317394466
0.9901451317394466
0.9901451317394466
0.9901451317394466
0.9901451317394466
0.9901451317394466
0.9901451317394466
0.9901451317394466
0.9901451317394466
0.9901451317394466
0.9901451317394466
0.9901451317394466
0.9901451317394466
0.9901451317394466
0.9901451317394466
0.9901451317394466
0.9901451317394466
0.9901451317394466
0.9901451317394466
0.9901451317394466
0.9901451317394466
0.9901451317394466
0.9907685731359553
0.9907685731359553
0.9913062075445576
0.9913062075445576
0.9913062075445576
0.9913062075445576
0.9913062075445576
0.9913062075445576
0.9913062075445576
0.9913062075445576
0.9913062075445576
0.9913062075445576
0.9913062075445576
0.9913062075445576
0.9913062075445576
0.9913062075445576
0.9913062075445576
0.9913062075445576
0.9913062075445576
0.9913062075445576
0.9913062075445576
0.9913062075445576
0.9913062075445576
0.9913062075445576
0.9913062075445576
0.9919439626465983
0.9919439626465983
0.9919439626465983
0.9919439626465983
0.9919439626465983
0.9919439626465983
0.9919439626465983
0.9919439626465983
0.9919439626465983
0.9919439626465983
0.9919439626465983
0.9919439626465983
0.9919439626465983
0.9919439626465983
0.9919439626465983
0.9919439626465983
0.9919439626465983
0.9919439626465983
0.9919439626465983
0.9919439626465983
0.9919439626465983
0.9919439626465983
0.9919439626465983
0.9919439626465983
0.9919439626465983
0.9919439626465983
0.9919439626465983
0.9919439626465983
0.9919439626465983
0.9919439626465983
0.9919439626465983
0.9919439626465983
0.9919439626465983
0.9919439626465983
0.9919439626465983
0.9919439626465983
0.9919439626465983
0.9919439626465983
0.9919439626465983
0.9919439626465983
0.9919439626465983
0.9919439626465983
0.9919439626465983
0.9919439626465983
0.9919439626465983
0.9919439626465983
0.9919439626465983
0.9919439626465983
0.9919439626465983
0.9919439626465983
0.9919439626465983
0.9919439626465983
0.9919439626465983
0.9919439626465983
0.9919439626465983
0.9919439626465983
0.9931050384517092
0.9931050384517092
0.9931050384517092
0.9931050384517092
0.9931050384517092
0.9931050384517092
0.9931050384517092
0.9931050384517092
0.9931050384517092
0.9931050384517092
0.9931050384517092
0.9931050384517092
0.9931050384517092
0.9931050384517092
0.9931050384517092
0.9931050384517092
0.9931050384517092
0.9931050384517092
0.9931050384517092
0.9931050384517092
0.9931050384517092
0.9931050384517092
0.9931050384517092
0.9931050384517092
0.9931050384517092
0.9931050384517092
0.9931050384517092
0.9931050384517092
0.9931050384517092
0.9936426728603114
0.9936426728603114
0.9936426728603114
0.9936426728603114
0.9936426728603114
0.9936426728603114
0.9936426728603114
0.9936426728603114
0.9936426728603114
0.9936426728603114
0.9936426728603114
0.9936426728603114
0.9936426728603114
0.9941803072689135
0.9941803072689135
0.9941803072689135
0.9941803072689135
0.9941803072689135
0.9941803072689135
0.9941803072689135
0.9941803072689135
0.9941803072689135
0.9941803072689135
0.9941803072689135
0.9941803072689135
0.9941803072689135
0.9941803072689135
0.9941803072689135
0.9941803072689135
0.9941803072689135
0.9941803072689135
0.9941803072689135
0.9941803072689135
0.9941803072689135
0.9941803072689135
0.9941803072689135
0.9941803072689135
0.9941803072689135
0.9941803072689135
0.9941803072689135
0.9941803072689135
0.9941803072689135
0.9941803072689135
0.9941803072689135
0.9941803072689135
0.9941803072689135
0.9941803072689135
0.9941803072689135
0.9941803072689135
0.9941803072689135
0.9941803072689135
0.9941803072689135
0.9941803072689135
0.9941803072689135
0.9941803072689135
0.9941803072689135
0.9941803072689135
0.9941803072689135
0.9941803072689135
0.9941803072689135
0.9941803072689135
0.9941803072689135
0.9941803072689135
0.9941803072689135
0.9941803072689135
0.9941803072689135
0.9941803072689135
0.9941803072689135
0.9941803072689135
0.9941803072689135
0.9941803072689135
0.9941803072689135
0.9941803072689135
0.9941803072689135
0.9941803072689135
0.9941803072689135
0.9941803072689135
0.9941803072689135
0.9941803072689135
0.9941803072689135
0.9941803072689135
0.9941803072689135
0.9941803072689135
0.9941803072689135
0.9948037486654222
0.9948037486654222
0.9948037486654222
0.9948037486654222
0.9948037486654222
0.9948037486654222
0.9948037486654222
0.9948037486654222
0.9948037486654222
0.9948037486654222
0.9948037486654222
0.9948037486654222
0.9948037486654222
0.9948037486654222
0.9948037486654222
0.9948037486654222
0.9948037486654222
0.9948037486654222
0.9948037486654222
0.9948037486654222
0.9948037486654222
0.9948037486654222
0.9948037486654222
0.9948037486654222
0.9948037486654222
0.9948037486654222
0.9948037486654222
0.9948037486654222
0.9948037486654222
0.9948037486654222
0.9948037486654222
0.9948037486654222
0.9948037486654222
0.9948037486654222
0.9948037486654222
0.9948037486654222
0.9948037486654222
0.9948037486654222
0.9948037486654222
0.9948037486654222
0.9948037486654222
0.9948037486654222
0.9948037486654222
0.9948037486654222
0.9948037486654222
0.9948037486654222
0.9948037486654222
0.9948037486654222
0.9948037486654222
0.9948037486654222
0.9948037486654222
0.9948037486654222
0.9948037486654222
0.9948037486654222
0.9948037486654222
0.9948037486654222
0.9948037486654222
0.9948037486654222
0.9948037486654222
0.9948037486654222
0.9948037486654222
0.9948037486654222
0.9948037486654222
0.9948037486654222
0.9948037486654222
0.9948037486654222
0.9948037486654222
0.9948037486654222
0.9948037486654222
0.9948037486654222
0.9948037486654222
0.9948037486654222
0.9948037486654222
0.9948037486654222
0.9948037486654222
0.9948037486654222
0.9948037486654222
0.9948037486654222
0.9948037486654222
0.9948037486654222
0.9948037486654222
0.9948037486654222
0.9948037486654222
0.9948037486654222
0.9948037486654222
0.9948037486654222
0.9948037486654222
0.9948037486654222
0.9948037486654222
0.9948037486654222
0.9948037486654222
0.9948037486654222
0.9948037486654222
0.9948037486654222
0.9948037486654222
0.9948037486654222
0.9948037486654222
0.9948037486654222
0.9948037486654222
0.9948037486654222
0.9948037486654222
0.9948037486654222
0.9948037486654222
0.9948037486654222
0.9948037486654222
0.9948037486654222
0.9948037486654222
0.9948037486654222
0.9948037486654222
0.9948037486654222
0.9948037486654222
0.9948037486654222
0.9948037486654222
0.9948037486654222
0.9948037486654222
0.9948037486654222
0.9948037486654222
0.9948037486654222
0.9948037486654222
0.9948037486654222
0.9948037486654222
0.9948037486654222
0.9948037486654222
0.9948037486654222
0.9948037486654222
0.9948037486654222
0.9948037486654222
0.9948037486654222
0.9948037486654222
0.9948037486654222
0.9948037486654222
0.9948037486654222
0.9948037486654222
0.9948037486654222
0.9948037486654222
0.9948037486654222
0.9948037486654222
0.9948037486654222
0.9948037486654222
0.9948037486654222
0.9948037486654222
0.9948037486654222
0.9948037486654222
0.9948037486654222
0.9948037486654222
0.9948037486654222
0.9948037486654222
0.9948037486654222
0.9948037486654222
0.9948037486654222
0.9948037486654222
0.9948037486654222
0.9948037486654222
0.9948037486654222
0.9948037486654222
0.9948037486654222
0.9948037486654222
0.9948037486654222
0.9948037486654222
0.9948037486654222
0.9948037486654222
0.9948037486654222
0.9948037486654222
0.9948037486654222
0.9948037486654222
0.9948037486654222
0.9948037486654222
0.9948037486654222
0.9948037486654222
0.9948037486654222
0.9948037486654222
0.9948037486654222
0.9948037486654222
0.9948037486654222
0.9948037486654222
0.9948037486654222
0.9948037486654222
0.9948037486654222
0.9948037486654222
0.9948037486654222
0.9948037486654222
0.9948037486654222
0.9948037486654222
0.9948037486654222
0.9948037486654222
0.9948037486654222
0.9948037486654222
0.9948037486654222
0.9948037486654222
0.9948037486654222
0.9948037486654222
0.9948037486654222
0.9948037486654222
0.9948037486654222
0.9948037486654222
0.9948037486654222
0.9948037486654222
0.9948037486654222
0.9948037486654222
0.9948037486654222
0.9948037486654222
0.9948037486654222
0.9948037486654222
0.9948037486654222
0.9948037486654222
0.9948037486654222
0.9948037486654222
0.9948037486654222
0.9948037486654222
0.9948037486654222
0.9948037486654222
0.9948037486654222
0.9948037486654222
0.9948037486654222
0.9948037486654222
0.9948037486654222
0.9948037486654222
0.9948037486654222
0.9948037486654222
0.9948037486654222
0.9948037486654222
0.9948037486654222
0.9948037486654222
0.9948037486654222
0.9948037486654222
0.9948037486654222
0.9948037486654222
0.9948037486654222
0.9948037486654222
0.9948037486654222
0.9948037486654222
0.9948037486654222
0.9948037486654222
0.9948037486654222
0.9948037486654222
0.9948037486654222
0.9948037486654222
0.9948037486654222
0.9948037486654222
0.9948037486654222
0.9948037486654222
0.9948037486654222
0.9948037486654222
0.9948037486654222
0.9948037486654222
0.9948037486654222
0.9948037486654222
0.9948037486654222
0.9948037486654222
0.9948037486654222
0.9948037486654222
0.9948037486654222
0.9948037486654222
0.9948037486654222
0.9948037486654222
0.9948037486654222
0.9948037486654222
0.9948037486654222
0.9948037486654222
0.9954271900619309
0.9954271900619309
0.9954271900619309
0.9954271900619309
0.9954271900619309
0.9954271900619309
0.9954271900619309
0.9954271900619309
0.9954271900619309
0.9954271900619309
0.9954271900619309
0.9954271900619309
0.9954271900619309
0.9954271900619309
0.9954271900619309
0.9954271900619309
0.9954271900619309
0.9954271900619309
0.9954271900619309
0.9954271900619309
0.9954271900619309
0.9954271900619309
0.9954271900619309
0.9954271900619309
0.9954271900619309
0.9954271900619309
0.9954271900619309
0.9954271900619309
0.9954271900619309
0.9954271900619309
0.9954271900619309
0.9954271900619309
0.9954271900619309
0.9954271900619309
0.9954271900619309
0.9954271900619309
0.9954271900619309
0.9954271900619309
0.9954271900619309
0.9954271900619309
0.9954271900619309
0.9954271900619309
0.9954271900619309
0.9954271900619309
0.9954271900619309
0.9954271900619309
0.9954271900619309
0.9954271900619309
0.9954271900619309
0.9954271900619309
0.9954271900619309
0.9954271900619309
0.9954271900619309
0.9954271900619309
0.9954271900619309
0.9954271900619309
0.9954271900619309
0.9954271900619309
0.9954271900619309
0.9954271900619309
0.9954271900619309
0.9954271900619309
0.9954271900619309
0.9954271900619309
0.9954271900619309
0.9954271900619309
0.9954271900619309
0.9954271900619309
0.9954271900619309
0.9954271900619309
0.9954271900619309
0.9954271900619309
0.9954271900619309
0.9954271900619309
0.9954271900619309
0.9954271900619309
0.9954271900619309
0.9954271900619309
0.9954271900619309
0.9954271900619309
0.9954271900619309
0.9954271900619309
0.9954271900619309
0.9954271900619309
0.9954271900619309
0.9954271900619309
0.9954271900619309
0.9954271900619309
0.9954271900619309
0.9954271900619309
0.9954271900619309
0.9954271900619309
0.9954271900619309
0.9954271900619309
0.9954271900619309
0.9954271900619309
0.9954271900619309
0.9954271900619309
0.9954271900619309
0.9954271900619309
0.9954271900619309
0.9954271900619309
0.9954271900619309
0.9954271900619309
0.9954271900619309
0.9954271900619309
0.9954271900619309
0.9954271900619309
0.9954271900619309
0.9954271900619309
0.9954271900619309
0.9954271900619309
0.9954271900619309
0.9954271900619309
0.9954271900619309
0.9954271900619309
0.9954271900619309
0.9954271900619309
0.9954271900619309
0.9954271900619309
0.9954271900619309
0.9954271900619309
0.9954271900619309
0.9954271900619309
0.9954271900619309
0.9954271900619309
0.9954271900619309
0.9954271900619309
0.9954271900619309
0.9954271900619309
0.9954271900619309
0.9954271900619309
0.9954271900619309
0.9954271900619309
0.9954271900619309
0.9954271900619309
0.9954271900619309
0.9954271900619309
0.9954271900619309
0.9954271900619309
0.9954271900619309
0.9954271900619309
0.9954271900619309
0.9954271900619309
0.9954271900619309
0.9954271900619309
0.9954271900619309
0.9954271900619309
0.9954271900619309
0.9954271900619309
0.996588265867042
0.996588265867042
0.996588265867042
0.996588265867042
0.996588265867042
0.996588265867042
0.996588265867042
0.996588265867042
0.996588265867042
0.996588265867042
0.996588265867042
0.996588265867042
0.996588265867042
0.996588265867042
0.996588265867042
0.996588265867042
0.996588265867042
0.996588265867042
0.996588265867042
0.996588265867042
0.996588265867042
0.996588265867042
0.996588265867042
0.996588265867042
0.996588265867042
0.996588265867042
0.996588265867042
0.996588265867042
0.996588265867042
0.9971259002756441
0.9971259002756441
0.9971259002756441
0.9971259002756441
0.9971259002756441
0.9971259002756441
0.9971259002756441
0.9971259002756441
0.9971259002756441
0.9971259002756441
0.9971259002756441
0.9971259002756441
0.9971259002756441
0.9971259002756441
0.9971259002756441
0.9971259002756441
0.9971259002756441
0.9971259002756441
0.9971259002756441
0.9971259002756441
0.9971259002756441
0.9971259002756441
0.9971259002756441
0.9971259002756441
0.9971259002756441
0.9971259002756441
0.9971259002756441
0.9971259002756441
0.9971259002756441
0.9971259002756441
0.9971259002756441
0.9971259002756441
0.9971259002756441
0.9971259002756441
0.9971259002756441
0.9971259002756441
0.9971259002756441
0.9971259002756441
0.9971259002756441
0.9971259002756441
0.9971259002756441
0.9971259002756441
0.9971259002756441
0.9971259002756441
0.9971259002756441
0.9971259002756441
0.9971259002756441
0.9971259002756441
0.9971259002756441
0.9971259002756441
0.9971259002756441
0.9971259002756441
0.9971259002756441
0.9971259002756441
0.9971259002756441
0.9971259002756441
0.9971259002756441
0.9971259002756441
0.9971259002756441
0.9971259002756441
0.9971259002756441
0.9971259002756441
0.9971259002756441
0.9971259002756441
0.9971259002756441
0.9971259002756441
0.9971259002756441
0.9971259002756441
0.9971259002756441
0.9971259002756441
0.9971259002756441
0.9971259002756441
0.9971259002756441
0.9971259002756441
0.9971259002756441
0.9971259002756441
0.9971259002756441
0.9971259002756441
0.9971259002756441
0.9971259002756441
0.9971259002756441
0.9971259002756441
0.9971259002756441
0.9971259002756441
0.9971259002756441
0.9971259002756441
0.9971259002756441
0.9971259002756441
0.9971259002756441
0.9971259002756441
0.9971259002756441
0.9971259002756441
0.9971259002756441
0.9971259002756441
0.9971259002756441
0.9971259002756441
0.9971259002756441
0.9971259002756441
0.9971259002756441
0.9971259002756441
0.9971259002756441
0.9971259002756441
0.9971259002756441
0.9971259002756441
0.9971259002756441
0.9971259002756441
0.9971259002756441
0.9971259002756441
0.9971259002756441
0.9971259002756441
0.9971259002756441
0.9971259002756441
0.9971259002756441
0.9971259002756441
0.9971259002756441
0.9971259002756441
0.9971259002756441
0.9971259002756441
0.9971259002756441
0.9971259002756441
0.9971259002756441
0.9971259002756441
0.9971259002756441
0.9971259002756441
0.9971259002756441
0.9971259002756441
0.9971259002756441
0.9971259002756441
0.9971259002756441
0.9971259002756441
0.9971259002756441
0.9971259002756441
0.9971259002756441
0.9971259002756441
0.9971259002756441
0.9971259002756441
0.9971259002756441
0.9971259002756441
0.9971259002756441
0.9971259002756441
0.9971259002756441
0.9971259002756441
0.9971259002756441
0.9971259002756441
0.9971259002756441
0.9971259002756441
0.9971259002756441
0.9971259002756441
0.9971259002756441
0.9971259002756441
0.9971259002756441
0.9971259002756441
0.9971259002756441
0.9971259002756441
0.9971259002756441
0.9971259002756441
0.9971259002756441
0.9971259002756441
0.9971259002756441
0.9971259002756441
0.9971259002756441
0.9971259002756441
0.9971259002756441
0.9971259002756441
0.9971259002756441
0.9971259002756441
0.9971259002756441
0.9971259002756441
0.9971259002756441
0.9971259002756441
0.9971259002756441
0.9971259002756441
0.9971259002756441
0.9971259002756441
0.9971259002756441
0.9971259002756441
0.9971259002756441
0.9971259002756441
0.9971259002756441
0.9971259002756441
0.9971259002756441
0.9971259002756441
0.9971259002756441
0.9971259002756441
0.9971259002756441
0.9971259002756441
0.9971259002756441
0.9971259002756441
0.9971259002756441
0.9971259002756441
0.9971259002756441
0.9971259002756441
0.9971259002756441
0.9971259002756441
0.9971259002756441
0.9971259002756441
0.9971259002756441
0.9971259002756441
0.9971259002756441
0.9971259002756441
0.9971259002756441
0.9971259002756441
0.9971259002756441
0.9971259002756441
0.9971259002756441
0.9971259002756441
0.9971259002756441
0.9971259002756441
0.9971259002756441
0.9971259002756441
0.9971259002756441
0.9971259002756441
0.9971259002756441
0.9971259002756441
0.9971259002756441
0.9971259002756441
0.9971259002756441
0.9971259002756441
0.9971259002756441
0.9971259002756441
0.9971259002756441
0.9971259002756441
0.9971259002756441
0.9971259002756441
0.9971259002756441
0.9971259002756441
0.9971259002756441
0.9971259002756441
0.9971259002756441
0.9971259002756441
0.9971259002756441
0.9971259002756441
0.9971259002756441
0.9971259002756441
0.9971259002756441
0.9971259002756441
0.9971259002756441
0.9971259002756441
0.9971259002756441
0.9971259002756441
0.9971259002756441
0.9971259002756441
0.9971259002756441
0.9971259002756441
0.9971259002756441
0.9971259002756441
0.9971259002756441
0.9971259002756441
0.9971259002756441
0.9971259002756441
0.9971259002756441
0.9971259002756441
0.9971259002756441
0.9971259002756441
0.9971259002756441
0.9971259002756441
0.9971259002756441
0.9971259002756441
0.9971259002756441
0.9971259002756441
0.9971259002756441
0.9971259002756441
0.9971259002756441
0.9971259002756441
0.9971259002756441
0.9971259002756441
0.9971259002756441
0.9971259002756441
0.9971259002756441
0.9971259002756441
0.9971259002756441
0.9971259002756441
0.9971259002756441
0.9971259002756441
0.9971259002756441
0.9971259002756441
0.9971259002756441
0.9971259002756441
0.9971259002756441
0.9971259002756441
0.9971259002756441
0.9971259002756441
0.9971259002756441
0.9971259002756441
0.9971259002756441
0.9971259002756441
0.9971259002756441
0.9971259002756441
0.9971259002756441
0.9971259002756441
0.9971259002756441
0.9971259002756441
0.9971259002756441
0.9971259002756441
0.9971259002756441
0.9971259002756441
0.9971259002756441
0.9971259002756441
0.9971259002756441
0.9971259002756441
0.9971259002756441
0.9971259002756441
0.9971259002756441
0.9971259002756441
0.9971259002756441
0.9971259002756441
0.9971259002756441
0.9971259002756441
0.9971259002756441
0.9971259002756441
0.9971259002756441
0.9971259002756441
0.9971259002756441
0.9971259002756441
0.9971259002756441
0.9971259002756441
0.9971259002756441
0.9971259002756441
0.9971259002756441
0.9971259002756441
0.9971259002756441
0.9971259002756441
0.9971259002756441
0.9971259002756441
0.9971259002756441
0.9971259002756441
0.9971259002756441
0.9971259002756441
0.9971259002756441
0.9971259002756441
0.9971259002756441
0.9971259002756441
0.9971259002756441
0.9971259002756441
0.9971259002756441
0.9971259002756441
0.9971259002756441
0.9971259002756441
0.9971259002756441
0.9971259002756441
0.9971259002756441
0.9971259002756441
0.9971259002756441
0.9971259002756441
0.9971259002756441
0.9971259002756441
0.9971259002756441
0.9971259002756441
0.9971259002756441
0.9971259002756441
0.9971259002756441
0.9971259002756441
0.9971259002756441
0.9971259002756441
0.9971259002756441
0.9971259002756441
0.9971259002756441
0.9971259002756441
0.9971259002756441
0.9971259002756441
0.9971259002756441
0.9971259002756441
0.9971259002756441
0.9971259002756441
0.9971259002756441
0.9971259002756441
0.9971259002756441
0.9971259002756441
0.9971259002756441
0.9971259002756441
0.9971259002756441
0.9971259002756441
0.9971259002756441
0.9971259002756441
0.9971259002756441
0.9971259002756441
0.9971259002756441
0.9971259002756441
0.9971259002756441
0.9971259002756441
0.9971259002756441
0.9971259002756441
0.9971259002756441
0.9971259002756441
0.9971259002756441
0.9971259002756441
0.9971259002756441
0.9971259002756441
0.9971259002756441
0.9971259002756441
0.9971259002756441
0.9971259002756441
0.9971259002756441
0.9977636553776849
0.9977636553776849
0.9977636553776849
0.9977636553776849
0.9977636553776849
0.9977636553776849
0.9977636553776849
0.9977636553776849
0.9977636553776849
0.9983870967741936
0.9983870967741936
0.9983870967741936
0.9983870967741936
0.9983870967741936
0.9983870967741936
0.9983870967741936
0.9983870967741936
0.9983870967741936
0.9983870967741936
0.9983870967741936
0.9983870967741936
0.9983870967741936
0.9983870967741936
0.9983870967741936
0.9983870967741936
0.9983870967741936
0.9983870967741936
0.9983870967741936
0.9983870967741936
0.9983870967741936
0.9983870967741936
0.9983870967741936
0.9983870967741936
0.9983870967741936
0.9983870967741936
0.9983870967741936
0.9983870967741936
0.9983870967741936
0.9983870967741936
0.9983870967741936
0.9983870967741936
0.9983870967741936
0.9983870967741936
0.9983870967741936
0.9983870967741936
0.9983870967741936
0.9983870967741936
0.9983870967741936
0.9983870967741936
0.9983870967741936
0.9983870967741936
0.9983870967741936
0.9983870967741936
0.9983870967741936
0.9983870967741936
0.9983870967741936
0.9983870967741936
0.9989247311827957
0.9989247311827957
0.9989247311827957
0.9989247311827957
0.9989247311827957
0.9989247311827957
0.9989247311827957
0.9989247311827957
0.9989247311827957
0.9989247311827957
0.9989247311827957
0.9989247311827957
0.9989247311827957
0.9989247311827957
0.9989247311827957
0.9989247311827957
0.9989247311827957
0.9989247311827957
0.9989247311827957
0.9989247311827957
0.9989247311827957
0.9989247311827957
0.9989247311827957
0.9989247311827957
0.9989247311827957
0.9989247311827957
0.9989247311827957
0.9989247311827957
0.9989247311827957
0.9989247311827957
0.9989247311827957
0.9989247311827957
0.9989247311827957
0.9989247311827957
0.9989247311827957
0.9989247311827957
0.9989247311827957
0.9989247311827957
0.9989247311827957
0.9989247311827957
0.9989247311827957
0.9989247311827957
0.9989247311827957
0.9989247311827957
0.9989247311827957
0.9989247311827957
0.9989247311827957
0.9989247311827957
0.9989247311827957
0.9989247311827957
0.9989247311827957
0.9989247311827957
0.9989247311827957
0.9989247311827957
0.9989247311827957
0.9989247311827957
0.9989247311827957
0.9989247311827957
0.9989247311827957
0.9989247311827957
0.9989247311827957
0.9989247311827957
0.9989247311827957
0.9989247311827957
0.9989247311827957
0.9989247311827957
0.9989247311827957
0.9989247311827957
0.9989247311827957
0.9989247311827957
0.9989247311827957
0.9989247311827957
0.9989247311827957
0.9989247311827957
0.9989247311827957
0.9989247311827957
0.9989247311827957
0.9989247311827957
0.9989247311827957
0.9989247311827957
0.9989247311827957
0.9989247311827957
0.9989247311827957
0.9989247311827957
0.9989247311827957
0.9989247311827957
0.9989247311827957
0.9989247311827957
0.9989247311827957
0.9989247311827957
0.9989247311827957
0.9989247311827957
0.9989247311827957
0.9989247311827957
0.9989247311827957
0.9989247311827957
0.9989247311827957
0.9989247311827957
0.9989247311827957
0.9989247311827957
0.9989247311827957
0.9989247311827957
0.9989247311827957
0.9989247311827957
0.9989247311827957
0.9989247311827957
0.9989247311827957
0.9989247311827957
0.9989247311827957
0.9989247311827957
0.9989247311827957
0.9989247311827957
0.9989247311827957
0.9989247311827957
0.9989247311827957
0.9989247311827957
0.9989247311827957
0.9989247311827957
0.9989247311827957
0.9989247311827957
0.9989247311827957
0.9989247311827957
0.9989247311827957
0.9989247311827957
0.9989247311827957
0.9989247311827957
0.9989247311827957
0.9989247311827957
0.9989247311827957
0.9989247311827957
0.9989247311827957
0.9989247311827957
0.9989247311827957
0.9989247311827957
0.9989247311827957
0.9989247311827957
0.9989247311827957
0.9989247311827957
0.9989247311827957
0.9989247311827957
0.9989247311827957
0.9989247311827957
0.9989247311827957
0.9989247311827957
0.9989247311827957
0.9989247311827957
0.9989247311827957
0.9989247311827957
0.9989247311827957
0.9989247311827957
0.9989247311827957
0.9989247311827957
0.9989247311827957
0.9989247311827957
0.9989247311827957
0.9989247311827957
0.9989247311827957
0.9989247311827957
0.9989247311827957
0.9989247311827957
0.9989247311827957
0.9989247311827957
0.9989247311827957
0.9989247311827957
0.9989247311827957
0.9989247311827957
0.9989247311827957
0.9989247311827957
0.9989247311827957
0.9989247311827957
0.9989247311827957
0.9989247311827957
0.9989247311827957
0.9989247311827957
0.9989247311827957
0.9989247311827957
0.9989247311827957
0.9989247311827957
0.9989247311827957
0.9989247311827957
0.9989247311827957
0.9989247311827957
0.9989247311827957
0.9989247311827957
0.9989247311827957
0.9989247311827957
0.9989247311827957
0.9989247311827957
0.9989247311827957
0.9989247311827957
0.9989247311827957
0.9989247311827957
0.9989247311827957
0.9989247311827957
0.9989247311827957
0.9989247311827957
0.9989247311827957
0.9989247311827957
0.9989247311827957
0.9989247311827957
0.9989247311827957
0.9989247311827957
0.9989247311827957
0.9989247311827957
0.9989247311827957
0.9989247311827957
0.9989247311827957
0.9989247311827957
0.9989247311827957
0.9989247311827957
0.9989247311827957
0.9989247311827957
0.9989247311827957
0.9989247311827957
0.9989247311827957
0.9989247311827957
0.9989247311827957
0.9989247311827957
0.9989247311827957
0.9989247311827957
0.9989247311827957
0.9989247311827957
0.9989247311827957
0.9989247311827957
0.9989247311827957
0.9989247311827957
0.9989247311827957
0.9989247311827957
0.9989247311827957
0.9989247311827957
0.9989247311827957
0.9989247311827957
0.9989247311827957
0.9989247311827957
0.9989247311827957
0.9989247311827957
0.9989247311827957
0.9989247311827957
0.9989247311827957
0.9989247311827957
0.9989247311827957
0.9989247311827957
0.9989247311827957
0.9989247311827957
0.9989247311827957
0.9989247311827957
0.9989247311827957
0.9989247311827957
0.9989247311827957
0.9989247311827957
0.9989247311827957
0.9989247311827957
0.9989247311827957
0.9989247311827957
0.9989247311827957
0.9989247311827957
0.9989247311827957
0.9989247311827957
0.9989247311827957
0.9989247311827957
0.9989247311827957
0.9989247311827957
0.9989247311827957
0.9989247311827957
0.9989247311827957
0.9989247311827957
0.9989247311827957
0.9989247311827957
0.9989247311827957
0.9989247311827957
0.9989247311827957
0.9989247311827957
0.9989247311827957
0.9989247311827957
0.9989247311827957
0.9989247311827957
0.9989247311827957
0.9989247311827957
0.9989247311827957
0.9989247311827957
0.9989247311827957
0.9989247311827957
0.9989247311827957
0.9989247311827957
0.9989247311827957
0.9989247311827957
0.9989247311827957
0.9989247311827957
0.9989247311827957
0.9989247311827957
0.9989247311827957
0.9989247311827957
0.9989247311827957
0.9989247311827957
0.9989247311827957
0.9989247311827957
0.9989247311827957
0.9989247311827957
0.9989247311827957
0.9989247311827957
0.9989247311827957
0.9989247311827957
0.9989247311827957
0.9989247311827957
0.9989247311827957
0.9989247311827957
0.9989247311827957
0.9989247311827957
0.9989247311827957
0.9989247311827957
0.9989247311827957
0.9989247311827957
0.9989247311827957
0.9989247311827957
0.9989247311827957
0.9989247311827957
0.9989247311827957
0.9989247311827957
0.9989247311827957
0.9989247311827957
0.9989247311827957
0.9989247311827957
0.9989247311827957
0.9989247311827957
0.9989247311827957
0.9989247311827957
0.9989247311827957
0.9989247311827957
0.9989247311827957
0.9989247311827957
0.9989247311827957
0.9989247311827957
0.9989247311827957
0.9989247311827957
0.9989247311827957
0.9989247311827957
0.9989247311827957
0.9989247311827957
0.9989247311827957
0.9989247311827957
0.9989247311827957
0.9989247311827957
0.9989247311827957
0.9989247311827957
0.9989247311827957
0.9989247311827957
0.9989247311827957
0.9989247311827957
0.9989247311827957
0.9989247311827957
0.9989247311827957
0.9989247311827957
0.9989247311827957
0.9989247311827957
0.9989247311827957
0.9989247311827957
0.9989247311827957
0.9989247311827957
0.9989247311827957
0.9989247311827957
0.9989247311827957
0.9989247311827957
0.9989247311827957
0.9989247311827957
0.9989247311827957
0.9989247311827957
0.9989247311827957
0.9989247311827957
0.9989247311827957
0.9989247311827957
0.9989247311827957
0.9989247311827957
0.9989247311827957
0.9989247311827957
0.9989247311827957
0.9989247311827957
0.9989247311827957
0.9989247311827957
0.9989247311827957
0.9989247311827957
0.9989247311827957
0.9989247311827957
0.9989247311827957
0.9989247311827957
0.9989247311827957
0.9989247311827957
0.9989247311827957
0.9989247311827957
0.9989247311827957
0.9989247311827957
0.9989247311827957
0.9989247311827957
0.9989247311827957
0.9989247311827957
0.9989247311827957
0.9989247311827957
0.9989247311827957
0.9989247311827957
0.9989247311827957
0.9989247311827957
0.9989247311827957
0.9989247311827957
0.9989247311827957
0.9989247311827957
0.9989247311827957
0.9989247311827957
0.9989247311827957
0.9989247311827957
0.9989247311827957
0.9989247311827957
0.9989247311827957
0.9989247311827957
0.9989247311827957
0.9989247311827957
0.9989247311827957
0.9989247311827957
0.9989247311827957
0.9989247311827957
0.9989247311827957
0.9989247311827957
0.9989247311827957
0.9989247311827957
0.9989247311827957
0.9989247311827957
0.9989247311827957
0.9989247311827957
0.9989247311827957
0.9989247311827957
0.9989247311827957
0.9989247311827957
0.9989247311827957
0.9989247311827957
0.9989247311827957
0.9989247311827957
0.9989247311827957
0.9989247311827957
0.9989247311827957
0.9989247311827957
0.9989247311827957
0.9989247311827957
0.9989247311827957
0.9989247311827957
0.9989247311827957
0.9989247311827957
0.9989247311827957
0.9989247311827957
0.9989247311827957
0.9989247311827957
0.9989247311827957
0.9989247311827957
0.9989247311827957
0.9989247311827957
0.9989247311827957
0.9989247311827957
0.9989247311827957
0.9989247311827957
0.9989247311827957
0.9989247311827957
0.9989247311827957
0.9989247311827957
0.9989247311827957
0.9989247311827957
0.9989247311827957
0.9989247311827957
0.9989247311827957
0.9989247311827957
0.9989247311827957
0.9989247311827957
0.9989247311827957
0.9989247311827957
0.9989247311827957
0.9989247311827957
0.9989247311827957
0.9989247311827957
0.9989247311827957
0.9989247311827957
0.9989247311827957
0.9989247311827957
0.9989247311827957
0.9989247311827957
0.9989247311827957
0.9989247311827957
0.9989247311827957
0.9989247311827957
0.9989247311827957
0.9989247311827957
0.9989247311827957
0.9989247311827957
0.9989247311827957
0.9989247311827957
0.9989247311827957
0.9989247311827957
0.9989247311827957
0.9989247311827957
0.9989247311827957
0.9989247311827957
0.9989247311827957
0.9989247311827957
0.9989247311827957
0.9989247311827957
0.9989247311827957
0.9989247311827957
0.9989247311827957
0.9989247311827957
0.9989247311827957
0.9989247311827957
0.9989247311827957
0.9989247311827957
0.9989247311827957
0.9989247311827957
0.9989247311827957
0.9989247311827957
0.9989247311827957
0.9989247311827957
0.9989247311827957
0.9989247311827957
0.9989247311827957
0.9989247311827957
0.9989247311827957
0.9989247311827957
0.9989247311827957
0.9989247311827957
0.9989247311827957
0.9989247311827957
0.9989247311827957
0.9989247311827957
0.9989247311827957
0.9989247311827957
0.9989247311827957
0.9989247311827957
0.9989247311827957
0.9989247311827957
0.9989247311827957
0.9989247311827957
0.9989247311827957
0.9989247311827957
0.9989247311827957
0.9989247311827957
0.9989247311827957
0.9989247311827957
0.9989247311827957
0.9989247311827957
0.9989247311827957
0.9989247311827957
0.9989247311827957
0.9989247311827957
0.9989247311827957
0.9989247311827957
0.9989247311827957
0.9989247311827957
0.9989247311827957
0.9989247311827957
0.9989247311827957
0.9989247311827957
0.9989247311827957
0.9989247311827957
0.9989247311827957
0.9989247311827957
0.9989247311827957
0.9989247311827957
0.9989247311827957
0.9989247311827957
0.9989247311827957
0.9989247311827957
0.9989247311827957
0.9989247311827957
0.9989247311827957
0.9989247311827957
0.9989247311827957
0.9989247311827957
0.9989247311827957
0.9989247311827957
0.9989247311827957
0.9989247311827957
0.9989247311827957
0.9989247311827957
0.9989247311827957
0.9989247311827957
0.9989247311827957
0.9989247311827957
0.9989247311827957
0.9989247311827957
0.9989247311827957
0.9989247311827957
0.9989247311827957
0.9989247311827957
0.9989247311827957
0.9989247311827957
0.9989247311827957
0.9989247311827957
0.9989247311827957
0.9989247311827957
0.9989247311827957
0.9989247311827957
0.9989247311827957
0.9989247311827957
0.9989247311827957
0.9989247311827957
0.9989247311827957
0.9989247311827957
0.9989247311827957
0.9989247311827957
0.9989247311827957
0.9989247311827957
0.9989247311827957
0.9989247311827957
0.9989247311827957
0.9989247311827957
0.9989247311827957
0.9989247311827957
0.9989247311827957
0.9989247311827957
0.9989247311827957
0.9989247311827957
0.9989247311827957
0.9989247311827957
0.9989247311827957
0.9989247311827957
0.9989247311827957
0.9989247311827957
0.9989247311827957
0.9989247311827957
0.9989247311827957
0.9989247311827957
0.9989247311827957
0.9989247311827957
0.9989247311827957
0.9989247311827957
0.9989247311827957
0.9989247311827957
0.9989247311827957
0.9989247311827957
0.9989247311827957
0.9989247311827957
0.9989247311827957
0.9989247311827957
0.9989247311827957
0.9989247311827957
0.9989247311827957
0.9989247311827957
0.9989247311827957
0.9989247311827957
0.9989247311827957
0.9989247311827957
0.9989247311827957
0.9989247311827957
0.9989247311827957
0.9989247311827957
0.9989247311827957
0.9989247311827957
0.9989247311827957
0.9989247311827957
0.9989247311827957
0.9989247311827957
0.9989247311827957
0.9989247311827957
0.9989247311827957
0.9989247311827957
0.9989247311827957
0.9989247311827957
0.9989247311827957
0.9989247311827957
0.9989247311827957
0.9989247311827957
0.9989247311827957
0.9989247311827957
0.9989247311827957
0.9989247311827957
0.9989247311827957
0.9989247311827957
0.9989247311827957
0.9989247311827957
0.9989247311827957
0.9989247311827957
0.9989247311827957
0.9989247311827957
0.9989247311827957
0.9989247311827957
0.9989247311827957
0.9989247311827957
0.9989247311827957
0.9989247311827957
0.9989247311827957
0.9989247311827957
0.9989247311827957
0.9989247311827957
0.9989247311827957
0.9989247311827957
0.9989247311827957
0.9989247311827957
0.9989247311827957
0.9989247311827957
0.9989247311827957
0.9989247311827957
0.9989247311827957
0.9989247311827957
0.9989247311827957
0.9989247311827957
0.9989247311827957
0.9989247311827957
0.9989247311827957
0.9989247311827957
0.9989247311827957
0.9989247311827957
0.9989247311827957
0.9989247311827957
0.9989247311827957
0.9989247311827957
0.9989247311827957
0.9989247311827957
0.9989247311827957
0.9989247311827957
0.9989247311827957
0.9989247311827957
0.9989247311827957
0.9989247311827957
0.9989247311827957
0.9989247311827957
0.9989247311827957
0.9989247311827957
0.9989247311827957
0.9989247311827957
0.9989247311827957
0.9989247311827957
0.9989247311827957
0.9989247311827957
0.9989247311827957
0.9989247311827957
0.9989247311827957
0.9989247311827957
0.9989247311827957
0.9989247311827957
0.9989247311827957
0.9989247311827957
0.9989247311827957
0.9989247311827957
0.9989247311827957
0.9989247311827957
0.9989247311827957
0.9989247311827957
0.9989247311827957
0.9989247311827957
0.9989247311827957
0.9989247311827957
0.9989247311827957
0.9989247311827957
0.9989247311827957
0.9989247311827957
0.9989247311827957
0.9989247311827957
0.9989247311827957
0.9989247311827957
0.9989247311827957
0.9989247311827957
0.9989247311827957
0.9989247311827957
0.9989247311827957
0.9989247311827957
0.9989247311827957
0.9989247311827957
0.9989247311827957
0.9989247311827957
0.9989247311827957
0.9989247311827957
0.9989247311827957
0.9989247311827957
0.9989247311827957
0.9989247311827957
0.9989247311827957
0.9989247311827957
0.9989247311827957
0.9989247311827957
0.9989247311827957
0.9989247311827957
0.9989247311827957
0.9989247311827957
0.9989247311827957
0.9989247311827957
0.9989247311827957
0.9989247311827957
0.9989247311827957
0.9989247311827957
0.9989247311827957
0.9989247311827957
0.9989247311827957
0.9989247311827957
0.9989247311827957
0.9989247311827957
0.9989247311827957
0.9989247311827957
0.9989247311827957
0.9989247311827957
0.9989247311827957
0.9989247311827957
0.9989247311827957
0.9989247311827957
0.9989247311827957
0.9989247311827957
0.9989247311827957
0.9989247311827957
0.9989247311827957
0.9989247311827957
0.9989247311827957
0.9989247311827957
0.9989247311827957
0.9989247311827957
0.9989247311827957
0.9989247311827957
0.9989247311827957
0.9989247311827957
0.9989247311827957
0.9989247311827957
0.9989247311827957
0.9989247311827957
0.9989247311827957
0.9989247311827957
0.9989247311827957
0.9989247311827957
0.9989247311827957
0.9989247311827957
0.9989247311827957
0.9989247311827957
0.9989247311827957
0.9989247311827957
0.9989247311827957
0.9989247311827957
0.9989247311827957
0.9989247311827957
0.9989247311827957
0.9989247311827957
0.9989247311827957
0.9989247311827957
0.9989247311827957
0.9989247311827957
0.9989247311827957
0.9989247311827957
0.9989247311827957
0.9989247311827957
0.9989247311827957
0.9989247311827957
0.9989247311827957
0.9989247311827957
0.9989247311827957
0.9989247311827957
0.9989247311827957
0.9994623655913979
0.9994623655913979
0.9994623655913979
0.9994623655913979
0.9994623655913979
0.9994623655913979
0.9994623655913979
0.9994623655913979
0.9994623655913979
0.9994623655913979
0.9994623655913979
0.9994623655913979
0.9994623655913979
0.9994623655913979
0.9994623655913979
0.9994623655913979
0.9994623655913979
0.9994623655913979
0.9994623655913979
0.9994623655913979
0.9994623655913979
0.9994623655913979
0.9994623655913979
0.9994623655913979
0.9994623655913979
0.9994623655913979
0.9994623655913979
0.9994623655913979
0.9994623655913979
0.9994623655913979
0.9994623655913979
0.9994623655913979
0.9994623655913979
0.9994623655913979
0.9994623655913979
0.9994623655913979
0.9994623655913979
0.9994623655913979
0.9994623655913979
0.9994623655913979
0.9994623655913979
1.0
1.0
