0.013498766863294492
0.03814153430909224
0.05690791988169792
0.07519609399124363
0.09483136376606677
0.11253815045211983
0.1325974822538759
0.1640209689803929
0.176683997507949
0.18517871030888186
0.19587846229651265
0.2016504680685184
0.21311221059086705
0.21901999528653054
0.24985053251189837
0.2588730475950195
0.2695093248979635
0.2823928026937219
0.2975910444071151
0.3089864152276196
0.3130027692439736
0.3340685201894038
0.34667051267107546
0.3538084504908314
0.3657819427673543
0.37488126507968905
0.3798724159041731
0.3856227402151034
0.415923528091649
0.4238451379071982
0.43701598782047224
0.4472673427242337
0.46049230519162043
0.46648462936576285
0.4681681310492645
0.4880424335943148
0.4973044678563491
0.5136698125862214
0.5297170509819444
0.5423329423857146
0.5518542431948942
0.5577044115450625
0.5848279333655543
0.5913702686957684
0.5978287933361113
0.6055014797966765
0.6151777182607936
0.6224761525927208
0.6259312501267655
0.6385188869568267
0.639437160602373
0.6416257127909252
0.64649121765643
0.6501528338180462
0.6594627158552011
0.6673281289790812
0.6745857422973006
0.6757080767529683
0.6770127905576823
0.6810128210283009
0.6864117991545515
0.6912619994592973
0.6937872519845499
0.7014471846444825
0.703130686327984
0.7044393192155646
0.7061228208990661
0.7111656736691916
0.7194354238847155
0.7217065113830756
0.7296603000186825
0.7339844270700823
0.7364449295305847
0.738737081822737
0.7400417956274509
0.7440741829931714
0.747214098633087
0.755121062600657
0.7610559245961251
0.7655128634781977
0.7707281868753395
0.7716464605208859
0.7726565615309869
0.7734983123727378
0.7806191465270647
0.7849234841647358
0.7902663455682032
0.7945873332225243
0.7993030528505246
0.8008015543490261
0.8016433051907769
0.8041038076512793
0.8047351207825925
0.8078690239164956
0.8078690239164956
0.8149692889713059
0.8156907896928068
0.8174223914244084
0.8195172750982395
0.8212772995855366
0.8226301134383506
0.8236402144484516
0.8254920663003033
0.829760693296203
0.8304821940177036
0.8360858496213592
0.8360858496213592
0.8372081840770269
0.8372081840770269
0.8378394972083401
0.8411745459979344
0.8437115712622325
0.8499934067107348
0.8510035077208358
0.8541855109028391
0.8541855109028391
0.8551956119129402
0.8561138855584867
0.8584060378506391
0.8666068437787177
0.8681192944890292
0.8681192944890292
0.86896104533078
0.8718995209965283
0.8736952561255968
0.8755471079774485
0.8819176635458651
0.8835209984825333
0.8855171504786854
0.888081253042788
0.8887546537161886
0.8895964045579393
0.8905146782034857
0.8915247792135867
0.8955090665312073
0.897063068085209
0.9002087439581575
0.9010504947999083
0.9010504947999083
0.9010504947999083
0.9028105192872055
0.9038206202973065
0.9056077220844082
0.9066178230945093
0.9083778475818065
0.9101094493134083
0.9107407624447215
0.9141422010734326
0.9148156017468333
0.9157338753923797
0.9165108761693804
0.9182709006566776
0.9182709006566776
0.9191126514984284
0.9210767367958471
0.9217080499271603
0.9217080499271603
0.9217080499271603
0.9217080499271603
0.9226263235727067
0.9232997242461073
0.9272980407444238
0.9272980407444238
0.9279293538757369
0.9294445053908884
0.9294445053908884
0.9294445053908884
0.9294445053908884
0.9329941632467667
0.9340042642568676
0.9356440386239147
0.9356440386239147
0.9366541396340158
0.9366541396340158
0.937572413279562
0.9393595150666638
0.9408099165170654
0.9408099165170654
0.9417281901626117
0.9435800420144635
0.9442534426878642
0.9442534426878642
0.9452635436979653
0.9459369443713659
0.9475286186903129
0.9484468923358593
0.9484468923358593
0.94916839305736
0.9500866667029064
0.950567667183907
0.9512410678573077
0.9512410678573077
0.9512410678573077
0.9512410678573077
0.9520828186990583
0.9530929197091594
0.9541030207192606
0.9541030207192606
0.9547343338505737
0.9547343338505737
0.9553285109153389
0.9553285109153389
0.9571803627671907
0.961044764358865
0.9616760774901781
0.9616760774901781
0.9626861785002792
0.9626861785002792
0.9626861785002792
0.9642279116209597
0.9647089121019601
0.9662584988788195
0.9662584988788195
0.9662584988788195
0.9662584988788195
0.9662584988788195
0.9671002497205704
0.9685733136936343
0.9685733136936343
0.9704251655454862
0.971266916387237
0.971266916387237
0.971266916387237
0.971266916387237
0.9719403170606377
0.9719403170606377
0.9727173178376385
0.9727173178376385
0.9736355914831848
0.9747579259388527
0.9755349267158536
0.9755349267158536
0.9755349267158536
0.9765450277259548
0.9765450277259548
0.9775551287360557
0.9775551287360557
0.9775551287360557
0.9775551287360557
0.9775551287360557
0.9775551287360557
0.9775551287360557
0.9775551287360557
0.9775551287360557
0.9775551287360557
0.9783968795778064
0.9788778800588069
0.9788778800588069
0.9788778800588069
0.9788778800588069
0.9788778800588069
0.9807144273498998
0.9807144273498998
0.9807144273498998
0.9807144273498998
0.9807144273498998
0.9807144273498998
0.9807144273498998
0.9807144273498998
0.9817245283600009
0.9817245283600009
0.9817245283600009
0.9817245283600009
0.9817245283600009
0.9817245283600009
0.9817245283600009
0.9825662792017515
0.9836886136574193
0.9836886136574193
0.9836886136574193
0.9836886136574193
0.9836886136574193
0.9836886136574193
0.9836886136574193
0.9836886136574193
0.9836886136574193
0.9836886136574193
0.9836886136574193
0.9844656144344202
0.9844656144344202
0.9844656144344202
0.9844656144344202
0.9844656144344202
0.9844656144344202
0.9851871151559208
0.9860288659976716
0.9860288659976716
0.9860288659976716
0.9860288659976716
0.9860288659976716
0.9860288659976716
0.9867022666710724
0.9867022666710724
0.9877123676811735
0.9877123676811735
0.9877123676811735
0.9877123676811735
0.9877123676811735
0.9877123676811735
0.9877123676811735
0.9877123676811735
0.9877123676811735
0.9877123676811735
0.9877123676811735
0.9877123676811735
0.9877123676811735
0.9877123676811735
0.9877123676811735
0.9877123676811735
0.9877123676811735
0.9877123676811735
0.9877123676811735
0.9877123676811735
0.9877123676811735
0.9877123676811735
0.9877123676811735
0.9877123676811735
0.9877123676811735
0.9881933681621741
0.9881933681621741
0.9881933681621741
0.9881933681621741
0.9881933681621741
0.9881933681621741
0.9881933681621741
0.9881933681621741
0.9887875452269393
0.9887875452269393
0.9887875452269393
0.9887875452269393
0.9887875452269393
0.9887875452269393
0.9887875452269393
0.9887875452269393
0.9887875452269393
0.9887875452269393
0.98946094590034
0.98946094590034
0.9902379466773407
0.9902379466773407
0.9902379466773407
0.9902379466773407
0.9902379466773407
0.9902379466773407
0.9902379466773407
0.9902379466773407
0.9902379466773407
0.9902379466773407
0.9902379466773407
0.9902379466773407
0.9902379466773407
0.9902379466773407
0.9902379466773407
0.9902379466773407
0.9912480476874416
0.9912480476874416
0.9912480476874416
0.9912480476874416
0.9912480476874416
0.9918793608187547
0.9918793608187547
0.9918793608187547
0.9918793608187547
0.9918793608187547
0.9918793608187547
0.9918793608187547
0.9918793608187547
0.9918793608187547
0.9918793608187547
0.9925106739500679
0.9925106739500679
0.9925106739500679
0.9925106739500679
0.9925106739500679
0.9925106739500679
0.9925106739500679
0.9925106739500679
0.9925106739500679
0.9925106739500679
0.9925106739500679
0.9925106739500679
0.9925106739500679
0.9933524247918188
0.9933524247918188
0.9933524247918188
0.9933524247918188
0.9933524247918188
0.9941941756335695
0.9941941756335695
0.9941941756335695
0.9941941756335695
0.9941941756335695
0.9941941756335695
0.9941941756335695
0.9950359264753205
0.9950359264753205
0.9950359264753205
0.9950359264753205
0.9950359264753205
0.9950359264753205
0.9950359264753205
0.9950359264753205
0.9950359264753205
0.9950359264753205
0.9961582609309882
0.9961582609309882
0.9961582609309882
0.9961582609309882
0.9961582609309882
0.9961582609309882
0.9961582609309882
0.9961582609309882
0.9961582609309882
0.9961582609309882
0.9961582609309882
0.9961582609309882
0.9961582609309882
0.9961582609309882
0.9961582609309882
0.9961582609309882
0.9961582609309882
0.9961582609309882
0.9961582609309882
0.9967895740623014
0.9967895740623014
0.9967895740623014
0.9967895740623014
0.9977078477078477
0.9977078477078477
0.9977078477078477
0.9977078477078477
0.9977078477078477
0.9977078477078477
0.9977078477078477
0.9977078477078477
0.9977078477078477
0.9977078477078477
0.9977078477078477
0.9977078477078477
0.9977078477078477
0.9977078477078477
0.9977078477078477
0.9977078477078477
0.9977078477078477
0.9985495985495986
0.9985495985495986
0.9985495985495986
0.9985495985495986
0.9985495985495986
0.9985495985495986
0.9985495985495986
0.9985495985495986
0.9985495985495986
0.9985495985495986
0.9985495985495986
0.9985495985495986
0.9985495985495986
0.9985495985495986
0.9985495985495986
0.9985495985495986
0.9985495985495986
0.9985495985495986
0.9985495985495986
0.9985495985495986
0.9985495985495986
0.9985495985495986
0.9985495985495986
0.9985495985495986
0.9985495985495986
0.9985495985495986
0.9985495985495986
0.9985495985495986
0.9985495985495986
0.9985495985495986
0.9993265993265994
0.9993265993265994
0.9993265993265994
0.9993265993265994
0.9993265993265994
0.9993265993265994
0.9993265993265994
0.9993265993265994
0.9993265993265994
0.9993265993265994
0.9993265993265994
0.9993265993265994
0.9993265993265994
0.9993265993265994
0.9993265993265994
0.9993265993265994
0.9993265993265994
0.9993265993265994
0.9993265993265994
0.9993265993265994
0.9993265993265994
0.9993265993265994
0.9993265993265994
0.9993265993265994
0.9993265993265994
0.9993265993265994
0.9993265993265994
0.9993265993265994
0.9993265993265994
0.9993265993265994
0.9993265993265994
0.9993265993265994
0.9993265993265994
0.9993265993265994
0.9993265993265994
0.9993265993265994
0.9993265993265994
0.9993265993265994
0.9993265993265994
0.9993265993265994
0.9993265993265994
0.9993265993265994
0.9993265993265994
0.9993265993265994
0.9993265993265994
0.9993265993265994
0.9993265993265994
0.9993265993265994
0.9993265993265994
0.9993265993265994
0.9993265993265994
0.9993265993265994
0.9993265993265994
0.9993265993265994
0.9993265993265994
0.9993265993265994
0.9993265993265994
0.9993265993265994
0.9993265993265994
0.9993265993265994
0.9993265993265994
0.9993265993265994
0.9993265993265994
0.9993265993265994
0.9993265993265994
0.9993265993265994
0.9993265993265994
0.9993265993265994
0.9993265993265994
0.9993265993265994
0.9993265993265994
0.9993265993265994
0.9993265993265994
0.9993265993265994
0.9993265993265994
0.9993265993265994
0.9993265993265994
0.9993265993265994
0.9993265993265994
0.9993265993265994
0.9993265993265994
0.9993265993265994
0.9993265993265994
0.9993265993265994
0.9993265993265994
0.9993265993265994
0.9993265993265994
0.9993265993265994
0.9993265993265994
0.9993265993265994
0.9993265993265994
0.9993265993265994
0.9993265993265994
0.9993265993265994
0.9993265993265994
0.9993265993265994
0.9993265993265994
0.9993265993265994
0.9993265993265994
0.9993265993265994
0.9993265993265994
0.9993265993265994
0.9993265993265994
0.9993265993265994
0.9993265993265994
0.9993265993265994
0.9993265993265994
0.9993265993265994
0.9993265993265994
0.9993265993265994
0.9993265993265994
0.9993265993265994
0.9993265993265994
0.9993265993265994
0.9993265993265994
0.9993265993265994
0.9993265993265994
0.9993265993265994
0.9993265993265994
0.9993265993265994
0.9993265993265994
1.0
1.0
