0.0
0.0
0.0
0.0
0.0
0.0
0.0
0.0
0.0
0.0
0.0
0.0
0.0
0.0
0.0
0.0
0.004728132387706856
0.004728132387706856
0.007409010940678433
0.007409010940678433
0.007409010940678433
0.007409010940678433
0.007409010940678433
0.007409010940678433
0.007409010940678433
0.00870100060476112
0.00870100060476112
0.00870100060476112
0.00870100060476112
0.00870100060476112
0.009992990268843807
0.009992990268843807
0.009992990268843807
0.015373647714582602
0.015373647714582602
0.015373647714582602
0.015373647714582602
0.017393849734784625
0.030045821309295808
0.030045821309295808
0.030045821309295808
0.030045821309295808
0.030045821309295808
0.030045821309295808
0.030045821309295808
0.030045821309295808
0.030045821309295808
0.030045821309295808
0.030045821309295808
0.030045821309295808
0.03423138112792155
0.04092816908367255
0.04092816908367255
0.04092816908367255
0.04092816908367255
0.04092816908367255
0.04092816908367255
0.04092816908367255
0.04092816908367255
0.04092816908367255
0.04092816908367255
0.04231705797256143
0.04231705797256143
0.04231705797256143
0.05137525571974541
0.05137525571974541
0.05137525571974541
0.056103388107452266
0.059119979359337646
0.059119979359337646
0.059119979359337646
0.059119979359337646
0.059119979359337646
0.059119979359337646
0.059119979359337646
0.06419798026538505
0.06419798026538505
0.06419798026538505
0.06419798026538505
0.06419798026538505
0.06419798026538505
0.06419798026538505
0.06419798026538505
0.06419798026538505
0.06656204645923847
0.06656204645923847
0.06656204645923847
0.06656204645923847
0.06656204645923847
0.06656204645923847
0.07192563711694677
0.07192563711694677
0.07192563711694677
0.07192563711694677
0.07755767716700936
0.07755767716700936
0.07755767716700936
0.07755767716700936
0.07755767716700936
0.07755767716700936
0.07755767716700936
0.0815271969260028
0.0815271969260028
0.08624347737757737
0.08624347737757737
0.08624347737757737
0.08624347737757737
0.08624347737757737
0.08624347737757737
0.08624347737757737
0.08624347737757737
0.08624347737757737
0.08624347737757737
0.08969895793045425
0.09164827566924567
0.09164827566924567
0.10069127353802869
0.10069127353802869
0.106054864195737
0.106054864195737
0.106054864195737
0.106054864195737
0.106054864195737
0.106054864195737
0.106054864195737
0.106054864195737
0.106054864195737
0.106054864195737
0.106054864195737
0.106054864195737
0.106054864195737
0.106054864195737
0.108075066215939
0.108075066215939
0.108075066215939
0.1146545802464934
0.1146545802464934
0.116288567174598
0.116288567174598
0.116288567174598
0.116288567174598
0.116288567174598
0.11811006079937031
0.11811006079937031
0.11941725034185396
0.11941725034185396
0.11941725034185396
0.11941725034185396
0.11941725034185396
0.11941725034185396
0.11941725034185396
0.12341530346381198
0.129433558605972
0.129433558605972
0.129433558605972
0.13270153246218114
0.13270153246218114
0.13270153246218114
0.13270153246218114
0.13270153246218114
0.1353007116687475
0.1353007116687475
0.1353007116687475
0.1353007116687475
0.1353007116687475
0.1353007116687475
0.1353007116687475
0.1353007116687475
0.14199484322207803
0.1433020327645617
0.1465124152782229
0.1465124152782229
0.1465124152782229
0.1478044049423056
0.1478044049423056
0.1478044049423056
0.1478044049423056
0.1478044049423056
0.1478044049423056
0.1478044049423056
0.1478044049423056
0.1478044049423056
0.1478044049423056
0.1478044049423056
0.1478044049423056
0.1478044049423056
0.15350667776383933
0.15350667776383933
0.15350667776383933
0.15650806913732374
0.15650806913732374
0.15650806913732374
0.15650806913732374
0.15650806913732374
0.16089834939969702
0.16089834939969702
0.16089834939969702
0.16089834939969702
0.16089834939969702
0.16089834939969702
0.16089834939969702
0.16089834939969702
0.16089834939969702
0.1688009043610755
0.1688009043610755
0.1688009043610755
0.1704348912891801
0.17238420902797152
0.17440441104817353
0.17440441104817353
0.17440441104817353
0.17440441104817353
0.17440441104817353
0.17440441104817353
0.17440441104817353
0.17440441104817353
0.17440441104817353
0.17440441104817353
0.17440441104817353
0.17440441104817353
0.17956411130062613
0.17956411130062613
0.17956411130062613
0.17956411130062613
0.17956411130062613
0.17956411130062613
0.17956411130062613
0.18719235050781272
0.18719235050781272
0.18719235050781272
0.18719235050781272
0.19019374188129715
0.19019374188129715
0.19409237735887996
0.19409237735887996
0.19409237735887996
0.19409237735887996
0.19677325591185157
0.19677325591185157
0.19677325591185157
0.19677325591185157
0.19677325591185157
0.19677325591185157
0.19677325591185157
0.19677325591185157
0.19677325591185157
0.20030415124602557
0.20030415124602557
0.20030415124602557
0.20030415124602557
0.20030415124602557
0.20030415124602557
0.20623072201527762
0.20623072201527762
0.2115074313167547
0.2115074313167547
0.2115074313167547
0.2115074313167547
0.2115074313167547
0.21534912696172903
0.21793310628989443
0.21793310628989443
0.21793310628989443
0.21793310628989443
0.21793310628989443
0.219567093217999
0.219567093217999
0.219567093217999
0.219567093217999
0.219567093217999
0.219567093217999
0.22782398151346006
0.22921287040234897
0.22921287040234897
0.22921287040234897
0.23222946165423433
0.23222946165423433
0.23222946165423433
0.23222946165423433
0.23222946165423433
0.23222946165423433
0.23222946165423433
0.23222946165423433
0.23222946165423433
0.23222946165423433
0.23482864086080069
0.23482864086080069
0.23482864086080069
0.23621752974968954
0.23816684748848096
0.23816684748848096
0.23816684748848096
0.23816684748848096
0.23816684748848096
0.23816684748848096
0.23816684748848096
0.23816684748848096
0.23816684748848096
0.24598141135050955
0.24598141135050955
0.24598141135050955
0.24598141135050955
0.24598141135050955
0.24598141135050955
0.24598141135050955
0.2500218153909136
0.2500218153909136
0.2500218153909136
0.2500218153909136
0.2500218153909136
0.2500218153909136
0.252605794719079
0.252605794719079
0.252605794719079
0.252605794719079
0.252605794719079
0.252605794719079
0.252605794719079
0.2538977843831617
0.2538977843831617
0.2538977843831617
0.25651216346812905
0.26026511855087137
0.26026511855087137
0.2656332397084662
0.2656332397084662
0.2656332397084662
0.2656332397084662
0.2656332397084662
0.2656332397084662
0.2656332397084662
0.2656332397084662
0.2656332397084662
0.2656332397084662
0.2656332397084662
0.2656332397084662
0.2656332397084662
0.26692522937254887
0.26692522937254887
0.26831411826143775
0.26831411826143775
0.27847755562675536
0.27847755562675536
0.27847755562675536
0.27847755562675536
0.27847755562675536
0.27847755562675536
0.279784745169239
0.279784745169239
0.279784745169239
0.2848323535063211
0.2848323535063211
0.2848323535063211
0.2848323535063211
0.2848323535063211
0.2848323535063211
0.2893499255624659
0.2893499255624659
0.2893499255624659
0.2893499255624659
0.29065711510494957
0.29065711510494957
0.29065711510494957
0.29386749761861075
0.29386749761861075
0.29386749761861075
0.29386749761861075
0.29386749761861075
0.29386749761861075
0.29386749761861075
0.29386749761861075
0.2952563865074997
0.2952563865074997
0.2985837780701854
0.2985837780701854
0.2985837780701854
0.30655656580303503
0.30655656580303503
0.30655656580303503
0.3078637553455187
0.3078637553455187
0.3078637553455187
0.3078637553455187
0.3078637553455187
0.3078637553455187
0.3078637553455187
0.3078637553455187
0.3078637553455187
0.3078637553455187
0.309685248970291
0.31607043941882207
0.31607043941882207
0.31607043941882207
0.31607043941882207
0.31607043941882207
0.31607043941882207
0.31607043941882207
0.31607043941882207
0.3173776289613057
0.3173776289613057
0.3173776289613057
0.3173776289613057
0.3187665178501946
0.3187665178501946
0.3187665178501946
0.3204005047782992
0.3204005047782992
0.3237278963409849
0.3237278963409849
0.3237278963409849
0.3237278963409849
0.3237278963409849
0.3237278963409849
0.32823026851872883
0.32823026851872883
0.3295222581828115
0.3295222581828115
0.3295222581828115
0.3295222581828115
0.3295222581828115
0.3295222581828115
0.3295222581828115
0.3295222581828115
0.3295222581828115
0.3344127523921911
0.3344127523921911
0.3344127523921911
0.3344127523921911
0.3390321336189594
0.3390321336189594
0.3390321336189594
0.3390321336189594
0.3390321336189594
0.34032412328304207
0.34214561690781436
0.34214561690781436
0.34214561690781436
0.34214561690781436
0.34214561690781436
0.34214561690781436
0.34214561690781436
0.34921076367484144
0.34921076367484144
0.34921076367484144
0.34921076367484144
0.34921076367484144
0.34921076367484144
0.34921076367484144
0.34921076367484144
0.34921076367484144
0.34921076367484144
0.34921076367484144
0.34921076367484144
0.34921076367484144
0.3523394468420975
0.3606435624604546
0.3606435624604546
0.3606435624604546
0.3705771345070297
0.372398628131802
0.372398628131802
0.372398628131802
0.372398628131802
0.37369061779588475
0.37369061779588475
0.37369061779588475
0.37369061779588475
0.37832519890105404
0.37832519890105404
0.37832519890105404
0.37832519890105404
0.37832519890105404
0.37832519890105404
0.37832519890105404
0.37832519890105404
0.3860762071057544
0.3860762071057544
0.3860762071057544
0.3860762071057544
0.3860762071057544
0.3913689134820521
0.3913689134820521
0.3913689134820521
0.3913689134820521
0.3913689134820521
0.3913689134820521
0.3913689134820521
0.3913689134820521
0.3913689134820521
0.3913689134820521
0.3913689134820521
0.3913689134820521
0.4012498041318966
0.4152241579394558
0.4152241579394558
0.4152241579394558
0.4152241579394558
0.4152241579394558
0.4152241579394558
0.4152241579394558
0.4152241579394558
0.4152241579394558
0.4152241579394558
0.4152241579394558
0.4152241579394558
0.41856754657696205
0.4234056314536198
0.4234056314536198
0.4234056314536198
0.42653431462087577
0.42653431462087577
0.42653431462087577
0.42653431462087577
0.42653431462087577
0.42653431462087577
0.42653431462087577
0.42653431462087577
0.42653431462087577
0.42653431462087577
0.42792320350976465
0.42792320350976465
0.4293120923986536
0.4293120923986536
0.4293120923986536
0.4293120923986536
0.4293120923986536
0.43525386304630653
0.43525386304630653
0.43525386304630653
0.43525386304630653
0.43525386304630653
0.43892511878264356
0.44031400767153245
0.44031400767153245
0.44031400767153245
0.44031400767153245
0.44031400767153245
0.44031400767153245
0.44031400767153245
0.44031400767153245
0.44031400767153245
0.44031400767153245
0.44031400767153245
0.44202340938093415
0.44202340938093415
0.44438747557478764
0.44438747557478764
0.44438747557478764
0.44438747557478764
0.44438747557478764
0.44765544943099683
0.4506720406828822
0.4506720406828822
0.4506720406828822
0.4506720406828822
0.4506720406828822
0.4506720406828822
0.4519640303469649
0.45474180812474263
0.45474180812474263
0.46151134727153376
0.46151134727153376
0.46151134727153376
0.46151134727153376
0.46151134727153376
0.46151134727153376
0.46151134727153376
0.46151134727153376
0.46151134727153376
0.4628033369356165
0.4628033369356165
0.4663342322697905
0.4663342322697905
0.4663342322697905
0.4663342322697905
0.4663342322697905
0.4663342322697905
0.4713943768950164
0.4713943768950164
0.4713943768950164
0.4713943768950164
0.4713943768950164
0.4713943768950164
0.4713943768950164
0.4713943768950164
0.4713943768950164
0.4713943768950164
0.4713943768950164
0.4713943768950164
0.4713943768950164
0.4713943768950164
0.4713943768950164
0.4713943768950164
0.4713943768950164
0.4770918395120369
0.4770918395120369
0.4770918395120369
0.48244422847098317
0.48244422847098317
0.48244422847098317
0.48244422847098317
0.48244422847098317
0.48244422847098317
0.48244422847098317
0.48244422847098317
0.48244422847098317
0.48244422847098317
0.48578761710848944
0.48578761710848944
0.48578761710848944
0.4901010010411342
0.49506424644155406
0.49506424644155406
0.49506424644155406
0.49506424644155406
0.49506424644155406
0.49506424644155406
0.49506424644155406
0.49506424644155406
0.49506424644155406
0.49506424644155406
0.49506424644155406
0.49506424644155406
0.5016117330276134
0.5016117330276134
0.5016117330276134
0.5075591038883629
0.5075591038883629
0.512820613311439
0.512820613311439
0.512820613311439
0.512820613311439
0.512820613311439
0.512820613311439
0.512820613311439
0.512820613311439
0.5141278028539227
0.5141278028539227
0.5141278028539227
0.5141278028539227
0.5141278028539227
0.5141278028539227
0.5141278028539227
0.5161480048741247
0.5161480048741247
0.522672486011609
0.522672486011609
0.522672486011609
0.522672486011609
0.522672486011609
0.5240613749004979
0.5240613749004979
0.5240613749004979
0.5240613749004979
0.5240613749004979
0.5240613749004979
0.5240613749004979
0.5240613749004979
0.5240613749004979
0.5240613749004979
0.5240613749004979
0.5240613749004979
0.5280308946594913
0.5280308946594913
0.5280308946594913
0.5280308946594913
0.5280308946594913
0.5280308946594913
0.5280308946594913
0.5280308946594913
0.5280308946594913
0.5280308946594913
0.5280308946594913
0.5280308946594913
0.5280308946594913
0.5280308946594913
0.5280308946594913
0.5280308946594913
0.5280308946594913
0.5280308946594913
0.5280308946594913
0.5280308946594913
0.5280308946594913
0.5294197835483802
0.5294197835483802
0.5294197835483802
0.5294197835483802
0.5294197835483802
0.5294197835483802
0.5294197835483802
0.5294197835483802
0.5294197835483802
0.5294197835483802
0.5294197835483802
0.5294197835483802
0.5294197835483802
0.5374582407107422
0.5374582407107422
0.5374582407107422
0.5374582407107422
0.5374582407107422
0.5374582407107422
0.5391676424201439
0.5391676424201439
0.5391676424201439
0.5391676424201439
0.5391676424201439
0.5391676424201439
0.5391676424201439
0.5391676424201439
0.5391676424201439
0.5391676424201439
0.5421905182371374
0.5477231406428248
0.5494325423522265
0.5494325423522265
0.5494325423522265
0.5494325423522265
0.5494325423522265
0.5494325423522265
0.5494325423522265
0.5527447340365111
0.5527447340365111
0.5527447340365111
0.5527447340365111
0.5527447340365111
0.5527447340365111
0.5527447340365111
0.5527447340365111
0.5527447340365111
0.5546940517753026
0.5546940517753026
0.5546940517753026
0.5546940517753026
0.5546940517753026
0.5546940517753026
0.5546940517753026
0.5546940517753026
0.5546940517753026
0.5546940517753026
0.557695443148787
0.557695443148787
0.557695443148787
0.557695443148787
0.557695443148787
0.557695443148787
0.557695443148787
0.5590026326912707
0.5590026326912707
0.5590026326912707
0.5590026326912707
0.5590026326912707
0.5590026326912707
0.5610228347114727
0.5610228347114727
0.5610228347114727
0.5610228347114727
0.5610228347114727
0.5641363180003276
0.5641363180003276
0.5641363180003276
0.5641363180003276
0.5641363180003276
0.5641363180003276
0.5676672133345018
0.5676672133345018
0.5676672133345018
0.5676672133345018
0.5676672133345018
0.5676672133345018
0.5676672133345018
0.5676672133345018
0.5676672133345018
0.5676672133345018
0.5676672133345018
0.5676672133345018
0.5676672133345018
0.5676672133345018
0.5689744028769854
0.5689744028769854
0.5689744028769854
0.5750795722174488
0.5763867617599324
0.5763867617599324
0.5763867617599324
0.5763867617599324
0.5763867617599324
0.5763867617599324
0.5763867617599324
0.5763867617599324
0.5763867617599324
0.5763867617599324
0.5763867617599324
0.5763867617599324
0.5763867617599324
0.5763867617599324
0.5763867617599324
0.5801397168426747
0.5820890345814662
0.5820890345814662
0.5820890345814662
0.5820890345814662
0.5820890345814662
0.5820890345814662
0.5820890345814662
0.5820890345814662
0.5820890345814662
0.5820890345814662
0.5820890345814662
0.5820890345814662
0.5820890345814662
0.5820890345814662
0.5820890345814662
0.5820890345814662
0.5820890345814662
0.5867244128830552
0.5887446149032571
0.5887446149032571
0.590133503792146
0.590133503792146
0.590133503792146
0.590133503792146
0.590133503792146
0.590133503792146
0.590133503792146
0.590133503792146
0.590133503792146
0.590133503792146
0.590133503792146
0.590133503792146
0.590133503792146
0.590133503792146
0.5919549974169184
0.5919549974169184
0.5919549974169184
0.5952115046981935
0.5952115046981935
0.5952115046981935
0.5952115046981935
0.5952115046981935
0.5952115046981935
0.5952115046981935
0.5952115046981935
0.5952115046981935
0.5952115046981935
0.5952115046981935
0.5952115046981935
0.5952115046981935
0.5952115046981935
0.5975755708920469
0.5988675605561296
0.5988675605561296
0.5988675605561296
0.5988675605561296
0.6006890541809019
0.6006890541809019
0.6006890541809019
0.6006890541809019
0.6006890541809019
0.6006890541809019
0.6006890541809019
0.6006890541809019
0.6006890541809019
0.6006890541809019
0.6006890541809019
0.6006890541809019
0.6033699327338735
0.6033699327338735
0.6033699327338735
0.6033699327338735
0.6033699327338735
0.6033699327338735
0.6033699327338735
0.6075554925524993
0.6075554925524993
0.6075554925524993
0.6075554925524993
0.6075554925524993
0.6075554925524993
0.6075554925524993
0.6075554925524993
0.6075554925524993
0.6075554925524993
0.6112267482888363
0.6112267482888363
0.6112267482888363
0.6112267482888363
0.6112267482888363
0.6112267482888363
0.6112267482888363
0.6112267482888363
0.6112267482888363
0.6112267482888363
0.6112267482888363
0.6112267482888363
0.6112267482888363
0.6141679247594245
0.6141679247594245
0.6187981210511876
0.6187981210511876
0.6187981210511876
0.6187981210511876
0.6187981210511876
0.6187981210511876
0.6187981210511876
0.6187981210511876
0.6187981210511876
0.6187981210511876
0.6187981210511876
0.6187981210511876
0.6187981210511876
0.6187981210511876
0.6187981210511876
0.6187981210511876
0.6187981210511876
0.6187981210511876
0.6187981210511876
0.6232339937609273
0.6232339937609273
0.6232339937609273
0.6232339937609273
0.6232339937609273
0.6255980599547806
0.6255980599547806
0.6255980599547806
0.6255980599547806
0.6255980599547806
0.6255980599547806
0.6255980599547806
0.6255980599547806
0.6282941383861531
0.6282941383861531
0.6282941383861531
0.6282941383861531
0.6313924289844438
0.6313924289844438
0.6313924289844438
0.6313924289844438
0.6313924289844438
0.6313924289844438
0.6313924289844438
0.6313924289844438
0.6330264159125484
0.6330264159125484
0.6330264159125484
0.6330264159125484
0.6330264159125484
0.6330264159125484
0.6330264159125484
0.6330264159125484
0.6330264159125484
0.6362829231938234
0.6362829231938234
0.6362829231938234
0.6362829231938234
0.6362829231938234
0.6362829231938234
0.6362829231938234
0.6362829231938234
0.6362829231938234
0.6362829231938234
0.6362829231938234
0.6362829231938234
0.6362829231938234
0.6362829231938234
0.6392088997860106
0.6392088997860106
0.6392088997860106
0.6456657717123719
0.6456657717123719
0.6456657717123719
0.6456657717123719
0.6456657717123719
0.6456657717123719
0.6456657717123719
0.6456657717123719
0.6456657717123719
0.6456657717123719
0.6456657717123719
0.6456657717123719
0.6456657717123719
0.6456657717123719
0.6456657717123719
0.6456657717123719
0.6456657717123719
0.6476859737325741
0.6476859737325741
0.651141454285451
0.651141454285451
0.651141454285451
0.651141454285451
0.6524334439495336
0.6524334439495336
0.6524334439495336
0.6524334439495336
0.6524334439495336
0.6524334439495336
0.6524334439495336
0.6524334439495336
0.6524334439495336
0.6524334439495336
0.6524334439495336
0.6570680250547031
0.6570680250547031
0.6570680250547031
0.6570680250547031
0.6600909008716965
0.6600909008716965
0.6600909008716965
0.6600909008716965
0.6600909008716965
0.6600909008716965
0.6600909008716965
0.6618003025810982
0.6645780803588759
0.6645780803588759
0.6645780803588759
0.6645780803588759
0.6645780803588759
0.6683076840884797
0.6683076840884797
0.6683076840884797
0.6683076840884797
0.6683076840884797
0.6683076840884797
0.6715489914913538
0.6715489914913538
0.6715489914913538
0.6715489914913538
0.6715489914913538
0.6715489914913538
0.6715489914913538
0.6715489914913538
0.6715489914913538
0.6715489914913538
0.6715489914913538
0.6784232754630342
0.6784232754630342
0.6784232754630342
0.6784232754630342
0.6784232754630342
0.6784232754630342
0.6784232754630342
0.6784232754630342
0.6784232754630342
0.6784232754630342
0.6784232754630342
0.6784232754630342
0.6784232754630342
0.6784232754630342
0.6784232754630342
0.6784232754630342
0.6798121643519229
0.6798121643519229
0.6798121643519229
0.6798121643519229
0.6798121643519229
0.6811193538944066
0.6811193538944066
0.6811193538944066
0.6811193538944066
0.6811193538944066
0.6811193538944066
0.6842328371832616
0.6842328371832616
0.6842328371832616
0.6842328371832616
0.6842328371832616
0.6842328371832616
0.6842328371832616
0.686596903377115
0.686596903377115
0.686596903377115
0.686596903377115
0.686596903377115
0.686596903377115
0.686596903377115
0.686596903377115
0.6878888930411977
0.6878888930411977
0.6921372590542697
0.6921372590542697
0.6921372590542697
0.6921372590542697
0.6921372590542697
0.6921372590542697
0.6921372590542697
0.6967674553460327
0.6967674553460327
0.6967674553460327
0.6967674553460327
0.6967674553460327
0.6967674553460327
0.6967674553460327
0.6967674553460327
0.6967674553460327
0.6967674553460327
0.6967674553460327
0.6967674553460327
0.6967674553460327
0.6967674553460327
0.6967674553460327
0.6967674553460327
0.6967674553460327
0.7001056619737129
0.7001056619737129
0.7001056619737129
0.7001056619737129
0.7001056619737129
0.7001056619737129
0.7001056619737129
0.7001056619737129
0.7001056619737129
0.7001056619737129
0.7001056619737129
0.7001056619737129
0.7001056619737129
0.7014945508626017
0.7014945508626017
0.7014945508626017
0.7027865405266844
0.7051506067205379
0.7051506067205379
0.7051506067205379
0.7051506067205379
0.7051506067205379
0.7064577962630215
0.7064577962630215
0.7064577962630215
0.7064577962630215
0.7094743875149069
0.7094743875149069
0.7094743875149069
0.7094743875149069
0.7094743875149069
0.7094743875149069
0.7094743875149069
0.7094743875149069
0.7124155639854951
0.713804452874384
0.713804452874384
0.713804452874384
0.713804452874384
0.713804452874384
0.713804452874384
0.713804452874384
0.713804452874384
0.713804452874384
0.713804452874384
0.7161685190682374
0.7161685190682374
0.7161685190682374
0.7161685190682374
0.7161685190682374
0.7161685190682374
0.7192972022354935
0.7192972022354935
0.7192972022354935
0.7192972022354935
0.7192972022354935
0.7192972022354935
0.7192972022354935
0.7192972022354935
0.7192972022354935
0.7192972022354935
0.7192972022354935
0.7192972022354935
0.7192972022354935
0.7192972022354935
0.7192972022354935
0.7192972022354935
0.7192972022354935
0.721978080788465
0.721978080788465
0.721978080788465
0.721978080788465
0.721978080788465
0.725387171697556
0.725387171697556
0.725387171697556
0.725387171697556
0.725387171697556
0.725387171697556
0.725387171697556
0.725387171697556
0.725387171697556
0.725387171697556
0.725387171697556
0.7272086653223283
0.7308628542706348
0.7308628542706348
0.7308628542706348
0.7308628542706348
0.7308628542706348
0.7308628542706348
0.7308628542706348
0.733804030741223
0.733804030741223
0.733804030741223
0.733804030741223
0.733804030741223
0.733804030741223
0.733804030741223
0.733804030741223
0.733804030741223
0.733804030741223
0.7381882989552786
0.7381882989552786
0.7411294754258668
0.7411294754258668
0.7411294754258668
0.7411294754258668
0.7411294754258668
0.7411294754258668
0.7411294754258668
0.7429509690506392
0.7429509690506392
0.7429509690506392
0.7429509690506392
0.7429509690506392
0.7429509690506392
0.7429509690506392
0.7429509690506392
0.7484913247277938
0.7484913247277938
0.7484913247277938
0.7484913247277938
0.7484913247277938
0.7484913247277938
0.7484913247277938
0.7484913247277938
0.7484913247277938
0.7484913247277938
0.7484913247277938
0.7484913247277938
0.7484913247277938
0.7484913247277938
0.7484913247277938
0.7484913247277938
0.7484913247277938
0.7574960690832815
0.7574960690832815
0.7574960690832815
0.7574960690832815
0.7574960690832815
0.7574960690832815
0.7574960690832815
0.7574960690832815
0.7574960690832815
0.7574960690832815
0.7574960690832815
0.7574960690832815
0.7574960690832815
0.7588032586257651
0.7588032586257651
0.7588032586257651
0.7588032586257651
0.7588032586257651
0.7588032586257651
0.7588032586257651
0.7618261344427587
0.7618261344427587
0.7618261344427587
0.7618261344427587
0.7637754521815502
0.7637754521815502
0.7637754521815502
0.7637754521815502
0.7637754521815502
0.7637754521815502
0.7637754521815502
0.7637754521815502
0.7637754521815502
0.7637754521815502
0.7674296411298567
0.7674296411298567
0.7674296411298567
0.7674296411298567
0.7674296411298567
0.7674296411298567
0.7674296411298567
0.7674296411298567
0.7674296411298567
0.7674296411298567
0.7674296411298567
0.7674296411298567
0.770446232381742
0.770446232381742
0.770446232381742
0.770446232381742
0.770446232381742
0.7761376901382812
0.7761376901382812
0.7761376901382812
0.7761376901382812
0.7761376901382812
0.7761376901382812
0.7761376901382812
0.7761376901382812
0.7761376901382812
0.7761376901382812
0.7761376901382812
0.7761376901382812
0.7761376901382812
0.7777716770663857
0.7777716770663857
0.7777716770663857
0.7777716770663857
0.7829365593286642
0.7829365593286642
0.7896838568654355
0.7896838568654355
0.7896838568654355
0.7896838568654355
0.7896838568654355
0.7896838568654355
0.7896838568654355
0.7896838568654355
0.7896838568654355
0.7896838568654355
0.7896838568654355
0.7896838568654355
0.7896838568654355
0.7896838568654355
0.7896838568654355
0.7896838568654355
0.7896838568654355
0.7896838568654355
0.7896838568654355
0.7913178437935401
0.7913178437935401
0.7913178437935401
0.7913178437935401
0.7913178437935401
0.7913178437935401
0.7913178437935401
0.7913178437935401
0.7913178437935401
0.7913178437935401
0.7913178437935401
0.7913178437935401
0.7913178437935401
0.7961931381245189
0.7961931381245189
0.7961931381245189
0.7961931381245189
0.7961931381245189
0.7961931381245189
0.7980146317492911
0.7980146317492911
0.7980146317492911
0.7980146317492911
0.7980146317492911
0.7980146317492911
0.7980146317492911
0.7980146317492911
0.7993066214133738
0.7993066214133738
0.7993066214133738
0.8073338768769738
0.8073338768769738
0.8073338768769738
0.8073338768769738
0.8073338768769738
0.8073338768769738
0.8073338768769738
0.8073338768769738
0.8089678638050785
0.8089678638050785
0.8089678638050785
0.8089678638050785
0.8089678638050785
0.8089678638050785
0.8089678638050785
0.8089678638050785
0.8089678638050785
0.8106018507331829
0.8106018507331829
0.8106018507331829
0.8106018507331829
0.8106018507331829
0.8106018507331829
0.8106018507331829
0.8106018507331829
0.8106018507331829
0.8106018507331829
0.8154462201749486
0.8154462201749486
0.8154462201749486
0.8154462201749486
0.8167382098390314
0.8167382098390314
0.8167382098390314
0.8180301995031141
0.8180301995031141
0.8180301995031141
0.8180301995031141
0.8180301995031141
0.8180301995031141
0.8180301995031141
0.8180301995031141
0.8180301995031141
0.8180301995031141
0.8211436827919691
0.8211436827919691
0.8247269874588651
0.8247269874588651
0.8247269874588651
0.8247269874588651
0.8247269874588651
0.8247269874588651
0.8247269874588651
0.8247269874588651
0.8247269874588651
0.8247269874588651
0.8247269874588651
0.8247269874588651
0.8247269874588651
0.8247269874588651
0.8247269874588651
0.8247269874588651
0.8247269874588651
0.8247269874588651
0.8247269874588651
0.8247269874588651
0.8247269874588651
0.8247269874588651
0.8281360783679559
0.8281360783679559
0.8281360783679559
0.8281360783679559
0.8281360783679559
0.8281360783679559
0.8281360783679559
0.8281360783679559
0.8281360783679559
0.8281360783679559
0.8281360783679559
0.8281360783679559
0.8281360783679559
0.8281360783679559
0.8281360783679559
0.8294280680320386
0.8294280680320386
0.8365110710798871
0.8365110710798871
0.8365110710798871
0.8365110710798871
0.8382204727892888
0.8382204727892888
0.8382204727892888
0.8382204727892888
0.8382204727892888
0.8382204727892888
0.8382204727892888
0.8382204727892888
0.8395124624533714
0.8395124624533714
0.8395124624533714
0.8395124624533714
0.8395124624533714
0.8471380380703011
0.8488474397797028
0.8488474397797028
0.8488474397797028
0.8488474397797028
0.8488474397797028
0.8488474397797028
0.8488474397797028
0.8488474397797028
0.8488474397797028
0.8488474397797028
0.8488474397797028
0.8488474397797028
0.8488474397797028
0.8488474397797028
0.8488474397797028
0.8488474397797028
0.8524904270292475
0.8524904270292475
0.8524904270292475
0.8524904270292475
0.8524904270292475
0.8524904270292475
0.8524904270292475
0.8524904270292475
0.8524904270292475
0.8524904270292475
0.8524904270292475
0.8524904270292475
0.8524904270292475
0.8524904270292475
0.8524904270292475
0.8524904270292475
0.8524904270292475
0.8524904270292475
0.8524904270292475
0.8524904270292475
0.8524904270292475
0.8524904270292475
0.8524904270292475
0.8524904270292475
0.8524904270292475
0.8524904270292475
0.8524904270292475
0.8524904270292475
0.8524904270292475
0.8524904270292475
0.8524904270292475
0.8524904270292475
0.8524904270292475
0.8524904270292475
0.8545106290494494
0.8545106290494494
0.8545106290494494
0.8545106290494494
0.8545106290494494
0.8545106290494494
0.8545106290494494
0.8545106290494494
0.8545106290494494
0.8545106290494494
0.8545106290494494
0.8545106290494494
0.8545106290494494
0.8545106290494494
0.8545106290494494
0.8545106290494494
0.8545106290494494
0.857191507602421
0.857191507602421
0.857191507602421
0.857191507602421
0.857191507602421
0.857191507602421
0.857191507602421
0.857191507602421
0.857191507602421
0.857191507602421
0.857191507602421
0.857191507602421
0.857191507602421
0.857191507602421
0.857191507602421
0.857191507602421
0.857191507602421
0.857191507602421
0.857191507602421
0.857191507602421
0.857191507602421
0.857191507602421
0.857191507602421
0.857191507602421
0.857191507602421
0.857191507602421
0.857191507602421
0.857191507602421
0.8601928989759053
0.8601928989759053
0.8601928989759053
0.8601928989759053
0.8601928989759053
0.8601928989759053
0.8637237943100794
0.8637237943100794
0.8637237943100794
0.8637237943100794
0.8637237943100794
0.8637237943100794
0.8637237943100794
0.8637237943100794
0.8637237943100794
0.8637237943100794
0.8637237943100794
0.8637237943100794
0.8637237943100794
0.8637237943100794
0.8637237943100794
0.8637237943100794
0.8637237943100794
0.8667251856835638
0.8667251856835638
0.8667251856835638
0.8667251856835638
0.8667251856835638
0.8667251856835638
0.8667251856835638
0.8667251856835638
0.8667251856835638
0.8667251856835638
0.8667251856835638
0.8667251856835638
0.8667251856835638
0.8667251856835638
0.8667251856835638
0.8667251856835638
0.8667251856835638
0.8667251856835638
0.8667251856835638
0.8667251856835638
0.8667251856835638
0.8667251856835638
0.8667251856835638
0.8667251856835638
0.8667251856835638
0.8667251856835638
0.8667251856835638
0.8667251856835638
0.8667251856835638
0.8667251856835638
0.8667251856835638
0.8667251856835638
0.8667251856835638
0.8667251856835638
0.8710385696162085
0.8710385696162085
0.8710385696162085
0.8710385696162085
0.8710385696162085
0.8710385696162085
0.8710385696162085
0.8710385696162085
0.8710385696162085
0.8710385696162085
0.8710385696162085
0.8710385696162085
0.8710385696162085
0.8710385696162085
0.8710385696162085
0.8710385696162085
0.8710385696162085
0.8727479713256102
0.8727479713256102
0.8781115619833186
0.8781115619833186
0.8781115619833186
0.8781115619833186
0.8781115619833186
0.8781115619833186
0.8781115619833186
0.8781115619833186
0.8781115619833186
0.8781115619833186
0.8781115619833186
0.8781115619833186
0.8781115619833186
0.8781115619833186
0.8781115619833186
0.8781115619833186
0.8781115619833186
0.8794035516474012
0.8794035516474012
0.8824049430208857
0.8824049430208857
0.8824049430208857
0.8824049430208857
0.8824049430208857
0.8824049430208857
0.8824049430208857
0.8824049430208857
0.8824049430208857
0.8824049430208857
0.8824049430208857
0.8824049430208857
0.8824049430208857
0.889198630201443
0.889198630201443
0.889198630201443
0.889198630201443
0.889198630201443
0.889198630201443
0.889198630201443
0.889198630201443
0.889198630201443
0.889198630201443
0.889198630201443
0.889198630201443
0.889198630201443
0.889198630201443
0.889198630201443
0.889198630201443
0.889198630201443
0.8926174336202464
0.8926174336202464
0.8926174336202464
0.8926174336202464
0.8926174336202464
0.8926174336202464
0.8926174336202464
0.8926174336202464
0.8940063225091353
0.8940063225091353
0.8940063225091353
0.8940063225091353
0.8940063225091353
0.8940063225091353
0.8940063225091353
0.8940063225091353
0.8940063225091353
0.8953952113980242
0.8953952113980242
0.8953952113980242
0.8953952113980242
0.8953952113980242
0.8953952113980242
0.8953952113980242
0.8953952113980242
0.8953952113980242
0.8953952113980242
0.8953952113980242
0.8953952113980242
0.8953952113980242
0.8953952113980242
0.8953952113980242
0.8953952113980242
0.8953952113980242
0.896784100286913
0.896784100286913
0.896784100286913
0.896784100286913
0.896784100286913
0.896784100286913
0.896784100286913
0.896784100286913
0.896784100286913
0.896784100286913
0.896784100286913
0.896784100286913
0.896784100286913
0.896784100286913
0.896784100286913
0.896784100286913
0.896784100286913
0.8984935019963147
0.8984935019963147
0.8984935019963147
0.8984935019963147
0.8984935019963147
0.8984935019963147
0.8984935019963147
0.8984935019963147
0.8984935019963147
0.8984935019963147
0.8984935019963147
0.8984935019963147
0.8984935019963147
0.8984935019963147
0.9047576852161823
0.9047576852161823
0.9047576852161823
0.9047576852161823
0.9047576852161823
0.9047576852161823
0.9047576852161823
0.9047576852161823
0.9047576852161823
0.9047576852161823
0.9047576852161823
0.9047576852161823
0.9047576852161823
0.9047576852161823
0.9047576852161823
0.9047576852161823
0.9047576852161823
0.9047576852161823
0.9047576852161823
0.9061465741050712
0.9080958918438626
0.9080958918438626
0.9080958918438626
0.9080958918438626
0.9080958918438626
0.9080958918438626
0.9080958918438626
0.9080958918438626
0.9080958918438626
0.9080958918438626
0.9080958918438626
0.9080958918438626
0.9080958918438626
0.9080958918438626
0.9080958918438626
0.9080958918438626
0.9080958918438626
0.9080958918438626
0.9140147293416475
0.9140147293416475
0.9140147293416475
0.9140147293416475
0.9140147293416475
0.9140147293416475
0.9140147293416475
0.9140147293416475
0.9140147293416475
0.9140147293416475
0.9140147293416475
0.9140147293416475
0.9140147293416475
0.9140147293416475
0.9140147293416475
0.9140147293416475
0.9140147293416475
0.9140147293416475
0.9140147293416475
0.9195891780491622
0.9195891780491622
0.9195891780491622
0.9195891780491622
0.9195891780491622
0.9195891780491622
0.9195891780491622
0.9195891780491622
0.9195891780491622
0.9195891780491622
0.9195891780491622
0.9195891780491622
0.9195891780491622
0.9195891780491622
0.9195891780491622
0.9195891780491622
0.9195891780491622
0.9195891780491622
0.9195891780491622
0.9195891780491622
0.9195891780491622
0.9195891780491622
0.9195891780491622
0.9195891780491622
0.9195891780491622
0.9195891780491622
0.9195891780491622
0.9195891780491622
0.9195891780491622
0.9195891780491622
0.9195891780491622
0.9212231649772666
0.9212231649772666
0.9212231649772666
0.9212231649772666
0.9212231649772666
0.9212231649772666
0.9212231649772666
0.9235872311711203
0.9235872311711203
0.9235872311711203
0.9235872311711203
0.9235872311711203
0.9235872311711203
0.9235872311711203
0.9235872311711203
0.9235872311711203
0.9235872311711203
0.9252212180992248
0.9252212180992248
0.9252212180992248
0.9252212180992248
0.9252212180992248
0.9252212180992248
0.9252212180992248
0.9252212180992248
0.9252212180992248
0.9265284076417084
0.9265284076417084
0.9265284076417084
0.9265284076417084
0.9265284076417084
0.9265284076417084
0.9265284076417084
0.9265284076417084
0.9265284076417084
0.9265284076417084
0.9265284076417084
0.9265284076417084
0.9265284076417084
0.9265284076417084
0.9265284076417084
0.9265284076417084
0.9265284076417084
0.9265284076417084
0.9265284076417084
0.9298717962792148
0.9298717962792148
0.9298717962792148
0.9298717962792148
0.9298717962792148
0.9298717962792148
0.931693289903987
0.931693289903987
0.931693289903987
0.931693289903987
0.931693289903987
0.931693289903987
0.931693289903987
0.931693289903987
0.931693289903987
0.931693289903987
0.931693289903987
0.931693289903987
0.931693289903987
0.9383376685270162
0.9383376685270162
0.9383376685270162
0.9383376685270162
0.9412788449976043
0.9412788449976043
0.9412788449976043
0.9412788449976043
0.9412788449976043
0.9412788449976043
0.9412788449976043
0.9412788449976043
0.9412788449976043
0.9412788449976043
0.9412788449976043
0.9412788449976043
0.9412788449976043
0.9412788449976043
0.9412788449976043
0.9412788449976043
0.9412788449976043
0.942570834661687
0.942570834661687
0.942570834661687
0.942570834661687
0.942570834661687
0.942570834661687
0.942570834661687
0.942570834661687
0.942570834661687
0.942570834661687
0.942570834661687
0.942570834661687
0.942570834661687
0.942570834661687
0.942570834661687
0.942570834661687
0.942570834661687
0.942570834661687
0.942570834661687
0.942570834661687
0.942570834661687
0.942570834661687
0.942570834661687
0.942570834661687
0.942570834661687
0.942570834661687
0.942570834661687
0.942570834661687
0.942570834661687
0.942570834661687
0.942570834661687
0.942570834661687
0.942570834661687
0.942570834661687
0.9495917636006383
0.9495917636006383
0.9495917636006383
0.9495917636006383
0.9495917636006383
0.9495917636006383
0.9495917636006383
0.9495917636006383
0.9495917636006383
0.9495917636006383
0.9495917636006383
0.9495917636006383
0.9495917636006383
0.9495917636006383
0.9495917636006383
0.9495917636006383
0.9495917636006383
0.9495917636006383
0.9495917636006383
0.9495917636006383
0.9495917636006383
0.9495917636006383
0.9495917636006383
0.9495917636006383
0.9495917636006383
0.9495917636006383
0.9495917636006383
0.9495917636006383
0.9495917636006383
0.9495917636006383
0.9495917636006383
0.9495917636006383
0.9495917636006383
0.9495917636006383
0.950898953143122
0.950898953143122
0.950898953143122
0.950898953143122
0.950898953143122
0.950898953143122
0.9528482708819135
0.9528482708819135
0.9528482708819135
0.9528482708819135
0.9528482708819135
0.9528482708819135
0.9528482708819135
0.9528482708819135
0.9528482708819135
0.9528482708819135
0.9528482708819135
0.9544822578100179
0.9544822578100179
0.9544822578100179
0.9544822578100179
0.9544822578100179
0.9544822578100179
0.9544822578100179
0.9544822578100179
0.9558711466989069
0.9558711466989069
0.9558711466989069
0.9558711466989069
0.9558711466989069
0.9558711466989069
0.9558711466989069
0.9558711466989069
0.9558711466989069
0.9575805484083086
0.9575805484083086
0.9575805484083086
0.9575805484083086
0.9575805484083086
0.9575805484083086
0.9575805484083086
0.9575805484083086
0.9575805484083086
0.9575805484083086
0.9575805484083086
0.9575805484083086
0.9575805484083086
0.9575805484083086
0.9575805484083086
0.9575805484083086
0.9575805484083086
0.9575805484083086
0.9575805484083086
0.9575805484083086
0.9575805484083086
0.9575805484083086
0.9575805484083086
0.9575805484083086
0.9575805484083086
0.9575805484083086
0.9575805484083086
0.9575805484083086
0.9575805484083086
0.9618891293242766
0.9618891293242766
0.9618891293242766
0.9618891293242766
0.9618891293242766
0.9618891293242766
0.9618891293242766
0.9618891293242766
0.9618891293242766
0.9618891293242766
0.9618891293242766
0.9618891293242766
0.9618891293242766
0.9618891293242766
0.9618891293242766
0.9618891293242766
0.9618891293242766
0.9618891293242766
0.9618891293242766
0.965099511837938
0.965099511837938
0.965099511837938
0.965099511837938
0.965099511837938
0.965099511837938
0.965099511837938
0.965099511837938
0.965099511837938
0.965099511837938
0.965099511837938
0.965099511837938
0.965099511837938
0.965099511837938
0.965099511837938
0.965099511837938
0.965099511837938
0.965099511837938
0.965099511837938
0.965099511837938
0.9671197138581399
0.9671197138581399
0.9671197138581399
0.9671197138581399
0.9671197138581399
0.9671197138581399
0.9671197138581399
0.9671197138581399
0.9671197138581399
0.9671197138581399
0.9671197138581399
0.9671197138581399
0.9671197138581399
0.9671197138581399
0.9671197138581399
0.9671197138581399
0.9671197138581399
0.9671197138581399
0.9671197138581399
0.9671197138581399
0.9671197138581399
0.9671197138581399
0.9671197138581399
0.9671197138581399
0.9671197138581399
0.9671197138581399
0.9671197138581399
0.9671197138581399
0.9671197138581399
0.9671197138581399
0.9671197138581399
0.9671197138581399
0.9671197138581399
0.9671197138581399
0.9671197138581399
0.9671197138581399
0.9671197138581399
0.9671197138581399
0.9671197138581399
0.9671197138581399
0.9671197138581399
0.9671197138581399
0.9671197138581399
0.9671197138581399
0.9671197138581399
0.9671197138581399
0.9671197138581399
0.9671197138581399
0.9671197138581399
0.9671197138581399
0.9671197138581399
0.9671197138581399
0.9671197138581399
0.9671197138581399
0.9671197138581399
0.9671197138581399
0.9671197138581399
0.9671197138581399
0.9671197138581399
0.9671197138581399
0.9671197138581399
0.9671197138581399
0.9671197138581399
0.9671197138581399
0.9671197138581399
0.9671197138581399
0.9671197138581399
0.9671197138581399
0.9671197138581399
0.9671197138581399
0.9671197138581399
0.9671197138581399
0.9671197138581399
0.9671197138581399
0.9671197138581399
0.9671197138581399
0.9671197138581399
0.9671197138581399
0.9671197138581399
0.9671197138581399
0.9671197138581399
0.9671197138581399
0.9671197138581399
0.9671197138581399
0.9671197138581399
0.9671197138581399
0.9671197138581399
0.9671197138581399
0.9671197138581399
0.9671197138581399
0.9671197138581399
0.9671197138581399
0.9671197138581399
0.9671197138581399
0.9671197138581399
0.9671197138581399
0.9671197138581399
0.9671197138581399
0.9671197138581399
0.9671197138581399
0.9671197138581399
0.9671197138581399
0.9671197138581399
0.9671197138581399
0.9671197138581399
0.9671197138581399
0.9671197138581399
0.9671197138581399
0.9671197138581399
0.9671197138581399
0.9671197138581399
0.9671197138581399
0.9671197138581399
0.9671197138581399
0.9671197138581399
0.9671197138581399
0.9671197138581399
0.9671197138581399
0.9671197138581399
0.9671197138581399
0.9671197138581399
0.9671197138581399
0.9671197138581399
0.9671197138581399
0.9671197138581399
0.9671197138581399
0.9671197138581399
0.9671197138581399
0.9671197138581399
0.9671197138581399
0.9671197138581399
0.9671197138581399
0.9688291155675416
0.9688291155675416
0.9688291155675416
0.9688291155675416
0.9688291155675416
0.9688291155675416
0.9688291155675416
0.9688291155675416
0.9688291155675416
0.9688291155675416
0.9688291155675416
0.9688291155675416
0.9688291155675416
0.9688291155675416
0.9688291155675416
0.9688291155675416
0.9688291155675416
0.9688291155675416
0.9688291155675416
0.9688291155675416
0.9688291155675416
0.9688291155675416
0.9688291155675416
0.9688291155675416
0.9688291155675416
0.9688291155675416
0.9688291155675416
0.9688291155675416
0.9688291155675416
0.9688291155675416
0.9688291155675416
0.9688291155675416
0.9688291155675416
0.9688291155675416
0.9688291155675416
0.9688291155675416
0.9688291155675416
0.9688291155675416
0.9688291155675416
0.9688291155675416
0.9688291155675416
0.9688291155675416
0.9688291155675416
0.9688291155675416
0.9688291155675416
0.9688291155675416
0.9688291155675416
0.9688291155675416
0.9688291155675416
0.9688291155675416
0.9688291155675416
0.9688291155675416
0.9688291155675416
0.9688291155675416
0.9688291155675416
0.9701363051100252
0.9701363051100252
0.9701363051100252
0.9701363051100252
0.9701363051100252
0.9701363051100252
0.9701363051100252
0.9701363051100252
0.9701363051100252
0.9701363051100252
0.9701363051100252
0.9701363051100252
0.9701363051100252
0.9701363051100252
0.9701363051100252
0.9701363051100252
0.9701363051100252
0.9714282947741081
0.9714282947741081
0.9714282947741081
0.9714282947741081
0.9714282947741081
0.9714282947741081
0.9714282947741081
0.9714282947741081
0.9714282947741081
0.9714282947741081
0.9714282947741081
0.9714282947741081
0.9714282947741081
0.9714282947741081
0.9714282947741081
0.9714282947741081
0.9714282947741081
0.9727202844381906
0.9727202844381906
0.9727202844381906
0.9727202844381906
0.9727202844381906
0.9727202844381906
0.9740122741022734
0.9740122741022734
0.9740122741022734
0.9740122741022734
0.9740122741022734
0.9740122741022734
0.9740122741022734
0.9740122741022734
0.9740122741022734
0.9740122741022734
0.9740122741022734
0.9757216758116751
0.9757216758116751
0.9757216758116751
0.9757216758116751
0.9757216758116751
0.9757216758116751
0.9757216758116751
0.9757216758116751
0.9757216758116751
0.9757216758116751
0.9757216758116751
0.9757216758116751
0.9757216758116751
0.9757216758116751
0.9757216758116751
0.9757216758116751
0.9757216758116751
0.9757216758116751
0.9757216758116751
0.9757216758116751
0.9757216758116751
0.9757216758116751
0.9757216758116751
0.9757216758116751
0.9757216758116751
0.9757216758116751
0.9757216758116751
0.9823720741236401
0.9823720741236401
0.9823720741236401
0.9823720741236401
0.9823720741236401
0.9823720741236401
0.9823720741236401
0.9823720741236401
0.9823720741236401
0.9823720741236401
0.9823720741236401
0.9823720741236401
0.9823720741236401
0.9823720741236401
0.9823720741236401
0.9823720741236401
0.9823720741236401
0.9823720741236401
0.9823720741236401
0.9823720741236401
0.9823720741236401
0.9823720741236401
0.9823720741236401
0.9823720741236401
0.9823720741236401
0.9823720741236401
0.9823720741236401
0.9823720741236401
0.9823720741236401
0.9823720741236401
0.9823720741236401
0.9823720741236401
0.9823720741236401
0.9823720741236401
0.9823720741236401
0.9823720741236401
0.9823720741236401
0.9823720741236401
0.9823720741236401
0.9823720741236401
0.9823720741236401
0.9823720741236401
0.9823720741236401
0.9823720741236401
0.9823720741236401
0.9823720741236401
0.9823720741236401
0.9823720741236401
0.9823720741236401
0.9823720741236401
0.9823720741236401
0.9823720741236401
0.9823720741236401
0.9823720741236401
0.9823720741236401
0.9823720741236401
0.9823720741236401
0.9823720741236401
0.9823720741236401
0.9823720741236401
0.9823720741236401
0.9823720741236401
0.9823720741236401
0.9823720741236401
0.9823720741236401
0.9823720741236401
0.9823720741236401
0.9823720741236401
0.9823720741236401
0.9823720741236401
0.9823720741236401
0.9823720741236401
0.9823720741236401
0.9823720741236401
0.9823720741236401
0.9823720741236401
0.983760963012529
0.983760963012529
0.983760963012529
0.983760963012529
0.983760963012529
0.983760963012529
0.983760963012529
0.983760963012529
0.983760963012529
0.983760963012529
0.983760963012529
0.983760963012529
0.983760963012529
0.983760963012529
0.983760963012529
0.983760963012529
0.983760963012529
0.983760963012529
0.983760963012529
0.9851498519014178
0.9851498519014178
0.9851498519014178
0.9851498519014178
0.9851498519014178
0.9851498519014178
0.9851498519014178
0.9851498519014178
0.9851498519014178
0.9851498519014178
0.9851498519014178
0.9851498519014178
0.9851498519014178
0.9851498519014178
0.9851498519014178
0.9851498519014178
0.9851498519014178
0.9851498519014178
0.9851498519014178
0.9851498519014178
0.9851498519014178
0.9851498519014178
0.9851498519014178
0.9851498519014178
0.9851498519014178
0.9851498519014178
0.9851498519014178
0.9851498519014178
0.9851498519014178
0.9851498519014178
0.9851498519014178
0.9851498519014178
0.9851498519014178
0.9851498519014178
0.9851498519014178
0.9851498519014178
0.9851498519014178
0.9851498519014178
0.9851498519014178
0.9851498519014178
0.9851498519014178
0.9851498519014178
0.9851498519014178
0.9851498519014178
0.9851498519014178
0.9851498519014178
0.9851498519014178
0.9851498519014178
0.9870991696402093
0.9870991696402093
0.9870991696402093
0.9870991696402093
0.9870991696402093
0.9870991696402093
0.9870991696402093
0.9870991696402093
0.9870991696402093
0.9870991696402093
0.9870991696402093
0.9870991696402093
0.9870991696402093
0.9870991696402093
0.9870991696402093
0.9870991696402093
0.9870991696402093
0.9870991696402093
0.9870991696402093
0.9870991696402093
0.9870991696402093
0.9870991696402093
0.9870991696402093
0.9870991696402093
0.9870991696402093
0.9870991696402093
0.9870991696402093
0.9870991696402093
0.9870991696402093
0.9870991696402093
0.9870991696402093
0.9870991696402093
0.9870991696402093
0.9870991696402093
0.9870991696402093
0.9870991696402093
0.9870991696402093
0.9870991696402093
0.9870991696402093
0.9870991696402093
0.9870991696402093
0.9870991696402093
0.9870991696402093
0.9870991696402093
0.9870991696402093
0.9870991696402093
0.9870991696402093
0.9870991696402093
0.9870991696402093
0.9870991696402093
0.9870991696402093
0.9870991696402093
0.9870991696402093
0.9870991696402093
0.9870991696402093
0.9870991696402093
0.9870991696402093
0.9870991696402093
0.9870991696402093
0.9870991696402093
0.9870991696402093
0.9870991696402093
0.9870991696402093
0.9870991696402093
0.9870991696402093
0.9870991696402093
0.9870991696402093
0.9870991696402093
0.9870991696402093
0.9870991696402093
0.9870991696402093
0.9870991696402093
0.9870991696402093
0.9870991696402093
0.9870991696402093
0.9870991696402093
0.9870991696402093
0.9870991696402093
0.9870991696402093
0.9870991696402093
0.9870991696402093
0.9870991696402093
0.9870991696402093
0.9870991696402093
0.9870991696402093
0.9870991696402093
0.9870991696402093
0.9870991696402093
0.9870991696402093
0.9870991696402093
0.9870991696402093
0.9870991696402093
0.9870991696402093
0.9870991696402093
0.9870991696402093
0.9870991696402093
0.9870991696402093
0.9870991696402093
0.9870991696402093
0.9870991696402093
0.9870991696402093
0.9870991696402093
0.9870991696402093
0.9870991696402093
0.9870991696402093
0.9870991696402093
0.9870991696402093
0.9870991696402093
0.9870991696402093
0.9870991696402093
0.9870991696402093
0.9870991696402093
0.9870991696402093
0.9870991696402093
0.9870991696402093
0.9870991696402093
0.9870991696402093
0.9870991696402093
0.9870991696402093
0.9884880585290983
0.9884880585290983
0.9884880585290983
0.9884880585290983
0.9884880585290983
0.9884880585290983
0.9884880585290983
0.9884880585290983
0.9884880585290983
0.9884880585290983
0.9884880585290983
0.9884880585290983
0.9884880585290983
0.9884880585290983
0.9884880585290983
0.9884880585290983
0.9884880585290983
0.9884880585290983
0.9884880585290983
0.9884880585290983
0.9884880585290983
0.9884880585290983
0.9884880585290983
0.9884880585290983
0.9884880585290983
0.9884880585290983
0.9884880585290983
0.9884880585290983
0.9884880585290983
0.9884880585290983
0.9884880585290983
0.9884880585290983
0.9884880585290983
0.9884880585290983
0.9884880585290983
0.9884880585290983
0.9884880585290983
0.9884880585290983
0.9884880585290983
0.9884880585290983
0.9884880585290983
0.9884880585290983
0.9884880585290983
0.9884880585290983
0.9884880585290983
0.9884880585290983
0.9884880585290983
0.9884880585290983
0.9884880585290983
0.9884880585290983
0.9884880585290983
0.9884880585290983
0.9884880585290983
0.9884880585290983
0.9884880585290983
0.9884880585290983
0.9884880585290983
0.9884880585290983
0.9884880585290983
0.9884880585290983
0.9884880585290983
0.9884880585290983
0.9884880585290983
0.9884880585290983
0.9884880585290983
0.9884880585290983
0.9884880585290983
0.9884880585290983
0.9884880585290983
0.9884880585290983
0.9884880585290983
0.9884880585290983
0.9884880585290983
0.9884880585290983
0.9884880585290983
0.9884880585290983
0.9884880585290983
0.9884880585290983
0.9884880585290983
0.9884880585290983
0.9884880585290983
0.9884880585290983
0.9884880585290983
0.9884880585290983
0.9884880585290983
0.9884880585290983
0.9884880585290983
0.9884880585290983
0.9884880585290983
0.9884880585290983
0.9884880585290983
0.9884880585290983
0.9884880585290983
0.9884880585290983
0.9884880585290983
0.9884880585290983
0.9884880585290983
0.9884880585290983
0.9884880585290983
0.9884880585290983
0.9884880585290983
0.9884880585290983
0.9884880585290983
0.9884880585290983
0.9884880585290983
0.9884880585290983
0.9884880585290983
0.9884880585290983
0.9884880585290983
0.9884880585290983
0.9884880585290983
0.9884880585290983
0.9884880585290983
0.9884880585290983
0.9884880585290983
0.9884880585290983
0.9884880585290983
0.9884880585290983
0.9884880585290983
0.9884880585290983
0.9884880585290983
0.9884880585290983
0.9884880585290983
0.9884880585290983
0.9884880585290983
0.9884880585290983
0.9884880585290983
0.9884880585290983
0.9884880585290983
0.9884880585290983
0.9884880585290983
0.9884880585290983
0.9884880585290983
0.9884880585290983
0.9884880585290983
0.9884880585290983
0.9884880585290983
0.9884880585290983
0.9884880585290983
0.9884880585290983
0.9884880585290983
0.9884880585290983
0.9884880585290983
0.9884880585290983
0.9884880585290983
0.9884880585290983
0.9884880585290983
0.9884880585290983
0.9884880585290983
0.9884880585290983
0.9884880585290983
0.9884880585290983
0.9884880585290983
0.9884880585290983
0.9884880585290983
0.9884880585290983
0.9901974602385
0.9901974602385
0.9901974602385
0.9901974602385
0.9901974602385
0.9901974602385
0.9901974602385
0.9901974602385
0.9901974602385
0.9901974602385
0.9901974602385
0.9901974602385
0.9901974602385
0.9901974602385
0.9901974602385
0.9901974602385
0.9901974602385
0.9901974602385
0.9901974602385
0.9901974602385
0.9901974602385
0.9901974602385
0.9901974602385
0.9901974602385
0.9901974602385
0.9901974602385
0.9901974602385
0.9901974602385
0.9901974602385
0.9901974602385
0.9901974602385
0.9901974602385
0.9901974602385
0.9901974602385
0.9901974602385
0.9901974602385
0.9901974602385
0.9901974602385
0.9901974602385
0.9901974602385
0.9901974602385
0.9901974602385
0.9901974602385
0.9901974602385
0.9901974602385
0.9901974602385
0.9901974602385
0.9901974602385
0.9901974602385
0.9901974602385
0.9901974602385
0.9901974602385
0.9901974602385
0.9901974602385
0.9901974602385
0.9901974602385
0.9901974602385
0.9927966394450662
0.9927966394450662
0.9927966394450662
0.9927966394450662
0.9927966394450662
0.9927966394450662
0.9927966394450662
0.9927966394450662
0.9927966394450662
0.9927966394450662
0.9927966394450662
0.9927966394450662
0.9927966394450662
0.9927966394450662
0.9927966394450662
0.9927966394450662
0.9927966394450662
0.9927966394450662
0.9927966394450662
0.9927966394450662
0.9927966394450662
0.9927966394450662
0.9927966394450662
0.9927966394450662
0.9927966394450662
0.9927966394450662
0.9927966394450662
0.9927966394450662
0.9927966394450662
0.9927966394450662
0.9927966394450662
0.9927966394450662
0.9927966394450662
0.9927966394450662
0.9927966394450662
0.9927966394450662
0.9927966394450662
0.9927966394450662
0.9927966394450662
0.9927966394450662
0.9927966394450662
0.9927966394450662
0.9927966394450662
0.9927966394450662
0.9927966394450662
0.9927966394450662
0.9927966394450662
0.9927966394450662
0.9927966394450662
0.9927966394450662
0.9927966394450662
0.9927966394450662
0.9927966394450662
0.9927966394450662
0.9927966394450662
0.9927966394450662
0.9927966394450662
0.9927966394450662
0.9927966394450662
0.9948168414652684
0.9948168414652684
0.9948168414652684
0.9948168414652684
0.9948168414652684
0.9948168414652684
0.9948168414652684
0.9948168414652684
0.9948168414652684
0.9948168414652684
0.9948168414652684
0.9948168414652684
0.9948168414652684
0.9948168414652684
0.9948168414652684
0.9948168414652684
0.9948168414652684
0.9948168414652684
0.9948168414652684
0.9948168414652684
0.9948168414652684
0.9948168414652684
0.9948168414652684
0.9948168414652684
0.9948168414652684
0.9948168414652684
0.9948168414652684
0.9948168414652684
0.9948168414652684
0.9948168414652684
0.9948168414652684
0.9948168414652684
0.9948168414652684
0.9948168414652684
0.9948168414652684
0.9948168414652684
0.9948168414652684
0.9948168414652684
0.9948168414652684
0.9948168414652684
0.9948168414652684
0.9948168414652684
0.9948168414652684
0.9948168414652684
0.9948168414652684
0.9948168414652684
0.9948168414652684
0.9948168414652684
0.9948168414652684
0.9948168414652684
0.9948168414652684
0.9948168414652684
0.9948168414652684
0.9948168414652684
0.9948168414652684
0.9948168414652684
0.9948168414652684
0.9948168414652684
0.9948168414652684
0.9948168414652684
0.9948168414652684
0.9948168414652684
0.9948168414652684
0.9948168414652684
0.9948168414652684
0.9948168414652684
0.9948168414652684
0.9948168414652684
0.9948168414652684
0.9948168414652684
0.9948168414652684
0.9948168414652684
0.9948168414652684
0.9948168414652684
0.9948168414652684
0.9948168414652684
0.9948168414652684
0.9948168414652684
0.9948168414652684
0.9948168414652684
0.9948168414652684
0.9948168414652684
0.9948168414652684
0.9948168414652684
0.9948168414652684
0.9948168414652684
0.9948168414652684
0.9948168414652684
0.9948168414652684
0.9948168414652684
0.9948168414652684
0.9948168414652684
0.9948168414652684
0.9948168414652684
0.9948168414652684
0.9948168414652684
0.9948168414652684
0.9948168414652684
0.9948168414652684
0.9948168414652684
0.9948168414652684
0.9948168414652684
0.9948168414652684
0.9948168414652684
0.9948168414652684
0.9948168414652684
0.9948168414652684
0.9948168414652684
0.9948168414652684
0.9948168414652684
0.9948168414652684
0.9948168414652684
0.9948168414652684
0.9948168414652684
0.9948168414652684
0.9948168414652684
0.9948168414652684
0.9948168414652684
0.9948168414652684
0.9948168414652684
0.9948168414652684
0.9948168414652684
0.9948168414652684
0.9948168414652684
0.9948168414652684
0.9948168414652684
0.9948168414652684
0.9948168414652684
0.9948168414652684
0.9948168414652684
0.9948168414652684
0.9948168414652684
0.9948168414652684
0.9948168414652684
0.9948168414652684
0.9948168414652684
0.9948168414652684
0.9948168414652684
0.9948168414652684
0.9948168414652684
0.9948168414652684
0.9948168414652684
0.9948168414652684
0.9948168414652684
0.9948168414652684
0.9948168414652684
0.9948168414652684
0.9948168414652684
0.9948168414652684
0.9948168414652684
0.9948168414652684
0.9948168414652684
0.9948168414652684
0.9948168414652684
0.9948168414652684
0.9948168414652684
0.9948168414652684
0.9948168414652684
0.9948168414652684
0.9948168414652684
0.9948168414652684
0.9948168414652684
0.9948168414652684
0.9948168414652684
0.9948168414652684
0.9948168414652684
0.9948168414652684
0.9948168414652684
0.9948168414652684
0.9948168414652684
0.9948168414652684
0.9948168414652684
0.9948168414652684
0.9948168414652684
0.9948168414652684
0.9948168414652684
0.9948168414652684
0.9948168414652684
0.9948168414652684
0.9948168414652684
0.9948168414652684
0.9948168414652684
0.9948168414652684
0.9948168414652684
0.9948168414652684
0.9948168414652684
0.9948168414652684
0.9948168414652684
0.9948168414652684
0.9948168414652684
0.9948168414652684
0.9948168414652684
0.9948168414652684
0.9948168414652684
0.9948168414652684
0.9948168414652684
0.9948168414652684
0.9948168414652684
0.9948168414652684
0.9948168414652684
0.9948168414652684
0.9948168414652684
0.9948168414652684
0.9948168414652684
0.9948168414652684
0.9948168414652684
0.9948168414652684
0.9948168414652684
0.9948168414652684
0.9948168414652684
0.9948168414652684
0.9948168414652684
0.9948168414652684
0.9948168414652684
0.9948168414652684
0.9948168414652684
0.9948168414652684
0.9948168414652684
0.9948168414652684
0.9948168414652684
0.9948168414652684
0.9948168414652684
0.9948168414652684
0.9948168414652684
0.9948168414652684
0.9948168414652684
0.9948168414652684
0.9948168414652684
0.9948168414652684
0.9948168414652684
0.9948168414652684
0.9948168414652684
0.9948168414652684
0.9948168414652684
0.9948168414652684
0.9948168414652684
0.9948168414652684
0.9948168414652684
0.9948168414652684
0.9948168414652684
0.9948168414652684
0.9948168414652684
0.9948168414652684
0.9948168414652684
0.9948168414652684
0.9948168414652684
0.9948168414652684
0.9948168414652684
0.9948168414652684
0.9948168414652684
0.9948168414652684
0.9948168414652684
0.9948168414652684
0.9948168414652684
0.9948168414652684
0.9948168414652684
0.9948168414652684
0.9948168414652684
0.9948168414652684
0.9948168414652684
0.9948168414652684
0.9948168414652684
0.9948168414652684
0.9948168414652684
0.9948168414652684
0.9948168414652684
0.9948168414652684
0.9948168414652684
0.9948168414652684
0.9948168414652684
0.9948168414652684
0.9948168414652684
0.9948168414652684
0.9948168414652684
0.9948168414652684
0.9948168414652684
0.9948168414652684
0.9948168414652684
0.9948168414652684
0.9948168414652684
0.9948168414652684
0.9948168414652684
0.9948168414652684
0.9948168414652684
0.9948168414652684
0.9948168414652684
0.9948168414652684
0.9948168414652684
0.9948168414652684
0.9948168414652684
0.9948168414652684
0.9948168414652684
0.9948168414652684
0.9948168414652684
0.9948168414652684
0.9948168414652684
0.9948168414652684
0.9948168414652684
0.9948168414652684
0.9948168414652684
0.9948168414652684
0.9948168414652684
0.9948168414652684
0.9948168414652684
0.9948168414652684
0.9948168414652684
0.9948168414652684
0.9948168414652684
0.9948168414652684
0.9948168414652684
0.9948168414652684
0.9948168414652684
0.9948168414652684
0.9948168414652684
0.9948168414652684
0.9948168414652684
0.9948168414652684
0.9948168414652684
0.9948168414652684
0.9948168414652684
0.9948168414652684
0.9948168414652684
0.9948168414652684
0.9948168414652684
0.9948168414652684
0.9948168414652684
0.9948168414652684
0.9948168414652684
0.9948168414652684
0.9948168414652684
0.9948168414652684
0.9948168414652684
0.9948168414652684
0.9948168414652684
0.9948168414652684
0.9948168414652684
0.9948168414652684
0.9948168414652684
0.9948168414652684
0.9948168414652684
0.9948168414652684
0.9948168414652684
0.9948168414652684
0.9948168414652684
0.9948168414652684
0.9948168414652684
0.9948168414652684
0.9948168414652684
0.9948168414652684
0.9948168414652684
0.9948168414652684
0.9948168414652684
0.9948168414652684
0.9948168414652684
0.9948168414652684
0.9948168414652684
0.9948168414652684
0.9948168414652684
0.9948168414652684
0.9948168414652684
0.9948168414652684
0.9948168414652684
0.9948168414652684
0.9948168414652684
0.9948168414652684
0.9948168414652684
0.9948168414652684
0.9948168414652684
0.9948168414652684
0.9948168414652684
0.9948168414652684
0.9948168414652684
0.9948168414652684
0.9948168414652684
0.9948168414652684
0.9948168414652684
0.9948168414652684
0.9948168414652684
0.996108831129351
0.996108831129351
0.996108831129351
0.996108831129351
0.996108831129351
0.996108831129351
0.996108831129351
0.996108831129351
0.996108831129351
0.996108831129351
0.996108831129351
0.996108831129351
0.996108831129351
0.996108831129351
0.996108831129351
0.996108831129351
0.996108831129351
0.996108831129351
0.996108831129351
0.996108831129351
0.996108831129351
0.996108831129351
0.996108831129351
0.996108831129351
0.996108831129351
0.996108831129351
0.996108831129351
0.996108831129351
0.996108831129351
0.996108831129351
0.996108831129351
0.996108831129351
0.996108831129351
0.996108831129351
0.996108831129351
0.996108831129351
0.996108831129351
0.996108831129351
0.996108831129351
0.996108831129351
0.996108831129351
0.996108831129351
0.996108831129351
0.996108831129351
0.996108831129351
0.996108831129351
0.996108831129351
0.996108831129351
0.996108831129351
0.996108831129351
0.996108831129351
0.996108831129351
0.996108831129351
0.996108831129351
0.996108831129351
0.996108831129351
0.996108831129351
0.996108831129351
0.996108831129351
0.996108831129351
0.996108831129351
0.996108831129351
0.996108831129351
0.996108831129351
0.996108831129351
0.996108831129351
0.996108831129351
0.996108831129351
0.996108831129351
0.996108831129351
0.996108831129351
0.996108831129351
0.996108831129351
0.996108831129351
0.996108831129351
0.996108831129351
0.996108831129351
0.996108831129351
0.996108831129351
0.996108831129351
0.996108831129351
0.996108831129351
0.996108831129351
0.996108831129351
0.996108831129351
0.996108831129351
0.996108831129351
0.996108831129351
0.996108831129351
0.996108831129351
0.996108831129351
0.996108831129351
0.996108831129351
0.996108831129351
0.996108831129351
0.996108831129351
0.996108831129351
0.996108831129351
0.996108831129351
0.996108831129351
0.996108831129351
0.996108831129351
0.996108831129351
0.996108831129351
0.996108831129351
0.996108831129351
0.996108831129351
0.996108831129351
0.996108831129351
0.996108831129351
0.996108831129351
0.996108831129351
0.996108831129351
0.996108831129351
0.996108831129351
0.996108831129351
0.996108831129351
0.996108831129351
0.996108831129351
0.996108831129351
0.996108831129351
0.996108831129351
0.996108831129351
0.996108831129351
0.996108831129351
0.996108831129351
0.996108831129351
0.996108831129351
0.996108831129351
0.996108831129351
0.996108831129351
0.996108831129351
0.996108831129351
0.996108831129351
0.996108831129351
0.996108831129351
0.996108831129351
0.996108831129351
0.996108831129351
0.996108831129351
0.996108831129351
0.996108831129351
0.996108831129351
0.996108831129351
0.996108831129351
0.996108831129351
0.996108831129351
0.996108831129351
0.996108831129351
0.996108831129351
0.996108831129351
0.996108831129351
0.996108831129351
0.996108831129351
0.996108831129351
0.996108831129351
0.996108831129351
0.996108831129351
0.996108831129351
0.996108831129351
0.996108831129351
0.996108831129351
0.996108831129351
0.996108831129351
0.996108831129351
0.996108831129351
0.996108831129351
0.996108831129351
0.996108831129351
0.996108831129351
0.996108831129351
0.996108831129351
0.996108831129351
0.996108831129351
0.996108831129351
0.996108831129351
0.996108831129351
0.996108831129351
0.996108831129351
0.996108831129351
0.996108831129351
0.996108831129351
0.996108831129351
0.996108831129351
0.996108831129351
0.996108831129351
0.996108831129351
0.996108831129351
0.996108831129351
0.996108831129351
0.996108831129351
0.996108831129351
0.996108831129351
0.996108831129351
0.996108831129351
0.996108831129351
0.996108831129351
0.996108831129351
0.996108831129351
0.996108831129351
0.996108831129351
0.996108831129351
0.996108831129351
0.996108831129351
0.996108831129351
0.996108831129351
0.996108831129351
0.996108831129351
0.996108831129351
0.996108831129351
0.996108831129351
0.996108831129351
0.996108831129351
0.996108831129351
0.996108831129351
0.996108831129351
0.996108831129351
0.996108831129351
0.996108831129351
0.996108831129351
0.996108831129351
0.996108831129351
0.996108831129351
0.996108831129351
0.996108831129351
0.996108831129351
0.996108831129351
0.996108831129351
0.996108831129351
0.996108831129351
0.996108831129351
0.996108831129351
0.996108831129351
0.996108831129351
0.996108831129351
0.996108831129351
0.996108831129351
0.996108831129351
0.996108831129351
0.996108831129351
0.996108831129351
0.996108831129351
0.996108831129351
0.996108831129351
0.996108831129351
0.996108831129351
0.996108831129351
0.996108831129351
0.996108831129351
0.996108831129351
0.996108831129351
0.996108831129351
0.996108831129351
0.996108831129351
0.996108831129351
0.996108831129351
0.996108831129351
0.996108831129351
0.996108831129351
0.996108831129351
0.996108831129351
0.996108831129351
0.996108831129351
0.996108831129351
0.996108831129351
0.996108831129351
0.996108831129351
0.996108831129351
0.996108831129351
0.996108831129351
0.996108831129351
0.996108831129351
0.996108831129351
0.996108831129351
0.996108831129351
0.996108831129351
0.996108831129351
0.996108831129351
0.996108831129351
0.996108831129351
0.996108831129351
0.996108831129351
0.996108831129351
0.996108831129351
0.996108831129351
0.996108831129351
0.996108831129351
0.996108831129351
0.996108831129351
0.996108831129351
0.996108831129351
0.996108831129351
0.996108831129351
0.996108831129351
0.996108831129351
0.996108831129351
0.996108831129351
0.996108831129351
0.996108831129351
0.996108831129351
0.996108831129351
0.996108831129351
0.996108831129351
0.996108831129351
0.996108831129351
0.996108831129351
0.996108831129351
0.996108831129351
0.996108831129351
0.996108831129351
0.996108831129351
0.996108831129351
0.996108831129351
0.996108831129351
0.996108831129351
0.996108831129351
0.996108831129351
0.996108831129351
0.996108831129351
0.996108831129351
0.996108831129351
0.996108831129351
0.996108831129351
0.996108831129351
0.996108831129351
0.996108831129351
0.996108831129351
0.996108831129351
0.996108831129351
0.996108831129351
0.996108831129351
0.996108831129351
0.996108831129351
0.996108831129351
0.996108831129351
0.996108831129351
0.996108831129351
0.996108831129351
0.996108831129351
0.996108831129351
0.996108831129351
0.996108831129351
0.996108831129351
0.996108831129351
0.996108831129351
0.996108831129351
0.996108831129351
0.996108831129351
0.996108831129351
0.996108831129351
0.996108831129351
0.996108831129351
0.996108831129351
0.996108831129351
0.996108831129351
0.996108831129351
0.996108831129351
0.996108831129351
0.996108831129351
0.996108831129351
0.996108831129351
0.996108831129351
0.996108831129351
0.996108831129351
0.996108831129351
0.996108831129351
0.996108831129351
0.996108831129351
0.996108831129351
0.996108831129351
0.996108831129351
0.996108831129351
0.996108831129351
0.996108831129351
0.996108831129351
0.996108831129351
0.996108831129351
0.996108831129351
0.996108831129351
0.996108831129351
0.996108831129351
0.996108831129351
0.996108831129351
0.996108831129351
0.996108831129351
0.996108831129351
0.996108831129351
0.996108831129351
0.996108831129351
0.996108831129351
0.996108831129351
0.996108831129351
0.996108831129351
0.996108831129351
0.996108831129351
0.996108831129351
0.996108831129351
0.996108831129351
0.996108831129351
0.996108831129351
0.996108831129351
0.996108831129351
0.996108831129351
0.996108831129351
0.996108831129351
0.996108831129351
0.996108831129351
0.996108831129351
0.996108831129351
0.996108831129351
0.996108831129351
0.996108831129351
0.996108831129351
0.996108831129351
0.996108831129351
0.996108831129351
0.996108831129351
0.996108831129351
0.996108831129351
0.996108831129351
0.996108831129351
0.996108831129351
0.996108831129351
0.996108831129351
0.996108831129351
0.996108831129351
0.996108831129351
0.996108831129351
0.996108831129351
0.996108831129351
0.996108831129351
0.996108831129351
0.996108831129351
0.996108831129351
0.996108831129351
0.996108831129351
0.996108831129351
0.9974160206718347
0.9974160206718347
0.9974160206718347
0.9974160206718347
0.9974160206718347
0.9974160206718347
0.9974160206718347
0.9974160206718347
0.9974160206718347
0.9974160206718347
0.9974160206718347
0.9974160206718347
0.9974160206718347
0.9974160206718347
0.9974160206718347
0.9974160206718347
0.9974160206718347
0.9974160206718347
0.9974160206718347
0.9974160206718347
0.9974160206718347
0.9974160206718347
0.9974160206718347
0.9974160206718347
0.9974160206718347
0.9974160206718347
0.9974160206718347
0.9974160206718347
0.9974160206718347
0.9974160206718347
0.9974160206718347
0.9974160206718347
0.9974160206718347
0.9974160206718347
0.9974160206718347
0.9974160206718347
0.9974160206718347
0.9974160206718347
0.9974160206718347
0.9974160206718347
0.9974160206718347
0.9974160206718347
0.9974160206718347
0.9974160206718347
0.9974160206718347
0.9974160206718347
0.9974160206718347
0.9974160206718347
0.9974160206718347
0.9974160206718347
0.9974160206718347
0.9974160206718347
0.9974160206718347
0.9974160206718347
0.9974160206718347
0.9974160206718347
0.9974160206718347
0.9974160206718347
0.9974160206718347
0.9974160206718347
0.9974160206718347
0.9974160206718347
0.9974160206718347
0.9974160206718347
0.9974160206718347
0.9974160206718347
0.9974160206718347
0.9987080103359172
0.9987080103359172
0.9987080103359172
0.9987080103359172
0.9987080103359172
0.9987080103359172
0.9987080103359172
0.9987080103359172
0.9987080103359172
0.9987080103359172
0.9987080103359172
0.9987080103359172
0.9987080103359172
0.9987080103359172
0.9987080103359172
0.9987080103359172
0.9987080103359172
0.9987080103359172
0.9987080103359172
0.9987080103359172
0.9987080103359172
0.9987080103359172
0.9987080103359172
0.9987080103359172
0.9987080103359172
0.9987080103359172
0.9987080103359172
0.9987080103359172
0.9987080103359172
0.9987080103359172
0.9987080103359172
0.9987080103359172
0.9987080103359172
0.9987080103359172
0.9987080103359172
0.9987080103359172
0.9987080103359172
0.9987080103359172
0.9987080103359172
0.9987080103359172
0.9987080103359172
0.9987080103359172
0.9987080103359172
0.9987080103359172
0.9987080103359172
0.9987080103359172
0.9987080103359172
0.9987080103359172
0.9987080103359172
0.9987080103359172
0.9987080103359172
0.9987080103359172
0.9987080103359172
0.9987080103359172
0.9987080103359172
0.9987080103359172
0.9987080103359172
0.9987080103359172
0.9987080103359172
0.9987080103359172
0.9987080103359172
0.9987080103359172
0.9987080103359172
0.9987080103359172
0.9987080103359172
0.9987080103359172
0.9987080103359172
0.9987080103359172
0.9987080103359172
0.9987080103359172
0.9987080103359172
0.9987080103359172
0.9987080103359172
0.9987080103359172
0.9987080103359172
0.9987080103359172
0.9987080103359172
0.9987080103359172
0.9987080103359172
0.9987080103359172
0.9987080103359172
0.9987080103359172
0.9987080103359172
0.9987080103359172
0.9987080103359172
0.9987080103359172
0.9987080103359172
0.9987080103359172
0.9987080103359172
0.9987080103359172
0.9987080103359172
0.9987080103359172
0.9987080103359172
0.9987080103359172
0.9987080103359172
0.9987080103359172
0.9987080103359172
0.9987080103359172
0.9987080103359172
0.9987080103359172
0.9987080103359172
0.9987080103359172
0.9987080103359172
0.9987080103359172
0.9987080103359172
0.9987080103359172
0.9987080103359172
0.9987080103359172
0.9987080103359172
0.9987080103359172
0.9987080103359172
0.9987080103359172
0.9987080103359172
0.9987080103359172
0.9987080103359172
0.9987080103359172
0.9987080103359172
0.9987080103359172
0.9987080103359172
0.9987080103359172
0.9987080103359172
0.9987080103359172
0.9987080103359172
0.9987080103359172
0.9987080103359172
0.9987080103359172
0.9987080103359172
0.9987080103359172
0.9987080103359172
0.9987080103359172
0.9987080103359172
0.9987080103359172
0.9987080103359172
0.9987080103359172
0.9987080103359172
0.9987080103359172
0.9987080103359172
0.9987080103359172
0.9987080103359172
0.9987080103359172
0.9987080103359172
0.9987080103359172
0.9987080103359172
0.9987080103359172
0.9987080103359172
0.9987080103359172
0.9987080103359172
0.9987080103359172
0.9987080103359172
0.9987080103359172
0.9987080103359172
0.9987080103359172
0.9987080103359172
0.9987080103359172
0.9987080103359172
0.9987080103359172
0.9987080103359172
0.9987080103359172
0.9987080103359172
0.9987080103359172
0.9987080103359172
0.9987080103359172
0.9987080103359172
0.9987080103359172
0.9987080103359172
0.9987080103359172
0.9987080103359172
0.9987080103359172
0.9987080103359172
0.9987080103359172
0.9987080103359172
0.9987080103359172
0.9987080103359172
0.9987080103359172
0.9987080103359172
0.9987080103359172
0.9987080103359172
0.9987080103359172
0.9987080103359172
0.9987080103359172
0.9987080103359172
0.9987080103359172
0.9987080103359172
0.9987080103359172
0.9987080103359172
0.9987080103359172
0.9987080103359172
0.9987080103359172
0.9987080103359172
0.9987080103359172
0.9987080103359172
0.9987080103359172
0.9987080103359172
0.9987080103359172
0.9987080103359172
0.9987080103359172
0.9987080103359172
0.9987080103359172
0.9987080103359172
0.9987080103359172
0.9987080103359172
0.9987080103359172
0.9987080103359172
0.9987080103359172
0.9987080103359172
0.9987080103359172
0.9987080103359172
0.9987080103359172
0.9987080103359172
0.9987080103359172
0.9987080103359172
0.9987080103359172
0.9987080103359172
0.9987080103359172
0.9987080103359172
0.9987080103359172
0.9987080103359172
0.9987080103359172
0.9987080103359172
0.9987080103359172
0.9987080103359172
0.9987080103359172
0.9987080103359172
0.9987080103359172
0.9987080103359172
0.9987080103359172
0.9987080103359172
0.9987080103359172
0.9987080103359172
0.9987080103359172
0.9987080103359172
0.9987080103359172
0.9987080103359172
0.9987080103359172
0.9987080103359172
0.9987080103359172
0.9987080103359172
0.9987080103359172
0.9987080103359172
0.9987080103359172
0.9987080103359172
0.9987080103359172
0.9987080103359172
0.9987080103359172
0.9987080103359172
0.9987080103359172
0.9987080103359172
0.9987080103359172
0.9987080103359172
0.9987080103359172
0.9987080103359172
0.9987080103359172
0.9987080103359172
0.9987080103359172
0.9987080103359172
0.9987080103359172
0.9987080103359172
0.9987080103359172
0.9987080103359172
0.9987080103359172
0.9987080103359172
0.9987080103359172
0.9987080103359172
0.9987080103359172
0.9987080103359172
0.9987080103359172
0.9987080103359172
0.9987080103359172
0.9987080103359172
0.9987080103359172
0.9987080103359172
0.9987080103359172
0.9987080103359172
0.9987080103359172
0.9987080103359172
0.9987080103359172
0.9987080103359172
0.9987080103359172
0.9987080103359172
0.9987080103359172
0.9987080103359172
0.9987080103359172
0.9987080103359172
0.9987080103359172
0.9987080103359172
0.9987080103359172
0.9987080103359172
0.9987080103359172
1.0
1.0
