0.11496164654059393
0.23566871724766464
0.3702627781575149
0.5143654591023012
0.5836902863218653
0.613435102908787
0.740954659375712
0.7536340852130327
0.7724538619275462
0.8217893217893218
0.8309599756968179
0.8347193741930585
0.8706842864737602
0.875070251386041
0.8785790233158656
0.8923862687020583
0.9017429938482571
0.9109136477557529
0.9239917976760083
0.9384256094782412
0.9474481658692187
0.9597288676236044
0.9597288676236044
0.9597288676236044
0.9641148325358853
0.9641148325358853
0.9676236044657098
0.9711323763955344
0.9711323763955344
0.9711323763955344
0.9850877192982457
0.9850877192982457
0.9850877192982457
0.9850877192982457
0.9850877192982457
0.9850877192982457
0.9956140350877194
0.9956140350877194
0.9956140350877194
0.9956140350877194
0.9956140350877194
0.9956140350877194
0.9956140350877194
0.9956140350877194
0.9956140350877194
0.9956140350877194
0.9956140350877194
0.9956140350877194
0.9956140350877194
0.9956140350877194
0.9956140350877194
0.9956140350877194
0.9956140350877194
0.9956140350877194
0.9956140350877194
0.9956140350877194
0.9956140350877194
0.9956140350877194
0.9956140350877194
0.9956140350877194
0.9956140350877194
1.0
1.0
