0.0
0.0
0.0
0.0
0.0
0.0
0.01665463361724434
0.01665463361724434
0.01665463361724434
0.03154821886841537
0.052428506314603905
0.052428506314603905
0.06677217962618423
0.096489246150281
0.13888926543498117
0.13888926543498117
0.14535064294518427
0.14535064294518427
0.1509388722057349
0.1917694439938609
0.22151442052327963
0.24824347530591329
0.24910480174863509
0.24910480174863509
0.28900918352460997
0.30814216617373824
0.30814216617373824
0.33972442249610674
0.3406351693084929
0.3779255221176716
0.3779255221176716
0.3779255221176716
0.40502416646582484
0.41406723219166175
0.47525797232803946
0.47525797232803946
0.47525797232803946
0.480479691727196
0.49479340836913077
0.5308335799701983
0.5308335799701983
0.5428240012255054
0.5428240012255054
0.5727518264814123
0.612678588869185
0.6144247575696247
0.6144247575696247
0.6144247575696247
0.6262694113057345
0.6480873725857969
0.65481712424312
0.6668149022889569
0.6668149022889569
0.6668149022889569
0.6959959106766855
0.7180947760012373
0.7206405104160143
0.7215512572284005
0.7215512572284005
0.7427958218543494
0.7427958218543494
0.7427958218543494
0.7516679777332068
0.7516679777332068
0.7651421597114416
0.7765946602866973
0.7765946602866973
0.7842836726403652
0.7861051662651375
0.8012739686337281
0.8012739686337281
0.8012739686337281
0.8012739686337281
0.8012739686337281
0.8106693410748746
0.8141652910526546
0.8364826291010796
0.8420407999070658
0.8420407999070658
0.852060608696711
0.852060608696711
0.852060608696711
0.852060608696711
0.8547501578770388
0.8662096679799615
0.8662096679799615
0.8671204147923475
0.8879650540467546
0.8879650540467546
0.8888263804894765
0.9043196212531418
0.9060657899535813
0.9060657899535813
0.9060657899535813
0.912560319683076
0.912560319683076
0.912560319683076
0.9133957415711293
0.9170651986636926
0.9179759454760789
0.9179759454760789
0.9191969466970801
0.9191969466970801
0.9283678546372668
0.9300781671639905
0.9300781671639905
0.9300781671639905
0.9300781671639905
0.9300781671639905
0.9383581790596137
0.9383581790596137
0.9392195055023355
0.9392195055023355
0.9400808319450573
0.9409915787574435
0.9409915787574435
0.9462236398463345
0.9462236398463345
0.9462236398463345
0.9462236398463345
0.9491775380153733
0.9491775380153733
0.9491775380153733
0.9491775380153733
0.9491775380153733
0.9533783419600815
0.9533783419600815
0.9533783419600815
0.9533783419600815
0.9606727298474596
0.9606727298474596
0.9606727298474596
0.9624021118457369
0.9624021118457369
0.9624021118457369
0.9649996553698507
0.9649996553698507
0.9649996553698507
0.9649996553698507
0.9649996553698507
0.9649996553698507
0.9649996553698507
0.9710955084585476
0.9710955084585476
0.9710955084585476
0.9710955084585476
0.9710955084585476
0.9710955084585476
0.9710955084585476
0.9710955084585476
0.9710955084585476
0.9719635640141031
0.9719635640141031
0.977203940303305
0.977203940303305
0.9789827426712466
0.9789827426712466
0.9789827426712466
0.9789827426712466
0.9789827426712466
0.9798440691139684
0.9798440691139684
0.9798440691139684
0.9798440691139684
0.9846439861280181
0.9846439861280181
0.9846439861280181
0.9846439861280181
0.9846439861280181
0.9846439861280181
0.9846439861280181
0.9846439861280181
0.9846439861280181
0.9846439861280181
0.9846439861280181
0.9872908440515155
0.9872908440515155
0.9872908440515155
0.9872908440515155
0.9872908440515155
0.9872908440515155
0.9872908440515155
0.9872908440515155
0.9882015908639015
0.9882015908639015
0.9882015908639015
0.9898983391946768
0.9898983391946768
0.9898983391946768
0.9908090860070631
0.9908090860070631
0.9908090860070631
0.9908090860070631
0.9908090860070631
0.9908090860070631
0.9908090860070631
0.9908090860070631
0.9908090860070631
0.9908090860070631
0.9908090860070631
0.9908090860070631
0.9908090860070631
0.9908090860070631
0.9917198328194492
0.9917198328194492
0.9917198328194492
0.9917198328194492
0.9925811592621712
0.9925811592621712
0.9925811592621712
0.9925811592621712
0.9925811592621712
0.9925811592621712
0.9925811592621712
0.9925811592621712
0.9925811592621712
0.9925811592621712
0.9925811592621712
0.9925811592621712
0.9925811592621712
0.9938021604831724
0.9938021604831724
0.9938021604831724
0.9938021604831724
0.9938021604831724
0.9938021604831724
0.9938021604831724
0.9938021604831724
0.9938021604831724
0.9938021604831724
0.9938021604831724
0.9947129072955584
0.9947129072955584
0.9947129072955584
0.9947129072955584
0.9947129072955584
0.9947129072955584
0.9947129072955584
0.9947129072955584
0.9947129072955584
0.9947129072955584
0.9947129072955584
0.9947129072955584
0.9947129072955584
0.9947129072955584
0.9947129072955584
0.9947129072955584
0.9947129072955584
0.9947129072955584
0.9947129072955584
0.9947129072955584
0.9947129072955584
0.9947129072955584
0.9947129072955584
0.9947129072955584
0.9947129072955584
0.9947129072955584
0.9947129072955584
0.9947129072955584
0.9947129072955584
0.9947129072955584
0.9947129072955584
0.9947129072955584
0.9947129072955584
0.9947129072955584
0.9947129072955584
0.9947129072955584
0.9947129072955584
0.9947129072955584
0.9947129072955584
0.9947129072955584
0.9947129072955584
0.9947129072955584
0.9947129072955584
0.9947129072955584
0.9947129072955584
0.9947129072955584
0.9947129072955584
0.9947129072955584
0.9947129072955584
0.9947129072955584
0.9947129072955584
0.9947129072955584
0.9947129072955584
0.9947129072955584
0.9947129072955584
0.9947129072955584
0.9947129072955584
0.9947129072955584
0.9947129072955584
0.9947129072955584
0.9947129072955584
0.9947129072955584
0.9947129072955584
0.9947129072955584
0.9947129072955584
0.9947129072955584
0.9947129072955584
0.9947129072955584
0.9947129072955584
0.9947129072955584
0.9947129072955584
0.9947129072955584
0.9947129072955584
0.9947129072955584
0.9947129072955584
0.9947129072955584
0.9947129072955584
0.9947129072955584
0.9947129072955584
0.9947129072955584
0.9947129072955584
0.9947129072955584
0.9947129072955584
0.9947129072955584
0.9947129072955584
0.9947129072955584
0.9947129072955584
0.9947129072955584
0.9947129072955584
0.9947129072955584
0.9947129072955584
0.9947129072955584
0.9947129072955584
0.9947129072955584
0.9947129072955584
0.9947129072955584
0.9947129072955584
0.9947129072955584
0.9947129072955584
0.9947129072955584
0.9947129072955584
0.9947129072955584
0.9947129072955584
0.9947129072955584
0.9947129072955584
0.9947129072955584
0.9947129072955584
0.9947129072955584
0.9982279267448919
0.9982279267448919
0.9982279267448919
0.9982279267448919
0.9982279267448919
0.9982279267448919
0.9982279267448919
0.9982279267448919
0.9982279267448919
0.9982279267448919
0.9982279267448919
0.9982279267448919
0.9982279267448919
0.9982279267448919
0.9982279267448919
0.9982279267448919
0.9982279267448919
1.0
1.0
