0.045454545454545456
0.15151515151515152
0.25757575757575757
0.3484848484848485
0.45454545454545453
0.45454545454545453
0.45454545454545453
0.45454545454545453
0.45454545454545453
0.45454545454545453
0.45454545454545453
0.45454545454545453
0.45454545454545453
0.45454545454545453
0.45454545454545453
0.45454545454545453
0.45454545454545453
0.45454545454545453
0.45454545454545453
0.45454545454545453
0.45454545454545453
0.45454545454545453
0.45454545454545453
0.45454545454545453
0.45454545454545453
0.45454545454545453
0.45454545454545453
0.45454545454545453
0.45454545454545453
0.45454545454545453
0.45454545454545453
0.45454545454545453
0.45454545454545453
0.45454545454545453
0.45454545454545453
0.45454545454545453
0.45454545454545453
0.45454545454545453
0.45454545454545453
0.45454545454545453
0.45454545454545453
0.45454545454545453
0.45454545454545453
0.45454545454545453
0.45454545454545453
0.45454545454545453
0.45454545454545453
0.45454545454545453
0.45454545454545453
0.45454545454545453
0.45454545454545453
0.45454545454545453
0.45454545454545453
0.45454545454545453
0.45454545454545453
0.45454545454545453
0.45454545454545453
0.45454545454545453
0.45454545454545453
0.45454545454545453
0.45454545454545453
0.45454545454545453
0.45454545454545453
0.45454545454545453
0.45454545454545453
0.45454545454545453
0.45454545454545453
0.45454545454545453
0.45454545454545453
0.45454545454545453
0.45454545454545453
0.45454545454545453
0.45454545454545453
0.45454545454545453
0.45454545454545453
0.45454545454545453
0.45454545454545453
0.45454545454545453
0.45454545454545453
0.45454545454545453
0.45454545454545453
0.45454545454545453
0.45454545454545453
0.45454545454545453
0.45454545454545453
0.45454545454545453
0.45454545454545453
0.45454545454545453
0.45454545454545453
0.45454545454545453
0.45454545454545453
0.45454545454545453
0.45454545454545453
0.45454545454545453
0.45454545454545453
0.45454545454545453
0.45454545454545453
0.45454545454545453
0.45454545454545453
0.45454545454545453
0.45454545454545453
0.45454545454545453
0.45454545454545453
0.45454545454545453
0.45454545454545453
0.45454545454545453
0.45454545454545453
0.45454545454545453
0.45454545454545453
0.45454545454545453
0.45454545454545453
0.45454545454545453
0.45454545454545453
0.45454545454545453
0.45454545454545453
0.45454545454545453
0.45454545454545453
0.45454545454545453
0.45454545454545453
0.45454545454545453
0.45454545454545453
0.45454545454545453
0.45454545454545453
0.45454545454545453
0.45454545454545453
0.45454545454545453
0.45454545454545453
0.45454545454545453
0.45454545454545453
0.45454545454545453
0.45454545454545453
0.45454545454545453
0.45454545454545453
0.45454545454545453
0.45454545454545453
0.45454545454545453
0.45454545454545453
0.45454545454545453
0.45454545454545453
0.45454545454545453
0.45454545454545453
0.45454545454545453
0.45454545454545453
0.45454545454545453
0.45454545454545453
0.45454545454545453
0.45454545454545453
0.45454545454545453
0.45454545454545453
0.45454545454545453
0.45454545454545453
0.45454545454545453
0.45454545454545453
0.45454545454545453
0.45454545454545453
0.45454545454545453
0.45454545454545453
0.45454545454545453
0.45454545454545453
0.45454545454545453
0.45454545454545453
0.45454545454545453
0.45454545454545453
0.45454545454545453
0.45454545454545453
0.45454545454545453
0.45454545454545453
0.45454545454545453
0.45454545454545453
0.45454545454545453
0.45454545454545453
0.45454545454545453
0.45454545454545453
0.45454545454545453
0.45454545454545453
0.45454545454545453
0.45454545454545453
0.45454545454545453
0.45454545454545453
0.45454545454545453
0.45454545454545453
0.45454545454545453
0.45454545454545453
0.45454545454545453
0.45454545454545453
0.45454545454545453
0.45454545454545453
0.45454545454545453
0.45454545454545453
0.45454545454545453
0.45454545454545453
0.45454545454545453
0.45454545454545453
0.45454545454545453
0.45454545454545453
0.45454545454545453
0.45454545454545453
0.45454545454545453
0.45454545454545453
0.45454545454545453
0.45454545454545453
0.45454545454545453
0.45454545454545453
0.45454545454545453
0.45454545454545453
0.45454545454545453
0.45454545454545453
0.45454545454545453
0.45454545454545453
0.45454545454545453
0.45454545454545453
0.45454545454545453
0.45454545454545453
0.45454545454545453
0.45454545454545453
0.45454545454545453
0.45454545454545453
0.45454545454545453
0.45454545454545453
0.45454545454545453
0.45454545454545453
0.45454545454545453
0.45454545454545453
0.45454545454545453
0.45454545454545453
0.45454545454545453
0.45454545454545453
0.45454545454545453
0.45454545454545453
0.45454545454545453
0.45454545454545453
0.45454545454545453
0.45454545454545453
0.45454545454545453
0.45454545454545453
0.45454545454545453
0.45454545454545453
0.45454545454545453
0.45454545454545453
0.45454545454545453
0.45454545454545453
0.45454545454545453
0.45454545454545453
0.45454545454545453
0.45454545454545453
0.45454545454545453
0.45454545454545453
0.45454545454545453
0.45454545454545453
0.45454545454545453
0.45454545454545453
0.45454545454545453
0.45454545454545453
0.45454545454545453
0.45454545454545453
0.45454545454545453
0.45454545454545453
0.45454545454545453
0.45454545454545453
0.45454545454545453
0.45454545454545453
0.45454545454545453
0.45454545454545453
0.45454545454545453
0.45454545454545453
0.45454545454545453
0.45454545454545453
0.45454545454545453
0.45454545454545453
0.45454545454545453
0.45454545454545453
0.45454545454545453
0.45454545454545453
0.45454545454545453
0.45454545454545453
0.45454545454545453
0.45454545454545453
0.45454545454545453
0.45454545454545453
0.45454545454545453
0.45454545454545453
0.45454545454545453
0.45454545454545453
0.45454545454545453
0.45454545454545453
0.45454545454545453
0.45454545454545453
0.45454545454545453
0.45454545454545453
0.45454545454545453
0.45454545454545453
0.45454545454545453
0.45454545454545453
0.45454545454545453
0.45454545454545453
0.45454545454545453
0.45454545454545453
0.45454545454545453
0.45454545454545453
0.45454545454545453
0.45454545454545453
0.45454545454545453
0.45454545454545453
0.45454545454545453
0.45454545454545453
0.45454545454545453
0.45454545454545453
0.45454545454545453
0.45454545454545453
0.45454545454545453
0.45454545454545453
0.45454545454545453
0.45454545454545453
0.45454545454545453
0.45454545454545453
0.45454545454545453
0.45454545454545453
0.45454545454545453
0.45454545454545453
0.45454545454545453
0.45454545454545453
0.45454545454545453
0.45454545454545453
0.45454545454545453
0.45454545454545453
0.45454545454545453
0.45454545454545453
0.45454545454545453
0.45454545454545453
0.45454545454545453
0.45454545454545453
0.45454545454545453
0.45454545454545453
0.45454545454545453
0.45454545454545453
0.45454545454545453
0.45454545454545453
0.45454545454545453
0.45454545454545453
0.45454545454545453
0.45454545454545453
0.45454545454545453
0.45454545454545453
0.45454545454545453
0.45454545454545453
0.45454545454545453
0.45454545454545453
0.45454545454545453
0.45454545454545453
0.45454545454545453
0.45454545454545453
0.45454545454545453
0.45454545454545453
0.45454545454545453
0.45454545454545453
0.45454545454545453
0.45454545454545453
0.45454545454545453
0.45454545454545453
0.45454545454545453
0.45454545454545453
0.45454545454545453
0.45454545454545453
0.45454545454545453
0.45454545454545453
0.45454545454545453
0.45454545454545453
0.45454545454545453
0.45454545454545453
0.45454545454545453
0.45454545454545453
0.45454545454545453
0.45454545454545453
0.45454545454545453
0.45454545454545453
0.45454545454545453
0.45454545454545453
0.45454545454545453
0.45454545454545453
0.45454545454545453
0.45454545454545453
0.45454545454545453
0.45454545454545453
0.45454545454545453
0.45454545454545453
0.45454545454545453
0.45454545454545453
0.45454545454545453
0.45454545454545453
0.45454545454545453
0.45454545454545453
0.45454545454545453
0.45454545454545453
0.45454545454545453
0.45454545454545453
0.45454545454545453
0.45454545454545453
0.45454545454545453
0.45454545454545453
0.45454545454545453
0.45454545454545453
0.45454545454545453
0.45454545454545453
0.45454545454545453
0.45454545454545453
0.45454545454545453
0.45454545454545453
0.45454545454545453
0.45454545454545453
0.45454545454545453
0.45454545454545453
0.45454545454545453
0.45454545454545453
0.45454545454545453
0.45454545454545453
0.45454545454545453
0.45454545454545453
0.45454545454545453
0.45454545454545453
0.45454545454545453
0.45454545454545453
0.45454545454545453
0.45454545454545453
0.45454545454545453
0.45454545454545453
0.45454545454545453
0.45454545454545453
0.45454545454545453
0.45454545454545453
0.45454545454545453
0.45454545454545453
0.45454545454545453
0.45454545454545453
0.45454545454545453
0.45454545454545453
0.4696969696969697
0.5303030303030303
0.5606060606060606
0.5909090909090909
0.5909090909090909
0.5909090909090909
0.6060606060606061
0.6212121212121212
0.6363636363636364
0.6515151515151515
0.6515151515151515
0.6666666666666666
0.6666666666666666
0.7272727272727273
0.7272727272727273
0.7272727272727273
0.7575757575757576
0.7727272727272727
0.7727272727272727
0.7727272727272727
0.7878787878787878
0.7878787878787878
0.7878787878787878
0.7878787878787878
0.7878787878787878
0.8333333333333334
0.8333333333333334
0.8333333333333334
0.8333333333333334
0.8333333333333334
0.8333333333333334
0.8333333333333334
0.8333333333333334
0.8333333333333334
0.8333333333333334
0.8333333333333334
0.8333333333333334
0.8333333333333334
0.8333333333333334
0.8333333333333334
0.8333333333333334
0.8333333333333334
0.8333333333333334
0.8333333333333334
0.8333333333333334
0.8333333333333334
0.8333333333333334
0.8333333333333334
0.8333333333333334
0.8333333333333334
0.8333333333333334
0.8333333333333334
0.8333333333333334
0.8333333333333334
0.8333333333333334
0.8333333333333334
0.8333333333333334
0.8484848484848485
0.8484848484848485
0.8484848484848485
0.8484848484848485
0.8484848484848485
0.8484848484848485
0.8484848484848485
0.8484848484848485
0.8484848484848485
0.8484848484848485
0.8484848484848485
0.8484848484848485
0.8484848484848485
0.8484848484848485
0.8484848484848485
0.8484848484848485
0.8636363636363636
0.8787878787878788
0.9090909090909091
0.9090909090909091
0.9242424242424242
0.9393939393939394
0.9393939393939394
0.9393939393939394
0.9393939393939394
0.9393939393939394
0.9393939393939394
0.9393939393939394
0.9393939393939394
0.9393939393939394
0.9393939393939394
0.9393939393939394
0.9393939393939394
0.9393939393939394
0.9393939393939394
0.9393939393939394
0.9393939393939394
0.9393939393939394
0.9545454545454546
0.9545454545454546
0.9545454545454546
0.9545454545454546
0.9545454545454546
0.9545454545454546
0.9545454545454546
0.9545454545454546
0.9545454545454546
0.9545454545454546
0.9545454545454546
0.9545454545454546
0.9545454545454546
0.9545454545454546
0.9545454545454546
0.9545454545454546
0.9545454545454546
0.9545454545454546
0.9545454545454546
0.9545454545454546
0.9545454545454546
0.9545454545454546
0.9545454545454546
0.9545454545454546
0.9545454545454546
0.9545454545454546
0.9545454545454546
0.9545454545454546
0.9545454545454546
0.9545454545454546
0.9545454545454546
0.9545454545454546
0.9545454545454546
0.9545454545454546
0.9545454545454546
0.9545454545454546
0.9545454545454546
0.9545454545454546
0.9545454545454546
0.9545454545454546
0.9545454545454546
0.9545454545454546
0.9545454545454546
0.9545454545454546
0.9545454545454546
0.9545454545454546
0.9545454545454546
0.9545454545454546
0.9545454545454546
0.9545454545454546
0.9545454545454546
0.9545454545454546
0.9545454545454546
0.9545454545454546
0.9848484848484849
0.9848484848484849
0.9848484848484849
0.9848484848484849
0.9848484848484849
0.9848484848484849
0.9848484848484849
0.9848484848484849
0.9848484848484849
0.9848484848484849
0.9848484848484849
0.9848484848484849
0.9848484848484849
0.9848484848484849
0.9848484848484849
0.9848484848484849
0.9848484848484849
0.9848484848484849
0.9848484848484849
0.9848484848484849
0.9848484848484849
0.9848484848484849
0.9848484848484849
0.9848484848484849
0.9848484848484849
0.9848484848484849
0.9848484848484849
0.9848484848484849
0.9848484848484849
0.9848484848484849
0.9848484848484849
0.9848484848484849
0.9848484848484849
0.9848484848484849
0.9848484848484849
0.9848484848484849
0.9848484848484849
0.9848484848484849
0.9848484848484849
0.9848484848484849
0.9848484848484849
0.9848484848484849
0.9848484848484849
0.9848484848484849
0.9848484848484849
0.9848484848484849
0.9848484848484849
0.9848484848484849
0.9848484848484849
0.9848484848484849
0.9848484848484849
0.9848484848484849
0.9848484848484849
0.9848484848484849
0.9848484848484849
0.9848484848484849
0.9848484848484849
0.9848484848484849
0.9848484848484849
0.9848484848484849
0.9848484848484849
0.9848484848484849
0.9848484848484849
0.9848484848484849
0.9848484848484849
0.9848484848484849
0.9848484848484849
0.9848484848484849
0.9848484848484849
0.9848484848484849
0.9848484848484849
0.9848484848484849
0.9848484848484849
0.9848484848484849
0.9848484848484849
0.9848484848484849
0.9848484848484849
0.9848484848484849
0.9848484848484849
0.9848484848484849
0.9848484848484849
0.9848484848484849
0.9848484848484849
0.9848484848484849
0.9848484848484849
0.9848484848484849
0.9848484848484849
0.9848484848484849
0.9848484848484849
0.9848484848484849
0.9848484848484849
0.9848484848484849
0.9848484848484849
0.9848484848484849
0.9848484848484849
0.9848484848484849
0.9848484848484849
0.9848484848484849
0.9848484848484849
0.9848484848484849
0.9848484848484849
0.9848484848484849
0.9848484848484849
0.9848484848484849
0.9848484848484849
0.9848484848484849
0.9848484848484849
0.9848484848484849
0.9848484848484849
0.9848484848484849
0.9848484848484849
0.9848484848484849
0.9848484848484849
0.9848484848484849
0.9848484848484849
0.9848484848484849
0.9848484848484849
0.9848484848484849
0.9848484848484849
0.9848484848484849
0.9848484848484849
0.9848484848484849
0.9848484848484849
0.9848484848484849
0.9848484848484849
0.9848484848484849
0.9848484848484849
0.9848484848484849
0.9848484848484849
0.9848484848484849
0.9848484848484849
0.9848484848484849
0.9848484848484849
0.9848484848484849
0.9848484848484849
0.9848484848484849
0.9848484848484849
0.9848484848484849
0.9848484848484849
0.9848484848484849
0.9848484848484849
0.9848484848484849
0.9848484848484849
0.9848484848484849
0.9848484848484849
0.9848484848484849
0.9848484848484849
0.9848484848484849
0.9848484848484849
0.9848484848484849
0.9848484848484849
0.9848484848484849
0.9848484848484849
0.9848484848484849
0.9848484848484849
0.9848484848484849
0.9848484848484849
0.9848484848484849
0.9848484848484849
0.9848484848484849
0.9848484848484849
0.9848484848484849
0.9848484848484849
0.9848484848484849
0.9848484848484849
0.9848484848484849
0.9848484848484849
0.9848484848484849
0.9848484848484849
0.9848484848484849
0.9848484848484849
0.9848484848484849
0.9848484848484849
0.9848484848484849
0.9848484848484849
0.9848484848484849
0.9848484848484849
0.9848484848484849
0.9848484848484849
0.9848484848484849
0.9848484848484849
0.9848484848484849
0.9848484848484849
0.9848484848484849
0.9848484848484849
0.9848484848484849
0.9848484848484849
0.9848484848484849
0.9848484848484849
0.9848484848484849
0.9848484848484849
0.9848484848484849
0.9848484848484849
0.9848484848484849
0.9848484848484849
0.9848484848484849
0.9848484848484849
0.9848484848484849
0.9848484848484849
0.9848484848484849
0.9848484848484849
0.9848484848484849
0.9848484848484849
0.9848484848484849
0.9848484848484849
0.9848484848484849
0.9848484848484849
0.9848484848484849
0.9848484848484849
0.9848484848484849
0.9848484848484849
0.9848484848484849
0.9848484848484849
0.9848484848484849
0.9848484848484849
0.9848484848484849
0.9848484848484849
0.9848484848484849
0.9848484848484849
0.9848484848484849
0.9848484848484849
0.9848484848484849
0.9848484848484849
0.9848484848484849
0.9848484848484849
0.9848484848484849
0.9848484848484849
0.9848484848484849
0.9848484848484849
0.9848484848484849
0.9848484848484849
0.9848484848484849
0.9848484848484849
0.9848484848484849
0.9848484848484849
0.9848484848484849
0.9848484848484849
0.9848484848484849
0.9848484848484849
0.9848484848484849
0.9848484848484849
0.9848484848484849
0.9848484848484849
0.9848484848484849
0.9848484848484849
0.9848484848484849
0.9848484848484849
0.9848484848484849
0.9848484848484849
0.9848484848484849
0.9848484848484849
0.9848484848484849
0.9848484848484849
0.9848484848484849
0.9848484848484849
0.984848