0.056074766355140186
0.17757009345794392
0.2757009345794392
0.4205607476635514
0.5
0.5
0.5
0.5
0.5
0.5
0.5
0.5
0.5
0.5
0.5
0.5
0.5
0.5
0.5
0.5
0.5
0.5
0.5
0.5
0.5
0.5
0.5
0.5
0.5
0.5
0.5
0.5
0.5
0.5
0.5
0.5
0.5
0.5186915887850467
0.5373831775700935
0.5700934579439252
0.5841121495327103
0.5981308411214953
0.6448598130841121
0.6495327102803738
0.6542056074766355
0.6542056074766355
0.6682242990654206
0.6682242990654206
0.6915887850467289
0.705607476635514
0.705607476635514
0.705607476635514
0.7242990654205608
0.7383177570093458
0.7570093457943925
0.7710280373831776
0.7757009345794392
0.7757009345794392
0.7757009345794392
0.7757009345794392
0.7757009345794392
0.7757009345794392
0.7757009345794392
0.7757009345794392
0.8130841121495327
0.8177570093457944
0.822429906542056
0.8271028037383178
0.8271028037383178
0.8271028037383178
0.8271028037383178
0.8271028037383178
0.8271028037383178
0.8271028037383178
0.8411214953271028
0.8411214953271028
0.8457943925233645
0.8504672897196262
0.8504672897196262
0.8504672897196262
0.8504672897196262
0.8504672897196262
0.8504672897196262
0.8504672897196262
0.8504672897196262
0.8504672897196262
0.8504672897196262
0.8504672897196262
0.8551401869158879
0.8551401869158879
0.8598130841121495
0.8598130841121495
0.8598130841121495
0.8598130841121495
0.8598130841121495
0.8598130841121495
0.8598130841121495
0.8598130841121495
0.8598130841121495
0.8598130841121495
0.8598130841121495
0.8598130841121495
0.8598130841121495
0.8598130841121495
0.8598130841121495
0.8598130841121495
0.8598130841121495
0.8598130841121495
0.8598130841121495
0.8598130841121495
0.8598130841121495
0.8598130841121495
0.8598130841121495
0.8598130841121495
0.8598130841121495
0.8598130841121495
0.8598130841121495
0.8598130841121495
0.8598130841121495
0.8598130841121495
0.8598130841121495
0.8598130841121495
0.8598130841121495
0.8598130841121495
0.8598130841121495
0.8598130841121495
0.8598130841121495
0.8598130841121495
0.8598130841121495
0.8598130841121495
0.8598130841121495
0.8598130841121495
0.8598130841121495
0.8598130841121495
0.8598130841121495
0.8598130841121495
0.8598130841121495
0.8598130841121495
0.8598130841121495
0.8598130841121495
0.8598130841121495
0.8598130841121495
0.8598130841121495
0.8598130841121495
0.8598130841121495
0.8598130841121495
0.8598130841121495
0.8598130841121495
0.8598130841121495
0.8598130841121495
0.8598130841121495
0.8598130841121495
0.8598130841121495
0.8598130841121495
0.8598130841121495
0.8598130841121495
0.8598130841121495
0.8598130841121495
0.8598130841121495
0.8598130841121495
0.8598130841121495
0.8598130841121495
0.8598130841121495
0.8598130841121495
0.8598130841121495
0.8598130841121495
0.8598130841121495
0.8598130841121495
0.8598130841121495
0.8598130841121495
0.8598130841121495
0.8598130841121495
0.8598130841121495
0.8598130841121495
0.8598130841121495
0.8598130841121495
0.8598130841121495
0.8598130841121495
0.8598130841121495
0.8598130841121495
0.8598130841121495
0.8598130841121495
0.8598130841121495
0.8598130841121495
0.8598130841121495
0.8598130841121495
0.8598130841121495
0.8598130841121495
0.8598130841121495
0.8598130841121495
0.8598130841121495
0.8598130841121495
0.8598130841121495
0.8598130841121495
0.8598130841121495
0.8598130841121495
0.8598130841121495
0.8598130841121495
0.8598130841121495
0.8598130841121495
0.8598130841121495
0.8598130841121495
0.8598130841121495
0.8598130841121495
0.8598130841121495
0.8598130841121495
0.8598130841121495
0.8598130841121495
0.8598130841121495
0.8598130841121495
0.8598130841121495
0.8598130841121495
0.8598130841121495
0.8598130841121495
0.8598130841121495
0.8598130841121495
0.8598130841121495
0.8598130841121495
0.8598130841121495
0.8598130841121495
0.8598130841121495
0.8598130841121495
0.8598130841121495
0.8598130841121495
0.8598130841121495
0.8598130841121495
0.8598130841121495
0.8598130841121495
0.8598130841121495
0.8598130841121495
0.8598130841121495
0.8644859813084113
0.8644859813084113
0.8644859813084113
0.8644859813084113
0.8644859813084113
0.8925233644859814
0.9018691588785047
0.9018691588785047
0.9018691588785047
0.9018691588785047
0.9018691588785047
0.9018691588785047
0.9018691588785047
0.9018691588785047
0.9018691588785047
0.9018691588785047
0.9018691588785047
0.9018691588785047
0.9018691588785047
0.9018691588785047
0.9018691588785047
0.9018691588785047
0.9018691588785047
0.9018691588785047
0.9018691588785047
0.9018691588785047
0.9018691588785047
0.9018691588785047
0.9018691588785047
0.9065420560747663
0.9065420560747663
0.9065420560747663
0.9158878504672897
0.9299065420560748
0.9299065420560748
0.9299065420560748
0.9299065420560748
0.9299065420560748
0.9299065420560748
0.9299065420560748
0.9299065420560748
0.9345794392523364
0.9345794392523364
0.9345794392523364
0.9345794392523364
0.9345794392523364
0.9345794392523364
0.9345794392523364
0.9345794392523364
0.9345794392523364
0.9345794392523364
0.9392523364485982
0.9392523364485982
0.9392523364485982
0.9439252336448598
0.9439252336448598
0.9439252336448598
0.9485981308411215
0.9485981308411215
0.9485981308411215
0.9485981308411215
0.9485981308411215
0.9485981308411215
0.9485981308411215
0.9485981308411215
0.9485981308411215
0.9485981308411215
0.9485981308411215
0.9485981308411215
0.9485981308411215
0.9485981308411215
0.9532710280373832
0.9532710280373832
0.9579439252336449
0.9579439252336449
0.9579439252336449
0.9579439252336449
0.9579439252336449
0.9579439252336449
0.9579439252336449
0.9579439252336449
0.9626168224299065
0.9626168224299065
0.9626168224299065
0.9626168224299065
0.9626168224299065
0.9626168224299065
0.9626168224299065
0.9626168224299065
0.9626168224299065
0.9626168224299065
0.9626168224299065
0.9626168224299065
0.9626168224299065
0.9626168224299065
0.9626168224299065
0.9626168224299065
0.9626168224299065
0.9626168224299065
0.9626168224299065
0.9626168224299065
0.9626168224299065
0.9626168224299065
0.9626168224299065
0.9626168224299065
0.9626168224299065
0.9626168224299065
0.9626168224299065
0.9626168224299065
0.9626168224299065
0.9626168224299065
0.9626168224299065
0.9626168224299065
0.9626168224299065
0.9626168224299065
0.9626168224299065
0.9626168224299065
0.9626168224299065
0.9626168224299065
0.9626168224299065
0.9626168224299065
0.9626168224299065
0.9626168224299065
0.9672897196261683
0.9672897196261683
0.9672897196261683
0.9672897196261683
0.9672897196261683
0.9672897196261683
0.9672897196261683
0.9672897196261683
0.9672897196261683
0.9672897196261683
0.9672897196261683
0.9672897196261683
0.9672897196261683
0.9672897196261683
0.9672897196261683
0.9672897196261683
0.9672897196261683
0.9672897196261683
0.9672897196261683
0.9672897196261683
0.9672897196261683
0.9672897196261683
0.9672897196261683
0.9672897196261683
0.9672897196261683
0.9672897196261683
0.9672897196261683
0.9672897196261683
0.9672897196261683
0.9672897196261683
0.9672897196261683
0.9672897196261683
0.9672897196261683
0.9672897196261683
0.9672897196261683
0.9672897196261683
0.9672897196261683
0.9672897196261683
0.9672897196261683
0.9672897196261683
0.9672897196261683
0.9672897196261683
0.9672897196261683
0.9672897196261683
0.9672897196261683
0.9672897196261683
0.9672897196261683
0.9672897196261683
0.9672897196261683
0.9672897196261683
0.9672897196261683
0.9672897196261683
0.9672897196261683
0.9719626168224299
0.9719626168224299
0.9719626168224299
0.9719626168224299
0.9719626168224299
0.9719626168224299
0.9719626168224299
0.9719626168224299
0.9719626168224299
0.9719626168224299
0.9719626168224299
0.9719626168224299
0.9719626168224299
0.9719626168224299
0.9719626168224299
0.9719626168224299
0.9719626168224299
0.9719626168224299
0.9719626168224299
0.9719626168224299
0.9719626168224299
0.9719626168224299
0.9719626168224299
0.9719626168224299
0.9719626168224299
0.9719626168224299
0.9719626168224299
0.9719626168224299
0.9719626168224299
0.9719626168224299
0.9719626168224299
0.9719626168224299
0.9719626168224299
0.9719626168224299
0.9719626168224299
0.9719626168224299
0.9813084112149533
0.9813084112149533
0.9813084112149533
0.9813084112149533
0.9813084112149533
0.9813084112149533
0.9813084112149533
0.9813084112149533
0.9813084112149533
0.9813084112149533
0.9813084112149533
0.9813084112149533
0.9813084112149533
0.9813084112149533
0.9813084112149533
0.9813084112149533
0.9813084112149533
0.9813084112149533
0.9813084112149533
0.9813084112149533
0.9813084112149533
0.9813084112149533
0.9813084112149533
0.9813084112149533
0.9813084112149533
0.9813084112149533
0.9813084112149533
0.9813084112149533
0.9813084112149533
0.9813084112149533
0.9813084112149533
0.9813084112149533
0.9813084112149533
0.9813084112149533
0.9813084112149533
0.9813084112149533
0.9813084112149533
0.9813084112149533
0.9813084112149533
0.9813084112149533
0.9813084112149533
0.9813084112149533
0.9813084112149533
0.9813084112149533
0.9813084112149533
0.9813084112149533
0.9813084112149533
0.9813084112149533
0.9813084112149533
0.9813084112149533
0.9813084112149533
0.9813084112149533
0.9813084112149533
0.9813084112149533
0.9813084112149533
0.9813084112149533
0.9813084112149533
0.9813084112149533
0.9813084112149533
0.9813084112149533
0.9813084112149533
0.9813084112149533
0.9813084112149533
0.9813084112149533
0.9813084112149533
0.9813084112149533
0.9813084112149533
0.9813084112149533
0.9813084112149533
0.9813084112149533
0.9813084112149533
0.9813084112149533
0.9813084112149533
0.9813084112149533
0.9813084112149533
0.9813084112149533
0.9813084112149533
0.9813084112149533
0.9813084112149533
0.9813084112149533
0.9813084112149533
0.9813084112149533
0.9813084112149533
0.9813084112149533
0.9813084112149533
0.9813084112149533
0.9813084112149533
0.9813084112149533
0.9813084112149533
0.9813084112149533
0.9813084112149533
0.9813084112149533
0.9813084112149533
0.9813084112149533
0.9813084112149533
0.9813084112149533
0.9813084112149533
0.9813084112149533
0.9813084112149533
0.9813084112149533
0.9813084112149533
0.9813084112149533
0.9813084112149533
0.9813084112149533
0.9813084112149533
0.9813084112149533
0.9813084112149533
0.9813084112149533
0.9813084112149533
0.985981308411215
0.985981308411215
0.985981308411215
0.985981308411215
0.985981308411215
0.985981308411215
0.985981308411215
0.985981308411215
0.985981308411215
0.985981308411215
0.985981308411215
0.985981308411215
0.985981308411215
0.985981308411215
0.985981308411215
0.985981308411215
0.985981308411215
0.985981308411215
0.985981308411215
0.985981308411215
0.985981308411215
0.985981308411215
0.985981308411215
0.985981308411215
0.985981308411215
0.985981308411215
0.985981308411215
0.985981308411215
0.985981308411215
0.985981308411215
0.985981308411215
0.985981308411215
0.985981308411215
0.985981308411215
0.985981308411215
0.985981308411215
0.985981308411215
0.985981308411215
0.985981308411215
0.985981308411215
0.985981308411215
0.985981308411215
0.985981308411215
0.985981308411215
0.985981308411215
0.985981308411215
0.985981308411215
0.985981308411215
0.985981308411215
0.985981308411215
0.985981308411215
0.985981308411215
0.985981308411215
0.985981308411215
0.985981308411215
0.985981308411215
0.985981308411215
0.985981308411215
0.985981308411215
0.985981308411215
0.985981308411215
0.985981308411215
0.985981308411215
0.985981308411215
0.985981308411215
0.985981308411215
0.985981308411215
0.985981308411215
0.985981308411215
0.985981308411215
0.985981308411215
0.985981308411215
0.985981308411215
0.985981308411215
0.985981308411215
0.985981308411215
0.985981308411215
0.985981308411215
0.985981308411215
0.985981308411215
0.985981308411215
0.985981308411215
0.985981308411215
0.985981308411215
0.985981308411215
0.985981308411215
0.985981308411215
0.985981308411215
0.985981308411215
0.985981308411215
0.985981308411215
0.985981308411215
0.985981308411215
0.985981308411215
0.985981308411215
0.985981308411215
0.985981308411215
0.985981308411215
0.985981308411215
0.985981308411215
0.985981308411215
0.985981308411215
0.985981308411215
0.985981308411215
0.985981308411215
0.985981308411215
0.985981308411215
0.985981308411215
0.985981308411215
0.985981308411215
0.985981308411215
0.985981308411215
0.985981308411215
0.985981308411215
0.985981308411215
0.985981308411215
0.985981308411215
0.985981308411215
0.985981308411215
0.985981308411215
0.985981308411215
0.985981308411215
0.985981308411215
0.985981308411215
0.985981308411215
0.985981308411215
0.985981308411215
0.985981308411215
0.985981308411215
0.985981308411215
0.985981308411215
0.985981308411215
0.985981308411215
0.985981308411215
0.985981308411215
0.985981308411215
0.985981308411215
0.985981308411215
0.985981308411215
0.985981308411215
0.985981308411215
0.985981308411215
0.985981308411215
0.985981308411215
0.985981308411215
0.985981308411215
0.985981308411215
0.985981308411215
0.985981308411215
0.985981308411215
0.985981308411215
0.985981308411215
0.985981308411215
0.985981308411215
0.985981308411215
0.985981308411215
0.985981308411215
0.985981308411215
0.985981308411215
0.985981308411215
0.985981308411215
0.985981308411215
0.985981308411215
0.985981308411215
0.985981308411215
0.985981308411215
0.985981308411215
0.985981308411215
0.985981308411215
0.985981308411215
0.985981308411215
0.985981308411215
0.985981308411215
0.985981308411215
0.985981308411215
0.985981308411215
0.985981308411215
0.985981308411215
0.985981308411215
0.985981308411215
0.985981308411215
0.985981308411215
0.985981308411215
0.985981308411215
0.985981308411215
0.985981308411215
0.985981308411215
0.985981308411215
0.985981308411215
0.985981308411215
0.985981308411215
0.985981308411215
0.985981308411215
0.985981308411215
0.985981308411215
0.985981308411215
0.985981308411215
0.985981308411215
0.985981308411215
0.985981308411215
0.985981308411215
0.985981308411215
0.985981308411215
0.985981308411215
0.985981308411215
0.985981308411215
0.985981308411215
0.985981308411215
0.985981308411215
0.985981308411215
0.985981308411215
0.985981308411215
0.985981308411215
0.985981308411215
0.985981308411215
0.985981308411215
0.985981308411215
0.985981308411215
0.985981308411215
0.985981308411215
0.985981308411215
0.985981308411215
0.985981308411215
0.985981308411215
0.985981308411215
0.985981308411215
0.985981308411215
0.985981308411215
0.985981308411215
0.985981308411215
0.985981308411215
0.985981308411215
0.985981308411215
0.985981308411215
0.985981308411215
0.985981308411215
0.985981308411215
0.985981308411215
0.985981308411215
0.985981308411215
0.985981308411215
0.985981308411215
0.985981308411215
0.985981308411215
0.985981308411215
0.985981308411215
0.985981308411215
0.985981308411215
0.985981308411215
0.985981308411215
0.985981308411215
0.985981308411215
0.985981308411215
0.985981308411215
0.985981308411215
0.985981308411215
0.985981308411215
0.985981308411215
0.985981308411215
0.985981308411215
0.985981308411215
0.985981308411215
0.985981308411215
0.985981308411215
0.985981308411215
0.985981308411215
0.985981308411215
0.985981308411215
0.985981308411215
0.985981308411215
0.985981308411215
0.985981308411215
0.985981308411215
0.985981308411215
0.985981308411215
0.985981308411215
0.985981308411215
0.985981308411215
0.985981308411215
0.985981308411215
0.985981308411215
0.985981308411215
0.985981308411215
0.985981308411215
0.985981308411215
0.985981308411215
0.985981308411215
0.985981308411215
0.985981308411215
0.985981308411215
0.985981308411215
0.985981308411215
0.985981308411215
0.985981308411215
0.985981308411215
0.985981308411215
0.985981308411215
0.985981308411215
0.985981308411215
0.985981308411215
0.985981308411215
0.985981308411215
0.985981308411215
0.985981308411215
0.985981308411215
0.985981308411215
0.985981308411215
0.985981308411215
0.985981308411215
0.985981308411215
0.985981308411215
0.985981308411215
0.985981308411215
0.985981308411215
0.985981308411215
0.985981308411215
0.985981308411215
0.985981308411215
0.985981308411215
0.985981308411215
0.985981308411215
0.985981308411215
0.985981308411215
0.985981308411215
0.985981308411215
0.985981308411215
0.985981308411215
0.985981308411215
0.985981308411215
0.985981308411215
0.985981308411215
0.985981308411215
0.985981308411215
0.985981308411215
0.985981308411215
0.985981308411215
0.985981308411215
0.985981308411215
0.985981308411215
0.985981308411215
0.985981308411215
0.985981308411215
0.985981308411215
0.985981308411215
0.985981308411215
0.985981308411215
0.985981308411215
0.985981308411215
0.985981308411215
0.985981308411215
0.985981308411215
0.985981308411215
0.985981308411215
0.985981308411215
0.985981308411215
0.985981308411215
0.985981308411215
0.985981308411215
0.985981308411215
0.985981308411215
0.985981308411215
0.985981308411215
0.985981308411215
0.985981308411215
0.985981308411215
0.985981308411215
0.985981308411215
0.985981308411215
0.985981308411215
0.985981308411215
0.985981308411215
0.985981308411215
0.985981308411215
0.985981308411215
0.985981308411215
0.985981308411215
0.985981308411215
0.985981308411215
0.985981308411215
0.985981308411215
0.985981308411215
0.985981308411215
0.985981308411215
0.985981308411215
0.985981308411215
0.985981308411215
0.985981308411215
0.985981308411215
0.985981308411215
0.985981308411215
0.985981308411215
0.985981308411215
0.985981308411215
0.985981308411215
0.985981308411215
0.985981308411215
0.985981308411215
0.985981308411215
0.985981308411215
0.985981308411215
0.985981308411215
0.985981308411215
0.985981308411215
0.985981308411215
0.985981308411215
0.985981308411215
0.985981308411215
0.985981308411215
0.985981308411215
0.985981308411215
0.985981308411215
0.985981308411215
0.985981308411215
0.985981308411215
0.985981308411215
0.985981308411215
0.985981308411215
0.985981308411215
0.985981308411215
0.985981308411215
0.985981308411215
0.985981308411215
0.985981308411215
0.985981308411215
0.985981308411215
0.985981308411215
0.985981308411215
0.985981308411215
0.985981308411215
0.985981308411215
0.985981308411215
0.985981308411215
0.985981308411215
0.985981308411215
0.985981308411215
0.985981308411215
0.985981308411215
0.985981308411215
0.985981308411215
0.985981308411215
0.985981308411215
0.985981308411215
0.985981308411215
0.985981308411215
0.985981308411215
0.985981308411215
0.985981308411215
0.985981308411215
0.985981308411215
0.985981308411215
0.985981308411215
0.985981308411215
0.985981308411215
0.985981308411215
0.985981308411215
0.985981308411215
0.985981308411215
0.985981308411215
0.985981308411215
0.985981308411215
0.985981308411215
0.985981308411215
0.985981308411215
0.985981308411215
0.985981308411215
0.985981308411215
0.985981308411215
0.985981308411215
0.985981308411215
0.985981308411215
0.985981308411215
0.985981308411215
0.985981308411215
0.985981308411215
0.985981308411215
0.985981308411215
0.985981308411215
0.985981308411215
0.985981308411215
0.985981308411215
0.985981308411215
0.985981308411215
0.985981308411215
0.985981308411215
0.985981308411215
0.985981308411215
0.985981308411215
0.985981308411215
0.985981308411215
0.985981308411215
0.985981308411215
0.985981308411215
0.985981308411215
0.985981308411215
0.985981308411215
0.985981308411215
0.985981308411215
0.985981308411215
0.985981308411215
0.985981308411215
0.985981308411215
0.985981308411215
0.985981308411215
0.985981308411215
0.985981308411215
0.985981308411215
0.985981308411215
0.985981308411215
0.985981308411215
0.985981308411215
0.985981308411215
0.985981308411215
0.985981308411215
0.985981308411215
0.985981308411215
0.985981308411215
0.985981308411215
0.985981308411215
0.985981308411215
0.985981308411215
0.985981308411215
0.985981308411215
0.985981308411215
0.985981308411215
0.985981308411215
0.985981308411215
0.985981308411215
0.985981308411215
0.985981308411215
0.985981308411215
0.985981308411215
0.985981308411215
0.985981308411215
0.985981308411215
0.985981308411215
0.985981308411215
0.985981308411215
0.985981308411215
0.985981308411215
0.985981308411215
0.985981308411215
0.985981308411215
0.985981308411215
0.985981308411215
0.985981308411215
0.985981308411215
0.985981308411215
0.985981308411215
0.985981308411215
0.985981308411215
0.985981308411215
0.985981308411215
0.985981308411215
0.985981308411215
0.985981308411215
0.985981308411215
0.985981308411215
0.985981308411215
0.985981308411215
0.985981308411215
0.985981308411215
0.985981308411215
0.985981308411215
0.985981308411215
0.985981308411215
0.985981308411215
0.985981308411215
0.985981308411215
0.985981308411215
0.985981308411215
0.985981308411215
0.985981308411215
0.985981308411215
0.985981308411215
0.985981308411215
0.985981308411215
0.985981308411215
0.985981308411215
0.985981308411215
0.985981308411215
0.985981308411215
0.985981308411215
0.985981308411215
0.985981308411215
0.985981308411215
0.985981308411215
0.985981308411215
0.985981308411215
0.985981308411215
0.985981308411215
0.985981308411215
0.985981308411215
0.985981308411215
0.985981308411215
0.985981308411215
0.985981308411215
0.985981308411215
0.985981308411215
0.985981308411215
0.985981308411215
0.985981308411215
0.985981308411215
0.985981308411215
0.985981308411215
0.985981308411215
0.985981308411215
0.985981308411215
0.985981308411215
0.985981308411215
0.985981308411215
0.985981308411215
0.985981308411215
0.985981308411215
0.985981308411215
0.985981308411215
0.985981308411215
0.985981308411215
0.985981308411215
0.985981308411215
0.985981308411215
0.985981308411215
0.985981308411215
0.985981308411215
0.985981308411215
0.985981308411215
0.985981308411215
0.985981308411215
0.985981308411215
0.985981308411215
0.985981308411215
0.985981308411215
0.985981308411215
0.985981308411215
0.985981308411215
0.985981308411215
0.985981308411215
0.985981308411215
0.985981308411215
0.985981308411215
0.985981308411215
0.985981308411215
0.985981308411215
0.985981308411215
0.985981308411215
0.985981308411215
0.985981308411215
0.985981308411215
0.985981308411215
0.985981308411215
0.985981308411215
0.985981308411215
0.985981308411215
0.985981308411215
0.985981308411215
0.985981308411215
0.985981308411215
0.985981308411215
0.985981308411215
0.985981308411215
0.985981308411215
0.985981308411215
0.985981308411215
0.985981308411215
0.985981308411215
0.985981308411215
0.985981308411215
0.985981308411215
0.985981308411215
0.985981308411215
0.985981308411215
0.985981308411215
0.985981308411215
0.985981308411215
0.985981308411215
0.985981308411215
0.985981308411215
0.985981308411215
0.985981308411215
0.985981308411215
0.985981308411215
0.985981308411215
0.985981308411215
0.985981308411215
0.985981308411215
0.985981308411215
0.985981308411215
0.985981308411215
0.985981308411215
0.985981308411215
0.985981308411215
0.985981308411215
0.985981308411215
0.985981308411215
0.985981308411215
0.985981308411215
0.985981308411215
0.985981308411215
0.985981308411215
0.985981308411215
0.985981308411215
0.985981308411215
0.985981308411215
0.985981308411215
0.985981308411215
0.985981308411215
0.985981308411215
0.985981308411215
0.985981308411215
0.985981308411215
0.985981308411215
0.985981308411215
0.985981308411215
0.985981308411215
0.985981308411215
0.985981308411215
0.985981308411215
0.985981308411215
0.985981308411215
0.985981308411215
0.985981308411215
0.985981308411215
0.985981308411215
0.985981308411215
0.985981308411215
0.985981308411215
0.985981308411215
0.985981308411215
0.985981308411215
0.985981308411215
0.985981308411215
0.985981308411215
0.985981308411215
0.985981308411215
0.985981308411215
0.985981308411215
0.985981308411215
0.985981308411215
0.985981308411215
0.985981308411215
0.985981308411215
0.985981308411215
0.985981308411215
0.985981308411215
0.985981308411215
0.985981308411215
0.985981308411215
0.985981308411215
0.985981308411215
0.985981308411215
0.985981308411215
0.985981308411215
0.985981308411215
0.985981308411215
0.985981308411215
0.985981308411215
0.985981308411215
0.985981308411215
0.985981308411215
0.985981308411215
0.985981308411215
0.985981308411215
0.985981308411215
0.985981308411215
0.985981308411215
0.985981308411215
0.985981308411215
0.985981308411215
0.985981308411215
0.985981308411215
0.985981308411215
0.985981308411215
0.985981308411215
0.985981308411215
0.985981308411215
0.985981308411215
0.985981308411215
0.985981308411215
0.985981308411215
0.985981308411215
0.985981308411215
0.985981308411215
0.985981308411215
0.985981308411215
0.985981308411215
0.985981308411215
0.985981308411215
0.985981308411215
0.985981308411215
0.985981308411215
0.985981308411215
0.985981308411215
0.985981308411215
0.985981308411215
0.985981308411215
0.985981308411215
0.985981308411215
0.985981308411215
0.985981308411215
0.985981308411215
0.985981308411215
0.985981308411215
0.985981308411215
0.985981308411215
0.985981308411215
0.985981308411215
0.985981308411215
0.985981308411215
0.985981308411215
0.985981308411215
0.985981308411215
0.98