0.012307692307692308
0.021538461538461538
0.024615384615384615
0.03076923076923077
0.033846153846153845
0.046153846153846156
0.046153846153846156
0.04923076923076923
0.052307692307692305
0.05846153846153846
0.06153846153846154
0.06461538461538462
0.08923076923076922
0.09538461538461539
0.09846153846153846
0.09846153846153846
0.09846153846153846
0.10153846153846154
0.10153846153846154
0.11076923076923077
0.11076923076923077
0.11384615384615385
0.11692307692307692
0.12
0.14461538461538462
0.14461538461538462
0.14461538461538462
0.16307692307692306
0.16923076923076924
0.1723076923076923
0.1753846153846154
0.17846153846153845
0.17846153846153845
0.18153846153846154
0.18461538461538463
0.18769230769230769
0.2
0.20307692307692307
0.20307692307692307
0.20923076923076922
0.2123076923076923
0.2153846153846154
0.21846153846153846
0.21846153846153846
0.21846153846153846
0.2276923076923077
0.23076923076923078
0.23384615384615384
0.2523076923076923
0.2553846153846154
0.2553846153846154
0.2553846153846154
0.25846153846153846
0.2676923076923077
0.2676923076923077
0.27076923076923076
0.28307692307692306
0.28923076923076924
0.2953846153846154
0.2953846153846154
0.31076923076923074
0.3169230769230769
0.32
0.3261538461538461
0.3323076923076923
0.3384615384615385
0.3415384615384615
0.3446153846153846
0.3507692307692308
0.35384615384615387
0.3569230769230769
0.3569230769230769
0.36
0.36
0.36923076923076925
0.3723076923076923
0.38153846153846155
0.38769230769230767
0.39384615384615385
0.4
0.4
0.40307692307692305
0.40615384615384614
0.4153846153846154
0.4153846153846154
0.4246153846153846
0.44
0.4430769230769231
0.4461538461538462
0.4492307692307692
0.4523076923076923
0.4523076923076923
0.4553846153846154
0.46153846153846156
0.46153846153846156
0.46153846153846156
0.46153846153846156
0.4676923076923077
0.47384615384615386
0.47384615384615386
0.48
0.48615384615384616
0.49230769230769234
0.49846153846153846
0.49846153846153846
0.5015384615384615
0.5015384615384615
0.5015384615384615
0.5107692307692308
0.5107692307692308
0.5107692307692308
0.5138461538461538
0.5138461538461538
0.52
0.52
0.52
0.52
0.52
0.52
0.5292307692307693
0.5384615384615384
0.5384615384615384
0.5415384615384615
0.5415384615384615
0.5415384615384615
0.5415384615384615
0.5476923076923077
0.5476923076923077
0.5476923076923077
0.5507692307692308
0.5507692307692308
0.56
0.5661538461538461
0.5723076923076923
0.5753846153846154
0.5753846153846154
0.5815384615384616
0.5846153846153846
0.5907692307692308
0.5907692307692308
0.5907692307692308
0.5907692307692308
0.5938461538461538
0.5938461538461538
0.5938461538461538
0.5969230769230769
0.5969230769230769
0.6
0.6
0.6
0.6061538461538462
0.6061538461538462
0.6061538461538462
0.6123076923076923
0.6123076923076923
0.6123076923076923
0.6153846153846154
0.6153846153846154
0.6153846153846154
0.6184615384615385
0.6276923076923077
0.6276923076923077
0.6276923076923077
0.6307692307692307
0.6307692307692307
0.6307692307692307
0.6307692307692307
0.6307692307692307
0.6338461538461538
0.6369230769230769
0.6369230769230769
0.6369230769230769
0.64
0.64
0.6430769230769231
0.6430769230769231
0.6430769230769231
0.6430769230769231
0.6430769230769231
0.6430769230769231
0.6461538461538462
0.6492307692307693
0.6492307692307693
0.6492307692307693
0.6492307692307693
0.6492307692307693
0.6492307692307693
0.6492307692307693
0.6492307692307693
0.6492307692307693
0.6492307692307693
0.6523076923076923
0.6523076923076923
0.6553846153846153
0.6584615384615384
0.6584615384615384
0.6584615384615384
0.6584615384615384
0.6584615384615384
0.6584615384615384
0.6584615384615384
0.6584615384615384
0.6615384615384615
0.6615384615384615
0.6646153846153846
0.6646153846153846
0.6646153846153846
0.6676923076923077
0.6707692307692308
0.6707692307692308
0.6707692307692308
0.6738461538461539
0.6738461538461539
0.676923076923077
0.68
0.6861538461538461
0.6861538461538461
0.6861538461538461
0.6861538461538461
0.6892307692307692
0.6923076923076923
0.6923076923076923
0.6923076923076923
0.6923076923076923
0.6923076923076923
0.6923076923076923
0.6923076923076923
0.6953846153846154
0.7015384615384616
0.7046153846153846
0.7076923076923077
0.7076923076923077
0.7107692307692308
0.7138461538461538
0.7138461538461538
0.7138461538461538
0.7169230769230769
0.7169230769230769
0.72
0.72
0.7261538461538461
0.7261538461538461
0.7292307692307692
0.7353846153846154
0.7353846153846154
0.7353846153846154
0.7353846153846154
0.7353846153846154
0.7353846153846154
0.7353846153846154
0.7353846153846154
0.7353846153846154
0.7353846153846154
0.7353846153846154
0.7384615384615385
0.7384615384615385
0.7384615384615385
0.7415384615384616
0.7415384615384616
0.7415384615384616
0.7415384615384616
0.7446153846153846
0.7446153846153846
0.7446153846153846
0.7476923076923077
0.7538461538461538
0.7538461538461538
0.7569230769230769
0.7569230769230769
0.7630769230769231
0.7661538461538462
0.7661538461538462
0.7661538461538462
0.7692307692307693
0.7692307692307693
0.7692307692307693
0.7692307692307693
0.7692307692307693
0.7692307692307693
0.7723076923076924
0.7753846153846153
0.7753846153846153
0.7753846153846153
0.7753846153846153
0.7753846153846153
0.7753846153846153
0.7753846153846153
0.7784615384615384
0.7784615384615384
