0.0
0.0
0.0
0.0
0.0
0.0
0.07142857142857142
0.07142857142857142
0.07142857142857142
0.14285714285714285
0.42857142857142855
0.5714285714285714
0.5714285714285714
0.7142857142857143
0.7142857142857143
0.7142857142857143
0.7142857142857143
0.7142857142857143
0.7142857142857143
0.7857142857142857
0.7857142857142857
0.8571428571428571
0.8571428571428571
0.9285714285714286
0.9285714285714286
0.9285714285714286
0.9285714285714286
0.9285714285714286
0.9285714285714286
0.9285714285714286
0.9285714285714286
0.9285714285714286
0.9285714285714286
0.9285714285714286
1.0
