0.05964912280701754
0.11578947368421053
0.19649122807017544
0.2807017543859649
0.3684210526315789
0.39649122807017545
0.43508771929824563
0.45263157894736844
0.5052631578947369
0.5403508771929825
0.5859649122807018
0.5964912280701754
0.6807017543859649
0.7017543859649122
0.7333333333333333
0.7543859649122807
0.7614035087719299
0.7649122807017544
0.775438596491228
0.775438596491228
0.7789473684210526
0.7789473684210526
0.7894736842105263
0.8
0.8105263157894737
0.8105263157894737
0.8105263157894737
0.8105263157894737
0.8245614035087719
0.8350877192982457
0.8491228070175438
0.8491228070175438
0.8491228070175438
0.8491228070175438
0.8526315789473684
0.8526315789473684
0.8666666666666667
0.8666666666666667
0.8736842105263158
0.8736842105263158
0.8912280701754386
0.8982456140350877
0.8982456140350877
0.8982456140350877
0.9052631578947369
0.9122807017543859
0.9157894736842105
0.9157894736842105
0.9157894736842105
0.9192982456140351
0.9228070175438596
0.9228070175438596
0.9333333333333333
0.9333333333333333
0.9368421052631579
0.9438596491228071
0.9508771929824561
0.9578947368421052
0.9578947368421052
0.9578947368421052
0.9578947368421052
0.9614035087719298
0.9614035087719298
0.9614035087719298
0.9614035087719298
0.9614035087719298
0.968421052631579
0.968421052631579
0.968421052631579
0.968421052631579
0.968421052631579
0.968421052631579
0.9719298245614035
0.9754385964912281
0.9754385964912281
0.9754385964912281
0.9789473684210527
0.9859649122807017
0.9859649122807017
0.9859649122807017
0.9859649122807017
0.9894736842105263
0.9894736842105263
0.9894736842105263
0.9894736842105263
0.9894736842105263
0.9894736842105263
0.9929824561403509
0.9929824561403509
0.9929824561403509
0.9929824561403509
0.9929824561403509
0.9929824561403509
0.9929824561403509
0.9929824561403509
0.9929824561403509
0.9929824561403509
0.9929824561403509
0.9929824561403509
0.9964912280701754
0.9964912280701754
0.9964912280701754
1.0
