0.05688622754491018
0.05688622754491018
0.07784431137724551
0.08682634730538923
0.09580838323353294
0.10778443113772455
0.12874251497005987
0.16167664670658682
0.17365269461077845
0.18263473053892215
0.20359281437125748
0.20958083832335328
0.2275449101796407
0.23952095808383234
0.26646706586826346
0.2874251497005988
0.2934131736526946
0.3083832335329341
0.33532934131736525
0.3473053892215569
0.3652694610778443
0.38922155688622756
0.41317365269461076
0.4281437125748503
0.4311377245508982
0.44610778443113774
0.46107784431137727
0.46107784431137727
0.47305389221556887
0.48502994011976047
0.4940119760479042
0.49700598802395207
0.5
0.5239520958083832
0.5329341317365269
0.5479041916167665
0.5568862275449101
0.5598802395209581
0.5838323353293413
0.592814371257485
0.6077844311377245
0.6167664670658682
0.6197604790419161
0.6227544910179641
0.6317365269461078
0.6497005988023952
0.655688622754491
0.655688622754491
0.6616766467065869
0.6646706586826348
0.6676646706586826
0.6706586826347305
0.6736526946107785
0.6736526946107785
0.6766467065868264
0.6916167664670658
0.7005988023952096
0.7095808383233533
0.7155688622754491
0.7155688622754491
0.7215568862275449
0.7215568862275449
0.7275449101796407
0.7335329341317365
0.7335329341317365
0.7395209580838323
0.7455089820359282
0.7455089820359282
0.7485029940119761
0.7544910179640718
0.7634730538922155
0.7634730538922155
0.7664670658682635
0.7664670658682635
0.7664670658682635
0.7664670658682635
0.7694610778443114
0.7724550898203593
0.7754491017964071
0.7754491017964071
0.7754491017964071
0.7784431137724551
0.7784431137724551
0.7784431137724551
0.781437125748503
0.7934131736526946
0.8023952095808383
0.811377245508982
0.8173652694610778
0.8173652694610778
0.8203592814371258
0.8323353293413174
0.8323353293413174
0.844311377245509
0.844311377245509
0.8562874251497006
0.8562874251497006
0.8562874251497006
0.8682634730538922
0.8712574850299402
0.874251497005988
0.874251497005988
0.8772455089820359
0.8772455089820359
0.8772455089820359
0.8772455089820359
0.8772455089820359
0.8772455089820359
0.8772455089820359
0.8772455089820359
0.8772455089820359
0.8862275449101796
0.8892215568862275
0.8892215568862275
0.8892215568862275
0.8952095808383234
0.8952095808383234
0.8952095808383234
0.8952095808383234
0.8982035928143712
0.8982035928143712
0.9011976047904192
0.9011976047904192
0.9041916167664671
0.907185628742515
0.907185628742515
0.9101796407185628
0.9101796407185628
0.9101796407185628
0.9131736526946108
0.9191616766467066
0.9191616766467066
0.9221556886227545
0.9251497005988024
0.9251497005988024
0.9251497005988024
0.9251497005988024
0.9251497005988024
0.9251497005988024
0.9251497005988024
0.9281437125748503
0.9281437125748503
0.9281437125748503
0.9281437125748503
0.9281437125748503
0.9281437125748503
0.9281437125748503
0.9281437125748503
0.9311377245508982
0.9311377245508982
0.9311377245508982
0.9311377245508982
0.9341317365269461
0.937125748502994
0.937125748502994
0.937125748502994
0.937125748502994
0.937125748502994
0.937125748502994
0.937125748502994
0.937125748502994
0.937125748502994
0.937125748502994
0.937125748502994
0.937125748502994
0.937125748502994
0.937125748502994
0.937125748502994
0.937125748502994
0.937125748502994
0.937125748502994
0.9401197604790419
0.9401197604790419
0.9401197604790419
0.9431137724550899
0.9431137724550899
0.9461077844311377
0.9461077844311377
0.9461077844311377
0.9461077844311377
0.9461077844311377
0.9461077844311377
0.9461077844311377
0.9461077844311377
0.9461077844311377
0.9491017964071856
0.9520958083832335
0.9520958083832335
0.9520958083832335
0.9520958083832335
0.9550898203592815
0.9550898203592815
0.9550898203592815
0.9550898203592815
0.9550898203592815
0.9550898203592815
0.9550898203592815
0.9550898203592815
0.9550898203592815
0.9550898203592815
0.9550898203592815
0.9550898203592815
0.9550898203592815
0.9550898203592815
0.9580838323353293
0.9580838323353293
0.9580838323353293
0.9580838323353293
0.9580838323353293
0.9580838323353293
0.9580838323353293
0.9580838323353293
0.9580838323353293
0.9580838323353293
0.9580838323353293
0.9580838323353293
0.9580838323353293
0.9580838323353293
0.9580838323353293
0.9580838323353293
0.9580838323353293
0.9580838323353293
0.9580838323353293
0.9580838323353293
0.9580838323353293
0.9580838323353293
0.9580838323353293
0.9580838323353293
0.9610778443113772
0.9610778443113772
0.9610778443113772
0.9610778443113772
0.9610778443113772
0.9610778443113772
0.9610778443113772
0.9610778443113772
0.9610778443113772
0.9610778443113772
0.9610778443113772
0.9610778443113772
0.9610778443113772
0.9610778443113772
0.9610778443113772
0.9610778443113772
0.9610778443113772
0.9610778443113772
0.9610778443113772
0.9610778443113772
0.9610778443113772
0.9610778443113772
0.9610778443113772
0.9610778443113772
0.9610778443113772
0.9610778443113772
0.9610778443113772
0.9610778443113772
0.9610778443113772
0.9610778443113772
0.9610778443113772
0.9610778443113772
0.9610778443113772
0.9670658682634731
0.9670658682634731
0.9670658682634731
0.9670658682634731
0.9670658682634731
0.9670658682634731
0.9670658682634731
0.9670658682634731
0.9670658682634731
0.9670658682634731
0.9670658682634731
0.9670658682634731
0.9670658682634731
0.9670658682634731
0.9700598802395209
0.9730538922155688
0.9730538922155688
0.9730538922155688
0.9730538922155688
0.9730538922155688
0.9730538922155688
0.9730538922155688
0.9730538922155688
0.9730538922155688
0.9760479041916168
0.9760479041916168
0.9760479041916168
0.9760479041916168
0.9760479041916168
0.9790419161676647
0.9790419161676647
0.9790419161676647
0.9790419161676647
0.9790419161676647
0.9790419161676647
0.9790419161676647
0.9790419161676647
0.9790419161676647
0.9790419161676647
0.9790419161676647
0.9790419161676647
0.9790419161676647
0.9790419161676647
0.9790419161676647
0.9790419161676647
0.9790419161676647
0.9790419161676647
0.9790419161676647
0.9790419161676647
0.9790419161676647
0.9790419161676647
0.9790419161676647
0.9790419161676647
0.9790419161676647
0.9790419161676647
0.9790419161676647
0.9790419161676647
0.9790419161676647
0.9820359281437125
0.9820359281437125
0.9820359281437125
0.9820359281437125
0.9820359281437125
0.9820359281437125
0.9820359281437125
0.9820359281437125
0.9820359281437125
0.9820359281437125
0.9820359281437125
0.9820359281437125
0.9820359281437125
0.9820359281437125
0.9820359281437125
0.9820359281437125
0.9820359281437125
0.9820359281437125
0.9820359281437125
0.9820359281437125
0.9820359281437125
0.9850299401197605
0.9850299401197605
0.9850299401197605
0.9850299401197605
0.9850299401197605
0.9850299401197605
0.9850299401197605
0.9850299401197605
0.9850299401197605
0.9850299401197605
0.9850299401197605
0.9850299401197605
0.9850299401197605
0.9850299401197605
0.9850299401197605
0.9850299401197605
0.9850299401197605
0.9880239520958084
0.9880239520958084
0.9880239520958084
0.9880239520958084
0.9880239520958084
0.9880239520958084
0.9880239520958084
0.9880239520958084
0.9880239520958084
0.9880239520958084
0.9880239520958084
0.9880239520958084
0.9880239520958084
0.9880239520958084
0.9880239520958084
0.9880239520958084
0.9880239520958084
0.9880239520958084
0.9880239520958084
0.9880239520958084
0.9880239520958084
0.9880239520958084
0.9880239520958084
0.9880239520958084
0.9880239520958084
0.9880239520958084
0.9880239520958084
0.9880239520958084
0.9880239520958084
0.9880239520958084
0.9880239520958084
0.9880239520958084
0.9880239520958084
0.9880239520958084
0.9880239520958084
0.9880239520958084
0.9880239520958084
0.9880239520958084
0.9880239520958084
0.9880239520958084
0.9880239520958084
0.9880239520958084
0.9910179640718563
0.9910179640718563
0.9910179640718563
0.9910179640718563
0.9910179640718563
0.9910179640718563
0.9910179640718563
0.9910179640718563
0.9940119760479041
0.9940119760479041
0.9940119760479041
0.9940119760479041
0.9940119760479041
0.9940119760479041
0.9940119760479041
0.9940119760479041
0.9940119760479041
0.9940119760479041
0.9940119760479041
0.9940119760479041
0.9940119760479041
0.9940119760479041
0.9940119760479041
0.9940119760479041
0.9940119760479041
0.9940119760479041
0.9940119760479041
0.9940119760479041
0.9940119760479041
0.9940119760479041
0.9940119760479041
0.9940119760479041
0.9940119760479041
0.9940119760479041
0.9940119760479041
0.9940119760479041
0.9940119760479041
0.9940119760479041
0.9940119760479041
0.9940119760479041
0.9940119760479041
0.9940119760479041
0.9940119760479041
0.9940119760479041
0.9940119760479041
0.9940119760479041
0.9940119760479041
0.9940119760479041
0.9940119760479041
0.9940119760479041
0.9940119760479041
0.9940119760479041
0.9940119760479041
0.9940119760479041
0.9940119760479041
0.9940119760479041
0.9940119760479041
0.9940119760479041
0.9940119760479041
0.9940119760479041
0.9940119760479041
0.9940119760479041
0.9940119760479041
0.9940119760479041
0.9940119760479041
0.9940119760479041
0.9940119760479041
0.9940119760479041
0.9940119760479041
0.9940119760479041
0.9940119760479041
0.9940119760479041
0.9940119760479041
0.9940119760479041
0.9940119760479041
0.9940119760479041
0.9940119760479041
0.9940119760479041
0.9940119760479041
0.9940119760479041
0.9940119760479041
0.9940119760479041
0.9940119760479041
0.9940119760479041
0.9940119760479041
0.9940119760479041
0.9940119760479041
0.9940119760479041
0.9940119760479041
0.9940119760479041
0.9940119760479041
0.9940119760479041
0.9940119760479041
0.9940119760479041
0.9940119760479041
0.9940119760479041
0.9940119760479041
0.9940119760479041
0.9940119760479041
0.9940119760479041
0.9940119760479041
0.9940119760479041
0.9940119760479041
0.9940119760479041
0.9940119760479041
0.9940119760479041
0.9940119760479041
0.9940119760479041
0.9940119760479041
0.9940119760479041
0.9940119760479041
0.9940119760479041
0.9940119760479041
0.9940119760479041
0.9940119760479041
0.9940119760479041
0.9940119760479041
0.9940119760479041
0.9940119760479041
0.9940119760479041
0.9940119760479041
0.9940119760479041
0.9940119760479041
0.9940119760479041
0.9940119760479041
0.9940119760479041
0.9940119760479041
0.9940119760479041
0.9940119760479041
0.9940119760479041
0.9940119760479041
0.9940119760479041
0.9940119760479041
0.9940119760479041
0.9940119760479041
0.9940119760479041
0.9940119760479041
0.9940119760479041
0.9940119760479041
0.9940119760479041
0.9940119760479041
0.9940119760479041
0.9940119760479041
0.9940119760479041
0.9940119760479041
0.9940119760479041
0.9940119760479041
0.9940119760479041
0.9940119760479041
0.9940119760479041
0.9940119760479041
0.9940119760479041
0.9940119760479041
0.9940119760479041
0.9940119760479041
0.9940119760479041
0.9940119760479041
0.9940119760479041
0.9940119760479041
0.9940119760479041
0.9940119760479041
0.9940119760479041
0.9940119760479041
0.9940119760479041
0.9940119760479041
0.9940119760479041
0.9940119760479041
0.9940119760479041
0.9940119760479041
0.9940119760479041
0.9940119760479041
0.9940119760479041
0.9940119760479041
0.9940119760479041
0.9940119760479041
0.9940119760479041
0.9940119760479041
0.9940119760479041
0.9940119760479041
0.9940119760479041
0.9940119760479041
0.9940119760479041
0.9940119760479041
0.9940119760479041
0.9940119760479041
0.9940119760479041
0.9940119760479041
0.9940119760479041
0.9940119760479041
0.9940119760479041
0.9940119760479041
0.9940119760479041
0.9940119760479041
0.9940119760479041
0.9940119760479041
0.9940119760479041
0.9940119760479041
0.9940119760479041
0.9940119760479041
0.9940119760479041
0.9940119760479041
0.9940119760479041
0.9940119760479041
0.9940119760479041
0.9940119760479041
0.9940119760479041
0.9940119760479041
0.9940119760479041
0.9940119760479041
0.9940119760479041
0.9940119760479041
0.9940119760479041
0.9940119760479041
0.9940119760479041
0.9940119760479041
0.9940119760479041
0.9940119760479041
0.9940119760479041
0.9940119760479041
0.9940119760479041
0.9940119760479041
0.9940119760479041
0.9940119760479041
0.9940119760479041
0.9940119760479041
0.9940119760479041
0.9940119760479041
0.9940119760479041
0.9940119760479041
0.9940119760479041
0.9940119760479041
0.9940119760479041
0.9940119760479041
0.9940119760479041
0.9940119760479041
0.9940119760479041
0.9940119760479041
0.9940119760479041
0.9940119760479041
0.9940119760479041
0.9940119760479041
0.9940119760479041
0.9940119760479041
0.9940119760479041
0.9940119760479041
0.9940119760479041
0.9940119760479041
0.9940119760479041
0.9940119760479041
0.9940119760479041
0.9940119760479041
0.9940119760479041
0.9940119760479041
0.9940119760479041
0.9940119760479041
0.9940119760479041
0.9940119760479041
0.9940119760479041
0.9940119760479041
0.9940119760479041
0.9940119760479041
0.9940119760479041
0.9940119760479041
0.9940119760479041
0.9940119760479041
0.9940119760479041
0.9940119760479041
0.9940119760479041
0.9940119760479041
0.9940119760479041
0.9940119760479041
0.9940119760479041
0.9940119760479041
0.9940119760479041
0.9940119760479041
0.9940119760479041
0.9940119760479041
0.9940119760479041
0.9940119760479041
0.9940119760479041
0.9940119760479041
0.9940119760479041
0.9940119760479041
0.9940119760479041
0.9940119760479041
0.9940119760479041
0.9940119760479041
0.9940119760479041
0.9940119760479041
0.9940119760479041
0.9940119760479041
0.9940119760479041
0.9940119760479041
0.9940119760479041
0.9940119760479041
0.9940119760479041
0.9940119760479041
0.9940119760479041
0.9940119760479041
0.9940119760479041
0.9940119760479041
0.9940119760479041
0.9940119760479041
0.9940119760479041
0.9940119760479041
0.9940119760479041
0.9940119760479041
0.9940119760479041
0.9940119760479041
0.9940119760479041
0.9940119760479041
0.9940119760479041
0.9940119760479041
0.9940119760479041
0.9940119760479041
0.9940119760479041
0.9940119760479041
0.9940119760479041
0.9940119760479041
0.9940119760479041
0.9940119760479041
0.9940119760479041
0.9940119760479041
0.9940119760479041
0.9940119760479041
0.9940119760479041
0.9940119760479041
0.9940119760479041
0.9940119760479041
0.9940119760479041
0.9940119760479041
0.9940119760479041
0.9940119760479041
0.9940119760479041
0.9940119760479041
0.9940119760479041
0.9940119760479041
0.9940119760479041
0.9940119760479041
0.9940119760479041
0.9940119760479041
0.9970059880239521
0.9970059880239521
0.9970059880239521
0.9970059880239521
0.9970059880239521
0.9970059880239521
0.9970059880239521
0.9970059880239521
0.9970059880239521
0.9970059880239521
0.9970059880239521
0.9970059880239521
0.9970059880239521
0.9970059880239521
0.9970059880239521
0.9970059880239521
0.9970059880239521
0.9970059880239521
0.9970059880239521
0.9970059880239521
0.9970059880239521
0.9970059880239521
0.9970059880239521
0.9970059880239521
0.9970059880239521
0.9970059880239521
0.9970059880239521
0.9970059880239521
0.9970059880239521
0.9970059880239521
0.9970059880239521
0.9970059880239521
0.9970059880239521
0.9970059880239521
0.9970059880239521
0.9970059880239521
0.9970059880239521
0.9970059880239521
0.9970059880239521
0.9970059880239521
0.9970059880239521
0.9970059880239521
0.9970059880239521
0.9970059880239521
0.9970059880239521
0.9970059880239521
0.9970059880239521
0.9970059880239521
0.9970059880239521
0.9970059880239521
0.9970059880239521
0.9970059880239521
0.9970059880239521
0.9970059880239521
0.9970059880239521
0.9970059880239521
0.9970059880239521
0.9970059880239521
0.9970059880239521
0.9970059880239521
0.9970059880239521
0.9970059880239521
0.9970059880239521
0.9970059880239521
0.9970059880239521
0.9970059880239521
0.9970059880239521
0.9970059880239521
0.9970059880239521
0.9970059880239521
0.9970059880239521
0.9970059880239521
0.9970059880239521
0.9970059880239521
0.9970059880239521
0.9970059880239521
0.9970059880239521
0.9970059880239521
0.9970059880239521
0.9970059880239521
0.9970059880239521
0.9970059880239521
0.9970059880239521
0.9970059880239521
0.9970059880239521
0.9970059880239521
0.9970059880239521
0.9970059880239521
0.9970059880239521
0.9970059880239521
0.9970059880239521
0.9970059880239521
0.9970059880239521
0.9970059880239521
0.9970059880239521
0.9970059880239521
0.9970059880239521
0.9970059880239521
0.9970059880239521
0.9970059880239521
0.9970059880239521
0.9970059880239521
0.9970059880239521
0.9970059880239521
0.9970059880239521
0.9970059880239521
0.9970059880239521
0.9970059880239521
0.9970059880239521
0.9970059880239521
0.9970059880239521
0.9970059880239521
0.9970059880239521
0.9970059880239521
0.9970059880239521
0.9970059880239521
0.9970059880239521
0.9970059880239521
0.9970059880239521
0.9970059880239521
0.9970059880239521
0.9970059880239521
0.9970059880239521
0.9970059880239521
0.9970059880239521
0.9970059880239521
0.9970059880239521
0.9970059880239521
0.9970059880239521
0.9970059880239521
0.9970059880239521
0.9970059880239521
0.9970059880239521
0.9970059880239521
0.9970059880239521
0.9970059880239521
0.9970059880239521
0.9970059880239521
0.9970059880239521
0.9970059880239521
0.9970059880239521
0.9970059880239521
0.9970059880239521
0.9970059880239521
0.9970059880239521
0.9970059880239521
0.9970059880239521
0.9970059880239521
0.9970059880239521
0.9970059880239521
0.9970059880239521
0.9970059880239521
0.9970059880239521
0.9970059880239521
0.9970059880239521
0.9970059880239521
0.9970059880239521
0.9970059880239521
0.9970059880239521
0.9970059880239521
0.9970059880239521
0.9970059880239521
0.9970059880239521
0.9970059880239521
0.9970059880239521
0.9970059880239521
0.9970059880239521
0.9970059880239521
0.9970059880239521
0.9970059880239521
0.9970059880239521
0.9970059880239521
0.9970059880239521
0.9970059880239521
0.9970059880239521
0.9970059880239521
0.9970059880239521
0.9970059880239521
0.9970059880239521
0.9970059880239521
0.9970059880239521
0.9970059880239521
0.9970059880239521
0.9970059880239521
0.9970059880239521
0.9970059880239521
0.9970059880239521
0.9970059880239521
0.9970059880239521
0.9970059880239521
0.9970059880239521
0.9970059880239521
0.9970059880239521
0.9970059880239521
0.9970059880239521
0.9970059880239521
0.9970059880239521
0.9970059880239521
0.9970059880239521
0.9970059880239521
0.9970059880239521
0.9970059880239521
0.9970059880239521
0.9970059880239521
0.9970059880239521
0.9970059880239521
0.9970059880239521
0.9970059880239521
0.9970059880239521
0.9970059880239521
0.9970059880239521
0.9970059880239521
0.9970059880239521
0.9970059880239521
0.9970059880239521
0.9970059880239521
0.9970059880239521
0.9970059880239521
0.9970059880239521
0.9970059880239521
0.9970059880239521
0.9970059880239521
0.9970059880239521
0.9970059880239521
0.9970059880239521
0.9970059880239521
0.9970059880239521
0.9970059880239521
0.9970059880239521
0.9970059880239521
0.9970059880239521
0.9970059880239521
0.9970059880239521
0.9970059880239521
0.9970059880239521
0.9970059880239521
0.9970059880239521
0.9970059880239521
0.9970059880239521
0.9970059880239521
0.9970059880239521
0.9970059880239521
0.9970059880239521
0.9970059880239521
0.9970059880239521
0.9970059880239521
0.9970059880239521
0.9970059880239521
0.9970059880239521
0.9970059880239521
0.9970059880239521
0.9970059880239521
0.9970059880239521
0.9970059880239521
0.9970059880239521
0.9970059880239521
0.9970059880239521
0.9970059880239521
0.9970059880239521
0.9970059880239521
0.9970059880239521
0.9970059880239521
0.9970059880239521
0.9970059880239521
0.9970059880239521
0.9970059880239521
0.9970059880239521
0.9970059880239521
0.9970059880239521
0.9970059880239521
0.9970059880239521
0.9970059880239521
0.9970059880239521
0.9970059880239521
0.9970059880239521
0.9970059880239521
0.9970059880239521
0.9970059880239521
0.9970059880239521
0.9970059880239521
0.9970059880239521
0.9970059880239521
0.9970059880239521
0.9970059880239521
0.9970059880239521
0.9970059880239521
0.9970059880239521
0.9970059880239521
0.9970059880239521
0.9970059880239521
0.9970059880239521
0.9970059880239521
0.9970059880239521
0.9970059880239521
0.9970059880239521
0.9970059880239521
0.9970059880239521
0.9970059880239521
0.9970059880239521
0.9970059880239521
0.9970059880239521
0.9970059880239521
0.9970059880239521
0.9970059880239521
0.9970059880239521
0.9970059880239521
0.9970059880239521
0.9970059880239521
0.9970059880239521
0.9970059880239521
0.9970059880239521
0.9970059880239521
0.9970059880239521
0.9970059880239521
0.9970059880239521
0.9970059880239521
0.9970059880239521
0.9970059880239521
0.9970059880239521
0.9970059880239521
0.9970059880239521
0.9970059880239521
0.9970059880239521
0.9970059880239521
0.9970059880239521
0.9970059880239521
0.9970059880239521
0.9970059880239521
0.9970059880239521
0.9970059880239521
0.9970059880239521
0.9970059880239521
0.9970059880239521
0.9970059880239521
0.9970059880239521
0.9970059880239521
0.9970059880239521
0.9970059880239521
0.9970059880239521
0.9970059880239521
0.9970059880239521
0.9970059880239521
0.9970059880239521
0.9970059880239521
0.9970059880239521
0.9970059880239521
0.9970059880239521
0.9970059880239521
0.9970059880239521
0.9970059880239521
0.9970059880239521
0.9970059880239521
0.9970059880239521
0.9970059880239521
0.9970059880239521
0.9970059880239521
0.9970059880239521
0.9970059880239521
0.9970059880239521
0.9970059880239521
0.9970059880239521
0.9970059880239521
0.9970059880239521
0.9970059880239521
0.9970059880239521
0.9970059880239521
0.9970059880239521
0.9970059880239521
0.9970059880239521
0.9970059880239521
0.9970059880239521
0.9970059880239521
0.9970059880239521
0.9970059880239521
0.9970059880239521
0.9970059880239521
0.9970059880239521
0.9970059880239521
0.9970059880239521
0.9970059880239521
0.9970059880239521
0.9970059880239521
0.9970059880239521
0.9970059880239521
0.9970059880239521
0.9970059880239521
0.9970059880239521
0.9970059880239521
0.9970059880239521
0.9970059880239521
0.9970059880239521
0.9970059880239521
0.9970059880239521
0.9970059880239521
0.9970059880239521
0.9970059880239521
0.9970059880239521
0.9970059880239521
0.9970059880239521
0.9970059880239521
0.9970059880239521
0.9970059880239521
0.9970059880239521
0.9970059880239521
0.9970059880239521
0.9970059880239521
0.9970059880239521
0.9970059880239521
0.9970059880239521
0.9970059880239521
0.9970059880239521
0.9970059880239521
0.9970059880239521
0.9970059880239521
0.9970059880239521
0.9970059880239521
0.9970059880239521
0.9970059880239521
0.9970059880239521
0.9970059880239521
0.9970059880239521
0.9970059880239521
0.9970059880239521
0.9970059880239521
0.9970059880239521
0.9970059880239521
0.9970059880239521
0.9970059880239521
0.9970059880239521
0.9970059880239521
0.9970059880239521
0.9970059880239521
0.9970059880239521
0.9970059880239521
0.9970059880239521
0.9970059880239521
0.9970059880239521
0.9970059880239521
0.9970059880239521
0.9970059880239521
0.9970059880239521
0.9970059880239521
0.9970059880239521
0.9970059880239521
0.9970059880239521
0.9970059880239521
0.9970059880239521
0.9970059880239521
0.9970059880239521
0.9970059880239521
0.9970059880239521
0.9970059880239521
0.9970059880239521
0.9970059880239521
0.9970059880239521
0.9970059880239521
0.9970059880239521
0.9970059880239521
0.9970059880239521
0.9970059880239521
0.9970059880239521
0.9970059880239521
0.9970059880239521
0.9970059880239521
0.9970059880239521
0.9970059880239521
0.9970059880239521
0.9970059880239521
0.9970059880239521
0.9970059880239521
0.9970059880239521
0.9970059880239521
0.9970059880239521
0.9970059880239521
0.9970059880239521
0.9970059880239521
0.9970059880239521
0.9970059880239521
0.9970059880239521
0.9970059880239521
0.9970059880239521
0.9970059880239521
0.9970059880239521
0.9970059880239521
0.9970059880239521
0.9970059880239521
0.9970059880239521
0.9970059880239521
0.9970059880239521
0.9970059880239521
0.9970059880239521
0.9970059880239521
0.9970059880239521
0.9970059880239521
0.9970059880239521
0.9970059880239521
0.9970059880239521
0.9970059880239521
0.9970059880239521
0.9970059880239521
0.9970059880239521
0.9970059880239521
0.9970059880239521
0.9970059880239521
0.9970059880239521
0.9970059880239521
0.9970059880239521
0.9970059880239521
0.9970059880239521
0.9970059880239521
0.9970059880239521
0.9970059880239521
0.9970059880239521
0.9970059880239521
0.9970059880239521
0.9970059880239521
0.9970059880239521
0.9970059880239521
0.9970059880239521
0.9970059880239521
0.9970059880239521
0.9970059880239521
0.9970059880239521
0.9970059880239521
0.9970059880239521
0.9970059880239521
0.9970059880239521
0.9970059880239521
0.9970059880239521
0.9970059880239521
0.9970059880239521
0.9970059880239521
0.9970059880239521
0.9970059880239521
0.9970059880239521
0.9970059880239521
0.9970059880239521
0.9970059880239521
0.9970059880239521
0.9970059880239521
0.9970059880239521
0.9970059880239521
0.9970059880239521
0.9970059880239521
0.9970059880239521
0.9970059880239521
0.9970059880239521
0.9970059880239521
0.9970059880239521
0.9970059880239521
0.9970059880239521
0.9970059880239521
0.9970059880239521
0.9970059880239521
0.9970059880239521
0.9970059880239521
0.9970059880239521
0.9970059880239521
0.9970059880239521
0.9970059880239521
0.9970059880239521
0.9970059880239521
0.9970059880239521
0.9970059880239521
0.9970059880239521
0.9970059880239521
0.9970059880239521
0.9970059880239521
0.9970059880239521
0.9970059880239521
0.9970059880239521
0.9970059880239521
0.9970059880239521
0.9970059880239521
0.9970059880239521
0.9970059880239521
0.9970059880239521
0.9970059880239521
0.9970059880239521
0.9970059880239521
0.9970059880239521
0.9970059880239521
0.9970059880239521
0.9970059880239521
0.9970059880239521
0.9970059880239521
0.9970059880239521
0.9970059880239521
0.9970059880239521
0.9970059880239521
0.9970059880239521
0.9970059880239521
0.9970059880239521
0.9970059880239521
0.9970059880239521
0.9970059880239521
0.9970059880239521
0.9970059880239521
0.9970059880239521
0.9970059880239521
0.9970059880239521
0.9970059880239521
0.9970059880239521
0.9970059880239521
0.9970059880239521
0.9970059880239521
0.9970059880239521
0.9970059880239521
0.9970059880239521
0.9970059880239521
0.9970059880239521
0.9970059880239521
0.9970059880239521
0.9970059880239521
0.9970059880239521
0.9970059880239521
0.9970059880239521
0.9970059880239521
0.9970059880239521
0.9970059880239521
0.9970059880239521
0.9970059880239521
0.9970059880239521
0.9970059880239521
0.9970059880239521
0.9970059880239521
0.9970059880239521
0.9970059880239521
0.9970059880239521
0.9970059880239521
0.9970059880239521
0.9970059880239521
0.9970059880239521
0.9970059880239521
0.9970059880239521
0.9970059880239521
0.9970059880239521
0.9970059880239521
0.9970059880239521
0.9970059880239521
0.9970059880239521
0.9970059880239521
0.9970059880239521
0.9970059880239521
0.9970059880239521
0.9970059880239521
0.9970059880239521
0.9970059880239521
0.9970059880239521
0.9970059880239521
0.9970059880239521
0.9970059880239521
0.9970059880239521
0.9970059880239521
0.9970059880239521
0.9970059880239521
0.9970059880239521
0.9970059880239521
0.9970059880239521
0.9970059880239521
0.9970059880239521
0.9970059880239521
0.9970059880239521
0.9970059880239521
0.9970059880239521
0.9970059880239521
0.9970059880239521
0.9970059880239521
0.9970059880239521
0.9970059880239521
0.9970059880239521
0.9970059880239521
0.9970059880239521
0.9970059880239521
0.9970059880239521
0.9970059880239521
0.9970059880239521
0.9970059880239521
0.9970059880239521
0.9970059880239521
0.9970059880239521
0.9970059880239521
0.9970059880239521
0.9970059880239521
0.9970059880239521
0.9970059880239521
0.9970059880239521
0.9970059880239521
0.9970059880239521
0.9970059880239521
0.9970059880239521
0.9970059880239521
0.9970059880239521
0.9970059880239521
0.9970059880239521
0.9970059880239521
0.9970059880239521
0.9970059880239521
0.9970059880239521
0.9970059880239521
0.9970059880239521
0.9970059880239521
0.9970059880239521
0.9970059880239521
0.9970059880239521
0.9970059880239521
0.9970059880239521
0.9970059880239521
0.9970059880239521
0.9970059880239521
0.9970059880239521
0.9970059880239521
0.9970059880239521
0.9970059880239521
0.9970059880239521
0.9970059880239521
0.9970059880239521
0.9970059880239521
0.9970059880239521
0.9970059880239521
0.9970059880239521
0.9970059880239521
0.9970059880239521
0.9970059880239521
0.9970059880239521
0.9970059880239521
0.9970059880239521
0.9970059880239521
0.9970059880239521
0.9970059880239521
0.9970059880239521
0.9970059880239521
0.9970059880239521
0.9970059880239521
0.9970059880239521
0.9970059880239521
0.9970059880239521
0.9970059880239521
0.9970059880239521
0.9970059880239521
0.9970059880239521
0.9970059880239521
0.9970059880239521
0.9970059880239521
0.9970059880239521
0.9970059880239521
0.9970059880239521
0.9970059880239521
0.9970059880239521
0.9970059880239521
0.9970059880239521
0.9970059880239521
0.9970059880239521
0.9970059880239521
0.9970059880239521
0.9970059880239521
0.9970059880239521
0.9970059880239521
0.9970059880239521
0.9970059880239521
0.9970059880239521
0.9970059880239521
0.9970059880239521
0.9970059880239521
0.9970059880239521
0.9970059880239521
0.9970059880239521
0.9970059880239521
0.9970059880239521
0.9970059880239521
0.9970059880239521
0.9970059880239521
0.9970059880239521
0.9970059880239521
0.9970059880239521
0.9970059880239521
0.9970059880239521
0.9970059880239521
0.9970059880239521
0.9970059880239521
0.9970059880239521
0.9970059880239521
0.9970059880239521
0.9970059880239521
0.9970059880239521
0.9970059880239521
0.9970059880239521
0.9970059880239521
0.9970059880239521
0.9970059880239521
0.9970059880239521
0.9970059880239521
0.9970059880239521
0.9970059880239521
0.9970059880239521
0.9970059880239521
0.9970059880239521
0.9970059880239521
0.9970059880239521
0.9970059880239521
0.9970059880239521
0.9970059880239521
0.9970059880239521
0.9970059880239521
0.9970059880239521
0.9970059880239521
0.9970059880239521
0.9970059880239521
0.9970059880239521
0.9970059880239521
0.9970059880239521
0.9970059880239521
0.9970059880239521
0.9970059880239521
0.9970059880239521
0.9970059880239521
0.9970059880239521
0.9970059880239521
0.9970059880239521
0.9970059880239521
0.9970059880239521
0.9970059880239521
0.9970059880239521
0.9970059880239521
0.9970059880239521
0.9970059880239521
0.9970059880239521
0.9970059880239521
0.9970059880239521
0.9970059880239521
0.9970059880239521
0.9970059880239521
0.9970059880239521
0.9970059880239521
0.9970059880239521
0.9970059880239521
0.9970059880239521
0.9970059880239521
0.9970059880239521
0.9970059880239521
0.9970059880239521
0.9970059880239521
0.9970059880239521
0.9970059880239521
0.9970059880239521
0.9970059880239521
0.9970059880239521
0.9970059880239521
0.9970059880239521
0.9970059880239521
0.9970059880239521
0.9970059880239521
0.9970059880239521
0.9970059880239521
0.9970059880239521
0.9970059880239521
0.9970059880239521
0.9970059880239521
0.9970059880239521
0.9970059880239521
0.9970059880239521
0.9970059880239521
0.9970059880239521
0.9970059880239521
0.9970059880239521
0.9970059880239521
0.9970059880239521
0.9970059880239521
0.9970059880239521
0.9970059880239521
0.9970059880239521
0.9970059880239521
0.9970059880239521
0.9970059880239521
0.9970059880239521
0.9970059880239521
0.9970059880239521
0.9970059880239521
0.9970059880239521
0.9970059880239521
0.9970059880239521
0.9970059880239521
0.9970059880239521
0.9970059880239521
0.9970059880239521
0.9970059880239521
0.9970059880239521
0.9970059880239521
0.9970059880239521
0.9970059880239521
0.9970059880239521
0.9970059880239521
0.9970059880239521
0.9970059880239521
0.9970059880239521
0.9970059880239521
0.9970059880239521
0.9970059880239521
0.9970059880239521
0.9970059880239521
0.9970059880239521
0.9970059880239521
0.9970059880239521
0.9970059880239521
0.9970059880239521
0.9970059880239521
0.9970059880239521
0.9970059880239521
0.9970059880239521
0.9970059880239521
0.9970059880239521
0.9970059880239521
0.9970059880239521
0.9970059880239521
0.9970059880239521
0.9970059880239521
0.9970059880239521
0.9970059880239521
0.9970059880239521
0.9970059880239521
0.9970059880239521
0.9970059880239521
0.9970059880239521
0.9970059880239521
0.9970059880239521
0.9970059880239521
0.9970059880239521
0.9970059880239521
0.9970059880239521
0.9970059880239521
0.9970059880239521
0.9970059880239521
0.9970059880239521
0.9970059880239521
0.9970059880239521
0.9970059880239521
0.9970059880239521
0.9970059880239521
0.9970059880239521
0.9970059880239521
0.9970059880239521
0.9970059880239521
0.9970059880239521
0.9970059880239521
0.9970059880239521
0.9970059880239521
0.9970059880239521
0.9970059880239521
0.9970059880239521
0.9970059880239521
0.9970059880239521
0.9970059880239521
0.9970059880239521
0.9970059880239521
0.9970059880239521
0.9970059880239521
0.9970059880239521
0.9970059880239521
0.9970059880239521
0.9970059880239521
0.9970059880239521
0.9970059880239521
0.9970059880239521
0.9970059880239521
0.9970059880239521
0.9970059880239521
0.9970059880239521
0.9970059880239521
0.9970059880239521
0.9970059880239521
0.9970059880239521
0.9970059880239521
0.9970059880239521
0.9970059880239521
0.9970059880239521
0.9970059880239521
0.9970059880239521
0.9970059880239521
0.9970059880239521
0.9970059880239521
0.9970059880239521
0.9970059880239521
0.9970059880239521
0.9970059880239521
0.9970059880239521
0.9970059880239521
0.9970059880239521
0.9970059880239521
0.9970059880239521
0.9970059880239521
0.9970059880239521
0.9970059880239521
0.9970059880239521
0.9970059880239521
0.9970059880239521
0.9970059880239521
0.9970059880239521
0.9970059880239521
0.9970059880239521
0.9970059880239521
0.9970059880239521
0.9970059880239521
0.9970059880239521
0.9970059880239521
0.9970059880239521
0.9970059880239521
0.9970059880239521
0.9970059880239521
0.9970059880239521
0.9970059880239521
0.9970059880239521
0.9970059880239521
0.9970059880239521
0.9970059880239521
0.9970059880239521
0.9970059880239521
0.9970059880239521
0.9970059880239521
0.9970059880239521
0.9970059880239521
0.9970059880239521
0.9970059880239521
0.9970059880239521
0.9970059880239521
0.9970059880239521
0.9970059880239521
0.9970059880239521
0.9970059880239521
0.9970059880239521
0.9970059880239521
0.9970059880239521
0.9970059880239521
0.9970059880239521
0.9970059880239521
0.9970059880239521
0.9970059880239521
0.9970059880239521
0.9970059880239521
0.9970059880239521
0.9970059880239521
0.9970059880239521
0.9970059880239521
0.9970059880239521
0.9970059880239521
0.9970059880239521
0.9970059880239521
0.9970059880239521
0.9970059880239521
0.9970059880239521
0.9970059880239521
0.9970059880239521
0.9970059880239521
0.9970059880239521
0.9970059880239521
0.9970059880239521
0.9970059880239521
0.9970059880239521
0.9970059880239521
0.9970059880239521
0.9970059880239521
0.9970059880239521
0.9970059880239521
0.9970059880239521
0.9970059880239521
0.9970059880239521
0.9970059880239521
0.9970059880239521
0.9970059880239521
0.9970059880239521
0.9970059880239521
0.9970059880239521
0.9970059880239521
0.9970059880239521
0.9970059880239521
0.9970059880239521
0.9970059880239521
0.9970059880239521
0.9970059880239521
0.9970059880239521
0.9970059880239521
0.9970059880239521
0.9970059880239521
0.9970059880239521
0.9970059880239521
0.9970059880239521
0.9970059880239521
0.9970059880239521
0.9970059880239521
0.9970059880239521
0.9970059880239521
0.9970059880239521
0.9970059880239521
0.9970059880239521
0.9970059880239521
0.9970059880239521
0.9970059880239521
0.9970059880239521
0.9970059880239521
0.9970059880239521
0.9970059880239521
0.9970059880239521
0.9970059880239521
0.9970059880239521
0.9970059880239521
0.9970059880239521
1.0
