0.0
0.0
0.0
0.0
0.0
0.0
0.05263157894736842
0.05263157894736842
0.07894736842105263
0.13157894736842105
0.15789473684210525
0.15789473684210525
0.15789473684210525
0.15789473684210525
0.21052631578947367
0.21052631578947367
0.21052631578947367
0.21052631578947367
0.23684210526315788
0.23684210526315788
0.23684210526315788
0.23684210526315788
0.23684210526315788
0.23684210526315788
0.2894736842105263
0.3157894736842105
0.3157894736842105
0.3157894736842105
0.34210526315789475
0.34210526315789475
0.34210526315789475
0.34210526315789475
0.3684210526315789
0.3684210526315789
0.3684210526315789
0.3684210526315789
0.3684210526315789
0.3684210526315789
0.3684210526315789
0.3684210526315789
0.3684210526315789
0.3684210526315789
0.3684210526315789
0.3684210526315789
0.3684210526315789
0.3684210526315789
0.3684210526315789
0.3684210526315789
0.42105263157894735
0.42105263157894735
0.42105263157894735
0.42105263157894735
0.42105263157894735
0.42105263157894735
0.42105263157894735
0.42105263157894735
0.47368421052631576
0.47368421052631576
0.47368421052631576
0.47368421052631576
0.5263157894736842
0.5263157894736842
0.5263157894736842
0.5263157894736842
0.5263157894736842
0.5263157894736842
0.5263157894736842
0.5263157894736842
0.5263157894736842
0.5263157894736842
0.5263157894736842
0.5263157894736842
0.5263157894736842
0.5263157894736842
0.5526315789473685
0.5526315789473685
0.5526315789473685
0.5526315789473685
0.5526315789473685
0.5526315789473685
0.5526315789473685
0.5526315789473685
0.5526315789473685
0.5526315789473685
0.5526315789473685
0.5526315789473685
0.5526315789473685
0.5526315789473685
0.5526315789473685
0.5526315789473685
0.5526315789473685
0.5526315789473685
0.5526315789473685
0.5526315789473685
0.5526315789473685
0.5526315789473685
0.5526315789473685
0.5526315789473685
0.5526315789473685
0.5526315789473685
0.5526315789473685
0.5526315789473685
0.5526315789473685
0.5526315789473685
0.5526315789473685
0.5526315789473685
0.5526315789473685
0.5526315789473685
0.5526315789473685
0.5526315789473685
0.5526315789473685
0.5526315789473685
0.5526315789473685
0.5526315789473685
0.5526315789473685
0.5526315789473685
0.5526315789473685
0.5526315789473685
0.5526315789473685
0.5526315789473685
0.5526315789473685
0.5526315789473685
0.5526315789473685
0.5526315789473685
0.5526315789473685
0.5526315789473685
0.5526315789473685
0.5526315789473685
0.5526315789473685
0.5526315789473685
0.5526315789473685
0.5526315789473685
0.5526315789473685
0.5526315789473685
0.5526315789473685
0.5526315789473685
0.5526315789473685
0.5526315789473685
0.5526315789473685
0.5526315789473685
0.5526315789473685
0.5526315789473685
0.5526315789473685
0.5526315789473685
0.5526315789473685
0.5526315789473685
0.5526315789473685
0.5526315789473685
0.5526315789473685
0.5526315789473685
0.5526315789473685
0.5526315789473685
0.5526315789473685
0.5526315789473685
0.5526315789473685
0.5526315789473685
0.5526315789473685
0.5526315789473685
0.5526315789473685
0.5526315789473685
0.5789473684210527
0.5789473684210527
0.5789473684210527
0.5789473684210527
0.5789473684210527
0.5789473684210527
0.5789473684210527
0.5789473684210527
0.5789473684210527
0.5789473684210527
0.5789473684210527
0.5789473684210527
0.5789473684210527
0.5789473684210527
0.5789473684210527
0.5789473684210527
0.5789473684210527
0.5789473684210527
0.5789473684210527
0.5789473684210527
0.5789473684210527
0.5789473684210527
0.5789473684210527
0.5789473684210527
0.5789473684210527
0.5789473684210527
0.5789473684210527
0.5789473684210527
0.5789473684210527
0.5789473684210527
0.5789473684210527
0.5789473684210527
0.5789473684210527
0.5789473684210527
0.5789473684210527
0.5789473684210527
0.5789473684210527
0.5789473684210527
0.5789473684210527
0.5789473684210527
0.5789473684210527
0.5789473684210527
0.5789473684210527
0.5789473684210527
0.5789473684210527
0.5789473684210527
0.5789473684210527
0.5789473684210527
0.5789473684210527
0.5789473684210527
0.5789473684210527
0.5789473684210527
0.5789473684210527
0.5789473684210527
0.5789473684210527
0.5789473684210527
0.5789473684210527
0.5789473684210527
0.5789473684210527
0.5789473684210527
0.5789473684210527
0.5789473684210527
0.5789473684210527
0.5789473684210527
0.5789473684210527
0.5789473684210527
0.5789473684210527
0.5789473684210527
0.5789473684210527
0.5789473684210527
0.5789473684210527
0.5789473684210527
0.5789473684210527
0.5789473684210527
0.5789473684210527
0.5789473684210527
0.5789473684210527
0.5789473684210527
0.5789473684210527
0.5789473684210527
0.5789473684210527
0.5789473684210527
0.5789473684210527
0.5789473684210527
0.5789473684210527
0.5789473684210527
0.5789473684210527
0.5789473684210527
0.5789473684210527
0.5789473684210527
0.5789473684210527
0.5789473684210527
0.5789473684210527
0.5789473684210527
0.5789473684210527
0.5789473684210527
0.5789473684210527
0.5789473684210527
0.5789473684210527
0.5789473684210527
0.5789473684210527
0.5789473684210527
0.5789473684210527
0.5789473684210527
0.5789473684210527
0.5789473684210527
0.5789473684210527
0.5789473684210527
0.5789473684210527
0.5789473684210527
0.5789473684210527
0.5789473684210527
0.5789473684210527
0.5789473684210527
0.5789473684210527
0.5789473684210527
0.5789473684210527
0.5789473684210527
0.5789473684210527
0.5789473684210527
0.5789473684210527
0.5789473684210527
0.5789473684210527
0.5789473684210527
0.5789473684210527
0.5789473684210527
0.5789473684210527
0.5789473684210527
0.5789473684210527
0.5789473684210527
0.5789473684210527
0.5789473684210527
0.5789473684210527
0.5789473684210527
0.5789473684210527
0.5789473684210527
0.5789473684210527
0.5789473684210527
0.5789473684210527
0.5789473684210527
0.5789473684210527
0.5789473684210527
0.5789473684210527
0.5789473684210527
0.5789473684210527
0.5789473684210527
0.5789473684210527
0.5789473684210527
0.5789473684210527
0.5789473684210527
0.5789473684210527
0.5789473684210527
0.5789473684210527
0.5789473684210527
0.5789473684210527
0.5789473684210527
0.5789473684210527
0.5789473684210527
0.5789473684210527
0.5789473684210527
0.5789473684210527
0.5789473684210527
0.5789473684210527
0.5789473684210527
0.5789473684210527
0.5789473684210527
0.5789473684210527
0.5789473684210527
0.5789473684210527
0.5789473684210527
0.5789473684210527
0.5789473684210527
0.5789473684210527
0.5789473684210527
0.5789473684210527
0.5789473684210527
0.5789473684210527
0.5789473684210527
0.5789473684210527
0.5789473684210527
0.5789473684210527
0.5789473684210527
0.5789473684210527
0.5789473684210527
0.5789473684210527
0.5789473684210527
0.5789473684210527
0.5789473684210527
0.5789473684210527
0.5789473684210527
0.5789473684210527
0.5789473684210527
0.5789473684210527
0.5789473684210527
0.5789473684210527
0.5789473684210527
0.5789473684210527
0.5789473684210527
0.5789473684210527
0.5789473684210527
0.5789473684210527
0.5789473684210527
0.5789473684210527
0.5789473684210527
0.5789473684210527
0.5789473684210527
0.5789473684210527
0.5789473684210527
0.5789473684210527
0.5789473684210527
0.5789473684210527
0.5789473684210527
0.5789473684210527
0.5789473684210527
0.5789473684210527
0.5789473684210527
0.5789473684210527
0.5789473684210527
0.5789473684210527
0.5789473684210527
0.5789473684210527
0.5789473684210527
0.5789473684210527
0.5789473684210527
0.5789473684210527
0.5789473684210527
0.5789473684210527
0.5789473684210527
0.5789473684210527
0.5789473684210527
0.5789473684210527
0.5789473684210527
0.5789473684210527
0.5789473684210527
0.5789473684210527
0.5789473684210527
0.5789473684210527
0.5789473684210527
0.5789473684210527
0.5789473684210527
0.5789473684210527
0.5789473684210527
0.5789473684210527
0.5789473684210527
0.5789473684210527
0.5789473684210527
0.5789473684210527
0.5789473684210527
0.5789473684210527
0.5789473684210527
0.5789473684210527
0.5789473684210527
0.5789473684210527
0.5789473684210527
0.5789473684210527
0.5789473684210527
0.5789473684210527
0.5789473684210527
0.5789473684210527
0.5789473684210527
0.5789473684210527
0.5789473684210527
0.5789473684210527
0.5789473684210527
0.5789473684210527
0.5789473684210527
0.5789473684210527
0.5789473684210527
0.5789473684210527
0.5789473684210527
0.5789473684210527
0.5789473684210527
0.5789473684210527
0.5789473684210527
0.