0.08333333333333333
0.08333333333333333
0.08333333333333333
0.08333333333333333
0.08333333333333333
0.08333333333333333
0.16666666666666666
0.16666666666666666
0.2916666666666667
0.3333333333333333
0.3333333333333333
0.3333333333333333
0.4166666666666667
0.4166666666666667
0.4166666666666667
0.5
0.5
0.5
0.625
0.625
0.6666666666666666
0.6666666666666666
0.7916666666666666
0.7916666666666666
0.7916666666666666
0.875
0.875
0.875
0.875
0.875
0.875
0.875
0.875
0.875
0.875
0.9166666666666666
0.9166666666666666
0.9166666666666666
0.9166666666666666
0.9583333333333334
0.9583333333333334
0.9583333333333334
0.9583333333333334
0.9583333333333334
0.9583333333333334
0.9583333333333334
0.9583333333333334
0.9583333333333334
0.9583333333333334
0.9583333333333334
0.9583333333333334
0.9583333333333334
0.9583333333333334
0.9583333333333334
1.0
