0.0546875
0.0546875
0.0703125
0.0859375
0.09375
0.109375
0.140625
0.15625
0.1640625
0.171875
0.1953125
0.2265625
0.234375
0.2578125
0.296875
0.375
0.390625
0.3984375
0.4140625
0.4140625
0.4453125
0.5
0.5234375
0.53125
0.546875
0.5546875
0.5625
0.5703125
0.5703125
0.5703125
0.578125
0.578125
0.578125
0.5859375
0.59375
0.59375
0.609375
0.609375
0.6171875
0.6328125
0.640625
0.640625
0.6875
0.6875
0.6875
0.703125
0.71875
0.71875
0.71875
0.71875
0.7421875
0.7421875
0.7578125
0.7578125
0.765625
0.78125
0.7890625
0.8046875
0.828125
0.828125
0.828125
0.828125
0.828125
0.828125
0.828125
0.84375
0.84375
0.84375
0.84375
0.859375
0.8671875
0.8671875
0.8671875
0.8671875
0.8671875
0.875
0.875
0.8984375
0.8984375
0.8984375
0.90625
0.90625
0.90625
0.90625
0.90625
0.9140625
0.9140625
0.921875
0.921875
0.921875
0.921875
0.921875
0.921875
0.921875
0.921875
0.921875
0.921875
0.921875
0.921875
0.921875
0.9296875
0.9296875
0.9296875
0.9296875
0.9296875
0.9296875
0.9296875
0.9296875
0.9296875
0.9296875
0.9296875
0.9296875
0.9296875
0.9296875
0.9296875
0.9296875
0.9296875
0.9453125
0.9453125
0.9453125
0.9453125
0.9453125
0.9453125
0.9453125
0.9453125
0.9453125
0.9453125
0.9453125
0.9453125
0.9453125
0.953125
0.953125
0.953125
0.953125
0.953125
0.953125
0.953125
0.953125
0.953125
0.953125
0.953125
0.953125
0.953125
0.9609375
0.9609375
0.9609375
0.9609375
0.9609375
0.9609375
0.9609375
0.9609375
0.9609375
0.9609375
0.96875
0.96875
0.96875
0.9765625
0.9765625
0.9765625
0.9765625
0.9765625
0.9765625
0.9765625
0.9765625
0.9765625
0.9765625
0.9765625
0.9765625
0.9765625
0.9765625
0.9765625
0.9765625
0.9765625
0.9765625
0.984375
0.984375
0.9921875
0.9921875
0.9921875
0.9921875
0.9921875
0.9921875
0.9921875
0.9921875
0.9921875
0.9921875
0.9921875
0.9921875
0.9921875
0.9921875
0.9921875
0.9921875
0.9921875
0.9921875
0.9921875
0.9921875
0.9921875
0.9921875
0.9921875
0.9921875
0.9921875
0.9921875
0.9921875
0.9921875
0.9921875
0.9921875
0.9921875
0.9921875
0.9921875
1.0
