0.05405405405405406
0.14864864864864866
0.20945945945945946
0.33783783783783783
0.40540540540540543
0.4189189189189189
0.5202702702702703
0.5608108108108109
0.5743243243243243
0.6824324324324325
0.7162162162162162
0.7364864864864865
0.7905405405405406
0.8040540540540541
0.8378378378378378
0.8445945945945946
0.8445945945945946
0.8445945945945946
0.8513513513513513
0.8581081081081081
0.8648648648648649
0.8716216216216216
0.8716216216216216
0.8783783783783784
0.8851351351351351
0.918918918918919
0.918918918918919
0.918918918918919
0.918918918918919
0.918918918918919
0.918918918918919
0.9256756756756757
0.9256756756756757
0.9256756756756757
0.9256756756756757
0.9391891891891891
0.9459459459459459
0.9594594594594594
0.9594594594594594
0.9594594594594594
0.9594594594594594
0.9594594594594594
0.9594594594594594
0.9662162162162162
0.9797297297297297
0.9797297297297297
0.9797297297297297
0.9797297297297297
0.9797297297297297
0.9797297297297297
0.9797297297297297
0.9797297297297297
0.9797297297297297
0.9864864864864865
0.9864864864864865
0.9864864864864865
0.9864864864864865
0.9864864864864865
0.9864864864864865
0.9864864864864865
0.9864864864864865
0.9932432432432432
0.9932432432432432
0.9932432432432432
0.9932432432432432
0.9932432432432432
1.0
