0.07407407407407407
0.07407407407407407
0.07407407407407407
0.07407407407407407
0.25925925925925924
0.25925925925925924
0.37037037037037035
0.37037037037037035
0.4074074074074074
0.48148148148148145
0.48148148148148145
0.48148148148148145
0.5555555555555556
0.5555555555555556
0.5925925925925926
0.6666666666666666
0.7407407407407407
0.7407407407407407
0.7777777777777778
0.7777777777777778
0.7777777777777778
0.8148148148148148
0.8518518518518519
0.8518518518518519
0.8518518518518519
0.8888888888888888
0.9259259259259259
0.9259259259259259
0.9259259259259259
0.9259259259259259
0.9259259259259259
0.9259259259259259
0.9259259259259259
0.9259259259259259
0.9259259259259259
0.9259259259259259
1.0
