0.037037037037037035
0.037037037037037035
0.037037037037037035
0.2777777777777778
0.2777777777777778
0.2777777777777778
0.46296296296296297
0.46296296296296297
0.46296296296296297
0.5185185185185185
0.5185185185185185
0.5185185185185185
0.5740740740740741
0.5740740740740741
0.5740740740740741
0.5740740740740741
0.5740740740740741
0.5740740740740741
0.5740740740740741
0.5740740740740741
0.5740740740740741
0.5740740740740741
0.5740740740740741
0.5740740740740741
0.5740740740740741
0.5740740740740741
0.5740740740740741
0.5740740740740741
0.5740740740740741
0.5740740740740741
0.5740740740740741
0.5740740740740741
0.5740740740740741
0.5740740740740741
0.5740740740740741
0.5740740740740741
0.5740740740740741
0.5740740740740741
0.5740740740740741
0.5740740740740741
0.5740740740740741
0.5740740740740741
0.5740740740740741
0.5740740740740741
0.5740740740740741
0.5740740740740741
0.5740740740740741
0.5740740740740741
0.5740740740740741
0.5740740740740741
0.5740740740740741
0.5740740740740741
0.5740740740740741
0.5740740740740741
0.5740740740740741
0.5740740740740741
0.5740740740740741
0.5740740740740741
0.5740740740740741
0.5740740740740741
0.5740740740740741
0.5740740740740741
0.5740740740740741
0.5740740740740741
0.5740740740740741
0.5740740740740741
0.5740740740740741
0.5740740740740741
0.5740740740740741
0.5740740740740741
0.5740740740740741
0.5740740740740741
0.5740740740740741
0.5740740740740741
0.5740740740740741
0.5740740740740741
0.5740740740740741
0.5740740740740741
0.5740740740740741
0.5740740740740741
0.5740740740740741
0.5740740740740741
0.5740740740740741
0.5740740740740741
0.5740740740740741
0.5740740740740741
0.5740740740740741
0.5740740740740741
0.5740740740740741
0.5740740740740741
0.5740740740740741
0.5740740740740741
0.5740740740740741
0.5740740740740741
0.5740740740740741
0.5740740740740741
0.5740740740740741
0.5740740740740741
0.5740740740740741
0.5740740740740741
0.5740740740740741
0.5740740740740741
0.5740740740740741
0.5740740740740741
0.5740740740740741
0.5740740740740741
0.5740740740740741
0.5740740740740741
0.5740740740740741
0.5740740740740741
0.5740740740740741
0.5740740740740741
0.5740740740740741
0.5740740740740741
0.5740740740740741
0.5740740740740741
0.5740740740740741
0.5740740740740741
0.5740740740740741
0.5740740740740741
0.5740740740740741
0.5740740740740741
0.5740740740740741
0.5740740740740741
0.5740740740740741
0.5740740740740741
0.5740740740740741
0.5740740740740741
0.5740740740740741
0.5740740740740741
0.5740740740740741
0.5740740740740741
0.5740740740740741
0.5740740740740741
0.5740740740740741
0.5740740740740741
0.5740740740740741
